function mpc = case_ieee123_storage_914
%CASE_IEEE123_STORAGE_914

%% MATPOWER Case Format : Version 2
mpc.version = '2';

%%-----  Power Flow Data  -----%%
%% system MVA base
mpc.baseMVA = 1;

%% bus data
%	bus_i	type	Pd	Qd	Gs	Bs	area	Vm	Va	baseKV	zone	Vmax	Vmin
mpc.bus = [
	1	3	0.565	0.2825	0	0	1	1	0	4.16	1	1.2	0.8;
	2	1	-1.75	-0.875	0	0	1	1	0	4.16	1	1.2	0.8;
	3	1	-1.081	-0.5405	0	0	1	1	0	4.16	1	1.2	0.8;
	4	1	0.399	0.1995	0	0	1	1	0	4.16	1	1.2	0.8;
	5	1	-0.288	-0.144	0	0	1	1	0	4.16	1	1.2	0.8;
	6	1	0.247	0.1235	0	0	1	1	0	4.16	1	1.2	0.8;
	7	1	3.419	1.7095	0	0	1	1	0	4.16	1	1.2	0.8;
	8	1	0	0	0	0	1	1	0	4.16	1	1.2	0.8;
	9	1	-1.462	-0.731	0	0	1	1	0	4.16	1	1.2	0.8;
	10	1	0.384	0.192	0	0	1	1	0	4.16	1	1.2	0.8;
	11	1	0.876	0.438	0	0	1	1	0	4.16	1	1.2	0.8;
	12	1	0	0	0	0	1	1	0	4.16	1	1.2	0.8;
	13	1	0.047	0.0235	0	0	1	1	0	4.16	1	1.2	0.8;
	14	1	0.233	0.1165	0	0	1	1	0	4.16	1	1.2	0.8;
	15	1	0.174	0.087	0	0	1	1	0	4.16	1	1.2	0.8;
];

%% generator data
%	bus	Pg	Qg	Qmax	Qmin	Vg	mBase	status	Pmax	Pmin	Pc1	Pc2	Qc1min	Qc1max	Qc2min	Qc2max	ramp_agc	ramp_10	ramp_30	ramp_q	apf
mpc.gen = [
	1	17.068	0	200	-200	1	1	1	200	-200	0	0	0	0	0	0	10	0	0	0	0;
];

%% branch data
%	fbus	tbus	r	x	b	rateA	rateB	rateC	ratio	angle	status	angmin	angmax
mpc.branch = [
	15	1	0.0013398623	0.0027450827	3.02770272e-08	100	100	100	0	0	1	-80	80;
	1	2	0.0013398623	0.0027450827	3.02770272e-08	100	100	100	0	0	1	-80	80;
	2	3	0.0013398623	0.0027450827	3.02770272e-08	100	100	100	0	0	1	-80	80;
	3	4	0.0013398623	0.0027450827	3.02770272e-08	100	100	100	0	0	1	-80	80;
	4	5	0.0013398623	0.0027450827	3.02770272e-08	100	100	100	0	0	1	-80	80;
	5	6	0.0013398623	0.0027450827	3.02770272e-08	100	100	100	0	0	1	-80	80;
	6	7	0.0013398623	0.0027450827	3.02770272e-08	100	100	100	0	0	1	-80	80;
	7	8	0.0013398623	0.0027450827	3.02770272e-08	100	100	100	0	0	1	-80	80;
	8	9	0.0013398623	0.0027450827	3.02770272e-08	100	100	100	0	0	1	-80	80;
	9	10	0.0013398623	0.0027450827	3.02770272e-08	100	100	100	0	0	1	-80	80;
	10	11	0.0013398623	0.0027450827	3.02770272e-08	100	100	100	0	0	1	-80	80;
	11	12	0.0013398623	0.0027450827	3.02770272e-08	100	100	100	0	0	1	-80	80;
	12	13	0.0013398623	0.0027450827	3.02770272e-08	100	100	100	0	0	1	-80	80;
	13	14	0.0013398623	0.0027450827	3.02770272e-08	100	100	100	0	0	1	-80	80;
	14	15	0.0013398623	0.0027450827	3.02770272e-08	100	100	100	0	0	1	-80	80;
];

%%-----  OPF Data  -----%%
%% generator cost data
%	1	startup	shutdown	n	x1	y1	...	xn	yn
%	2	startup	shutdown	n	c(n-1)	...	c0
mpc.gencost = [
	2	0	0	3	0.01	40	0;
];
     %% storage data
 % hours;
mpc.time_elapsed = 0.0167
%   storage_bus  energy  energy_rating charge_rating  discharge_rating  charge_efficiency  discharge_efficiency  thermal_rating  qmin  qmax  r  x  standby_loss  status
mpc.storage = [
	 5            0.05     0.1          1             1                 0.9                0.9                   100.0        -50.0 70.0  0.1 0.0	0.05         1;
];
