function mpc = case_ieee123_storage_732
%CASE_IEEE123_STORAGE_732

%% MATPOWER Case Format : Version 2
mpc.version = '2';

%%-----  Power Flow Data  -----%%
%% system MVA base
mpc.baseMVA = 1;

%% bus data
%	bus_i	type	Pd	Qd	Gs	Bs	area	Vm	Va	baseKV	zone	Vmax	Vmin
mpc.bus = [
	1	3	1.049	0.5245	0	0	1	1	0	4.16	1	1.2	0.8;
	2	1	-0.651	-0.3255	0	0	1	1	0	4.16	1	1.2	0.8;
	3	1	-1.739	-0.8695	0	0	1	1	0	4.16	1	1.2	0.8;
	4	1	0.208	0.104	0	0	1	1	0	4.16	1	1.2	0.8;
	5	1	0.348	0.174	0	0	1	1	0	4.16	1	1.2	0.8;
	6	1	0.594	0.297	0	0	1	1	0	4.16	1	1.2	0.8;
	7	1	0.546	0.273	0	0	1	1	0	4.16	1	1.2	0.8;
	8	1	0	0	0	0	1	1	0	4.16	1	1.2	0.8;
	9	1	-2.549	-1.2745	0	0	1	1	0	4.16	1	1.2	0.8;
	10	1	0.331	0.1655	0	0	1	1	0	4.16	1	1.2	0.8;
	11	1	3.494	1.747	0	0	1	1	0	4.16	1	1.2	0.8;
	12	1	0	0	0	0	1	1	0	4.16	1	1.2	0.8;
	13	1	0.339	0.1695	0	0	1	1	0	4.16	1	1.2	0.8;
	14	1	0.954	0.477	0	0	1	1	0	4.16	1	1.2	0.8;
	15	1	0.279	0.1395	0	0	1	1	0	4.16	1	1.2	0.8;
];

%% generator data
%	bus	Pg	Qg	Qmax	Qmin	Vg	mBase	status	Pmax	Pmin	Pc1	Pc2	Qc1min	Qc1max	Qc2min	Qc2max	ramp_agc	ramp_10	ramp_30	ramp_q	apf
mpc.gen = [
	1	17.068	0	200	-200	1	1	1	200	-200	0	0	0	0	0	0	10	0	0	0	0;
];

%% branch data
%	fbus	tbus	r	x	b	rateA	rateB	rateC	ratio	angle	status	angmin	angmax
mpc.branch = [
	15	1	0.0013398623	0.0027450827	3.02770272e-08	100	100	100	0	0	1	-80	80;
	1	2	0.0013398623	0.0027450827	3.02770272e-08	100	100	100	0	0	1	-80	80;
	2	3	0.0013398623	0.0027450827	3.02770272e-08	100	100	100	0	0	1	-80	80;
	3	4	0.0013398623	0.0027450827	3.02770272e-08	100	100	100	0	0	1	-80	80;
	4	5	0.0013398623	0.0027450827	3.02770272e-08	100	100	100	0	0	1	-80	80;
	5	6	0.0013398623	0.0027450827	3.02770272e-08	100	100	100	0	0	1	-80	80;
	6	7	0.0013398623	0.0027450827	3.02770272e-08	100	100	100	0	0	1	-80	80;
	7	8	0.0013398623	0.0027450827	3.02770272e-08	100	100	100	0	0	1	-80	80;
	8	9	0.0013398623	0.0027450827	3.02770272e-08	100	100	100	0	0	1	-80	80;
	9	10	0.0013398623	0.0027450827	3.02770272e-08	100	100	100	0	0	1	-80	80;
	10	11	0.0013398623	0.0027450827	3.02770272e-08	100	100	100	0	0	1	-80	80;
	11	12	0.0013398623	0.0027450827	3.02770272e-08	100	100	100	0	0	1	-80	80;
	12	13	0.0013398623	0.0027450827	3.02770272e-08	100	100	100	0	0	1	-80	80;
	13	14	0.0013398623	0.0027450827	3.02770272e-08	100	100	100	0	0	1	-80	80;
	14	15	0.0013398623	0.0027450827	3.02770272e-08	100	100	100	0	0	1	-80	80;
];

%%-----  OPF Data  -----%%
%% generator cost data
%	1	startup	shutdown	n	x1	y1	...	xn	yn
%	2	startup	shutdown	n	c(n-1)	...	c0
mpc.gencost = [
	2	0	0	3	0.01	40	0;
];
     %% storage data
 % hours;
mpc.time_elapsed = 0.0167
%   storage_bus  energy  energy_rating charge_rating  discharge_rating  charge_efficiency  discharge_efficiency  thermal_rating  qmin  qmax  r  x  standby_loss  status
mpc.storage = [
	 5            0.05     0.1          1             1                 0.9                0.9                   100.0        -50.0 70.0  0.1 0.0	0.05         1;
];
