function mpc = case_ieee123_storage_494
%CASE_IEEE123_STORAGE_494

%% MATPOWER Case Format : Version 2
mpc.version = '2';

%%-----  Power Flow Data  -----%%
%% system MVA base
mpc.baseMVA = 1;

%% bus data
%	bus_i	type	Pd	Qd	Gs	Bs	area	Vm	Va	baseKV	zone	Vmax	Vmin
mpc.bus = [
	1	3	1.067	0.5335	0	0	1	1	0	4.16	1	1.2	0.8;
	2	1	2.247	1.1235	0	0	1	1	0	4.16	1	1.2	0.8;
	3	1	1.137	0.5685	0	0	1	1	0	4.16	1	1.2	0.8;
	4	1	1.061	0.5305	0	0	1	1	0	4.16	1	1.2	0.8;
	5	1	2.308	1.154	0	0	1	1	0	4.16	1	1.2	0.8;
	6	1	0.301	0.1505	0	0	1	1	0	4.16	1	1.2	0.8;
	7	1	2.045	1.0225	0	0	1	1	0	4.16	1	1.2	0.8;
	8	1	0	0	0	0	1	1	0	4.16	1	1.2	0.8;
	9	1	0.527	0.2635	0	0	1	1	0	4.16	1	1.2	0.8;
	10	1	2.7	1.35	0	0	1	1	0	4.16	1	1.2	0.8;
	11	1	7.761	3.8805	0	0	1	1	0	4.16	1	1.2	0.8;
	12	1	0	0	0	0	1	1	0	4.16	1	1.2	0.8;
	13	1	0.499	0.2495	0	0	1	1	0	4.16	1	1.2	0.8;
	14	1	1.555	0.7775	0	0	1	1	0	4.16	1	1.2	0.8;
	15	1	0.906	0.453	0	0	1	1	0	4.16	1	1.2	0.8;
];

%% generator data
%	bus	Pg	Qg	Qmax	Qmin	Vg	mBase	status	Pmax	Pmin	Pc1	Pc2	Qc1min	Qc1max	Qc2min	Qc2max	ramp_agc	ramp_10	ramp_30	ramp_q	apf
mpc.gen = [
	1	17.068	0	200	-200	1	1	1	200	-200	0	0	0	0	0	0	10	0	0	0	0;
];

%% branch data
%	fbus	tbus	r	x	b	rateA	rateB	rateC	ratio	angle	status	angmin	angmax
mpc.branch = [
	15	1	0.0013398623	0.0027450827	3.02770272e-08	100	100	100	0	0	1	-80	80;
	1	2	0.0013398623	0.0027450827	3.02770272e-08	100	100	100	0	0	1	-80	80;
	2	3	0.0013398623	0.0027450827	3.02770272e-08	100	100	100	0	0	1	-80	80;
	3	4	0.0013398623	0.0027450827	3.02770272e-08	100	100	100	0	0	1	-80	80;
	4	5	0.0013398623	0.0027450827	3.02770272e-08	100	100	100	0	0	1	-80	80;
	5	6	0.0013398623	0.0027450827	3.02770272e-08	100	100	100	0	0	1	-80	80;
	6	7	0.0013398623	0.0027450827	3.02770272e-08	100	100	100	0	0	1	-80	80;
	7	8	0.0013398623	0.0027450827	3.02770272e-08	100	100	100	0	0	1	-80	80;
	8	9	0.0013398623	0.0027450827	3.02770272e-08	100	100	100	0	0	1	-80	80;
	9	10	0.0013398623	0.0027450827	3.02770272e-08	100	100	100	0	0	1	-80	80;
	10	11	0.0013398623	0.0027450827	3.02770272e-08	100	100	100	0	0	1	-80	80;
	11	12	0.0013398623	0.0027450827	3.02770272e-08	100	100	100	0	0	1	-80	80;
	12	13	0.0013398623	0.0027450827	3.02770272e-08	100	100	100	0	0	1	-80	80;
	13	14	0.0013398623	0.0027450827	3.02770272e-08	100	100	100	0	0	1	-80	80;
	14	15	0.0013398623	0.0027450827	3.02770272e-08	100	100	100	0	0	1	-80	80;
];

%%-----  OPF Data  -----%%
%% generator cost data
%	1	startup	shutdown	n	x1	y1	...	xn	yn
%	2	startup	shutdown	n	c(n-1)	...	c0
mpc.gencost = [
	2	0	0	3	0.01	40	0;
];
     %% storage data
 % hours;
mpc.time_elapsed = 0.0167
%   storage_bus  energy  energy_rating charge_rating  discharge_rating  charge_efficiency  discharge_efficiency  thermal_rating  qmin  qmax  r  x  standby_loss  status
mpc.storage = [
	 5            0.05     0.1          1             1                 0.9                0.9                   100.0        -50.0 70.0  0.1 0.0	0.05         1;
];
