function mpc = case_ieee123_storage_976
%CASE_IEEE123_STORAGE_976

%% MATPOWER Case Format : Version 2
mpc.version = '2';

%%-----  Power Flow Data  -----%%
%% system MVA base
mpc.baseMVA = 1;

%% bus data
%	bus_i	type	Pd	Qd	Gs	Bs	area	Vm	Va	baseKV	zone	Vmax	Vmin
mpc.bus = [
	1	3	-0.003711	-0.0018555	0	0	1	1	0	4.16	1	1.2	0.8;
	2	1	0.002036	0.001018	0	0	1	1	0	4.16	1	1.2	0.8;
	3	1	0.000237	0.0001185	0	0	1	1	0	4.16	1	1.2	0.8;
	4	1	-0.001944	-0.000972	0	0	1	1	0	4.16	1	1.2	0.8;
	5	1	-0.002101	-0.0010505	0	0	1	1	0	4.16	1	1.2	0.8;
	6	1	1e-10	5e-11	0	0	1	1	0	4.16	1	1.2	0.8;
	7	1	1e-10	5e-11	0	0	1	1	0	4.16	1	1.2	0.8;
	8	1	-0.003312	-0.001656	0	0	1	1	0	4.16	1	1.2	0.8;
	9	1	-0.005092	-0.002546	0	0	1	1	0	4.16	1	1.2	0.8;
	10	1	-0.003283	-0.0016415	0	0	1	1	0	4.16	1	1.2	0.8;
	11	1	0.001339	0.0006695	0	0	1	1	0	4.16	1	1.2	0.8;
	12	1	-0.003473	-0.0017365	0	0	1	1	0	4.16	1	1.2	0.8;
	13	1	-0.002864	-0.001432	0	0	1	1	0	4.16	1	1.2	0.8;
	14	1	1e-10	5e-11	0	0	1	1	0	4.16	1	1.2	0.8;
	15	1	-0.003354	-0.001677	0	0	1	1	0	4.16	1	1.2	0.8;
	16	1	-0.003718	-0.001859	0	0	1	1	0	4.16	1	1.2	0.8;
	17	1	-0.003081	-0.0015405	0	0	1	1	0	4.16	1	1.2	0.8;
	18	1	-0.003104	-0.001552	0	0	1	1	0	4.16	1	1.2	0.8;
	19	1	-0.002748	-0.001374	0	0	1	1	0	4.16	1	1.2	0.8;
	20	1	-0.002046	-0.001023	0	0	1	1	0	4.16	1	1.2	0.8;
	21	1	-0.003204	-0.001602	0	0	1	1	0	4.16	1	1.2	0.8;
	22	1	-0.002204	-0.001102	0	0	1	1	0	4.16	1	1.2	0.8;
	23	1	-0.002716	-0.001358	0	0	1	1	0	4.16	1	1.2	0.8;
	24	1	-0.000197	-9.85e-05	0	0	1	1	0	4.16	1	1.2	0.8;
	25	1	-0.002068	-0.001034	0	0	1	1	0	4.16	1	1.2	0.8;
	26	1	0.0003	0.00015	0	0	1	1	0	4.16	1	1.2	0.8;
	27	1	-0.002155	-0.0010775	0	0	1	1	0	4.16	1	1.2	0.8;
	28	1	-0.001311	-0.0006555	0	0	1	1	0	4.16	1	1.2	0.8;
	29	1	-0.002738	-0.001369	0	0	1	1	0	4.16	1	1.2	0.8;
	30	1	-0.003469	-0.0017345	0	0	1	1	0	4.16	1	1.2	0.8;
	31	1	-0.003288	-0.001644	0	0	1	1	0	4.16	1	1.2	0.8;
	32	1	-0.00275	-0.001375	0	0	1	1	0	4.16	1	1.2	0.8;
	33	1	-0.002068	-0.001034	0	0	1	1	0	4.16	1	1.2	0.8;
	34	1	-0.003969	-0.0019845	0	0	1	1	0	4.16	1	1.2	0.8;
	35	1	-0.002538	-0.001269	0	0	1	1	0	4.16	1	1.2	0.8;
	36	1	-0.001711	-0.0008555	0	0	1	1	0	4.16	1	1.2	0.8;
	37	1	-0.00221	-0.001105	0	0	1	1	0	4.16	1	1.2	0.8;
	38	1	-0.003176	-0.001588	0	0	1	1	0	4.16	1	1.2	0.8;
	39	1	-0.003036	-0.001518	0	0	1	1	0	4.16	1	1.2	0.8;
	40	1	-0.002507	-0.0012535	0	0	1	1	0	4.16	1	1.2	0.8;
	41	1	-0.004332	-0.002166	0	0	1	1	0	4.16	1	1.2	0.8;
	42	1	-0.003003	-0.0015015	0	0	1	1	0	4.16	1	1.2	0.8;
	43	1	-0.003552	-0.001776	0	0	1	1	0	4.16	1	1.2	0.8;
	44	1	-0.002785	-0.0013925	0	0	1	1	0	4.16	1	1.2	0.8;
	45	1	1e-10	5e-11	0	0	1	1	0	4.16	1	1.2	0.8;
	46	1	0.000475	0.0002375	0	0	1	1	0	4.16	1	1.2	0.8;
	47	1	1e-10	5e-11	0	0	1	1	0	4.16	1	1.2	0.8;
	48	1	1e-10	5e-11	0	0	1	1	0	4.16	1	1.2	0.8;
	49	1	0.000789	0.0003945	0	0	1	1	0	4.16	1	1.2	0.8;
	50	1	-0.003216	-0.001608	0	0	1	1	0	4.16	1	1.2	0.8;
	51	1	1e-10	5e-11	0	0	1	1	0	4.16	1	1.2	0.8;
	52	1	1e-10	5e-11	0	0	1	1	0	4.16	1	1.2	0.8;
	53	1	-0.002206	-0.001103	0	0	1	1	0	4.16	1	1.2	0.8;
	54	1	1e-10	5e-11	0	0	1	1	0	4.16	1	1.2	0.8;
	55	1	1e-10	5e-11	0	0	1	1	0	4.16	1	1.2	0.8;
	56	1	-0.000327	-0.0001635	0	0	1	1	0	4.16	1	1.2	0.8;
	57	1	1e-10	5e-11	0	0	1	1	0	4.16	1	1.2	0.8;
	58	1	1e-10	5e-11	0	0	1	1	0	4.16	1	1.2	0.8;
	59	1	0.000199	9.95e-05	0	0	1	1	0	4.16	1	1.2	0.8;
	60	1	-0.003782	-0.001891	0	0	1	1	0	4.16	1	1.2	0.8;
];

%% generator data
%	bus	Pg	Qg	Qmax	Qmin	Vg	mBase	status	Pmax	Pmin	Pc1	Pc2	Qc1min	Qc1max	Qc2min	Qc2max	ramp_agc	ramp_10	ramp_30	ramp_q	apf
mpc.gen = [
	1	-0.108973999	0	200	-200	1	1	1	200	-200	0	0	0	0	0	0	10	0	0	0	0;
];

%% branch data
%	fbus	tbus	r	x	b	rateA	rateB	rateC	ratio	angle	status	angmin	angmax
mpc.branch = [
	1	2	0.0013398623	0.0027450827	3.02770272e-08	100	100	100	0	0	1	-80	80;
	1	2	0.0013398623	0.0027450827	3.02770272e-08	100	100	100	0	0	1	-80	80;
	2	3	0.0013398623	0.0027450827	3.02770272e-08	100	100	100	0	0	1	-80	80;
	3	4	0.0013398623	0.0027450827	3.02770272e-08	100	100	100	0	0	1	-80	80;
	4	5	0.0013398623	0.0027450827	3.02770272e-08	100	100	100	0	0	1	-80	80;
	5	6	0.0013398623	0.0027450827	3.02770272e-08	100	100	100	0	0	1	-80	80;
	6	7	0.0013398623	0.0027450827	3.02770272e-08	100	100	100	0	0	1	-80	80;
	7	8	0.0013398623	0.0027450827	3.02770272e-08	100	100	100	0	0	1	-80	80;
	8	9	0.0013398623	0.0027450827	3.02770272e-08	100	100	100	0	0	1	-80	80;
	9	10	0.0013398623	0.0027450827	3.02770272e-08	100	100	100	0	0	1	-80	80;
	10	11	0.0013398623	0.0027450827	3.02770272e-08	100	100	100	0	0	1	-80	80;
	11	12	0.0013398623	0.0027450827	3.02770272e-08	100	100	100	0	0	1	-80	80;
	12	13	0.0013398623	0.0027450827	3.02770272e-08	100	100	100	0	0	1	-80	80;
	13	14	0.0013398623	0.0027450827	3.02770272e-08	100	100	100	0	0	1	-80	80;
	14	15	0.0013398623	0.0027450827	3.02770272e-08	100	100	100	0	0	1	-80	80;
	15	16	0.0013398623	0.0027450827	3.02770272e-08	100	100	100	0	0	1	-80	80;
	16	17	0.0013398623	0.0027450827	3.02770272e-08	100	100	100	0	0	1	-80	80;
	17	18	0.0013398623	0.0027450827	3.02770272e-08	100	100	100	0	0	1	-80	80;
	18	19	0.0013398623	0.0027450827	3.02770272e-08	100	100	100	0	0	1	-80	80;
	19	20	0.0013398623	0.0027450827	3.02770272e-08	100	100	100	0	0	1	-80	80;
	20	21	0.0013398623	0.0027450827	3.02770272e-08	100	100	100	0	0	1	-80	80;
	21	22	0.0013398623	0.0027450827	3.02770272e-08	100	100	100	0	0	1	-80	80;
	22	23	0.0013398623	0.0027450827	3.02770272e-08	100	100	100	0	0	1	-80	80;
	23	24	0.0013398623	0.0027450827	3.02770272e-08	100	100	100	0	0	1	-80	80;
	24	25	0.0013398623	0.0027450827	3.02770272e-08	100	100	100	0	0	1	-80	80;
	25	26	0.0013398623	0.0027450827	3.02770272e-08	100	100	100	0	0	1	-80	80;
	26	27	0.0013398623	0.0027450827	3.02770272e-08	100	100	100	0	0	1	-80	80;
	27	28	0.0013398623	0.0027450827	3.02770272e-08	100	100	100	0	0	1	-80	80;
	28	29	0.0013398623	0.0027450827	3.02770272e-08	100	100	100	0	0	1	-80	80;
	1	30	0.0013398623	0.0027450827	3.02770272e-08	100	100	100	0	0	1	-80	80;
	30	31	0.0013398623	0.0027450827	3.02770272e-08	100	100	100	0	0	1	-80	80;
	31	32	0.0013398623	0.0027450827	3.02770272e-08	100	100	100	0	0	1	-80	80;
	32	33	0.0013398623	0.0027450827	3.02770272e-08	100	100	100	0	0	1	-80	80;
	33	34	0.0013398623	0.0027450827	3.02770272e-08	100	100	100	0	0	1	-80	80;
	34	35	0.0013398623	0.0027450827	3.02770272e-08	100	100	100	0	0	1	-80	80;
	35	36	0.0013398623	0.0027450827	3.02770272e-08	100	100	100	0	0	1	-80	80;
	36	37	0.0013398623	0.0027450827	3.02770272e-08	100	100	100	0	0	1	-80	80;
	37	38	0.0013398623	0.0027450827	3.02770272e-08	100	100	100	0	0	1	-80	80;
	38	39	0.0013398623	0.0027450827	3.02770272e-08	100	100	100	0	0	1	-80	80;
	39	40	0.0013398623	0.0027450827	3.02770272e-08	100	100	100	0	0	1	-80	80;
	40	41	0.0013398623	0.0027450827	3.02770272e-08	100	100	100	0	0	1	-80	80;
	41	42	0.0013398623	0.0027450827	3.02770272e-08	100	100	100	0	0	1	-80	80;
	42	43	0.0013398623	0.0027450827	3.02770272e-08	100	100	100	0	0	1	-80	80;
	43	44	0.0013398623	0.0027450827	3.02770272e-08	100	100	100	0	0	1	-80	80;
	44	45	0.0013398623	0.0027450827	3.02770272e-08	100	100	100	0	0	1	-80	80;
	45	46	0.0013398623	0.0027450827	3.02770272e-08	100	100	100	0	0	1	-80	80;
	46	47	0.0013398623	0.0027450827	3.02770272e-08	100	100	100	0	0	1	-80	80;
	47	48	0.0013398623	0.0027450827	3.02770272e-08	100	100	100	0	0	1	-80	80;
	48	49	0.0013398623	0.0027450827	3.02770272e-08	100	100	100	0	0	1	-80	80;
	49	50	0.0013398623	0.0027450827	3.02770272e-08	100	100	100	0	0	1	-80	80;
	50	51	0.0013398623	0.0027450827	3.02770272e-08	100	100	100	0	0	1	-80	80;
	51	52	0.0013398623	0.0027450827	3.02770272e-08	100	100	100	0	0	1	-80	80;
	52	53	0.0013398623	0.0027450827	3.02770272e-08	100	100	100	0	0	1	-80	80;
	53	54	0.0013398623	0.0027450827	3.02770272e-08	100	100	100	0	0	1	-80	80;
	54	55	0.0013398623	0.0027450827	3.02770272e-08	100	100	100	0	0	1	-80	80;
	55	56	0.0013398623	0.0027450827	3.02770272e-08	100	100	100	0	0	1	-80	80;
	56	57	0.0013398623	0.0027450827	3.02770272e-08	100	100	100	0	0	1	-80	80;
	57	58	0.0013398623	0.0027450827	3.02770272e-08	100	100	100	0	0	1	-80	80;
	58	59	0.0013398623	0.0027450827	3.02770272e-08	100	100	100	0	0	1	-80	80;
