function mpc = case_ieee123_storage_1023
%CASE_IEEE123_STORAGE_1023

%% MATPOWER Case Format : Version 2
mpc.version = '2';

%%-----  Power Flow Data  -----%%
%% system MVA base
mpc.baseMVA = 1;

%% bus data
%	bus_i	type	Pd	Qd	Gs	Bs	area	Vm	Va	baseKV	zone	Vmax	Vmin
mpc.bus = [
	1	3	-0.003299	-0.0016495	0	0	1	1	0	4.16	1	1.2	0.8;
	2	1	-0.001254	-0.000627	0	0	1	1	0	4.16	1	1.2	0.8;
	3	1	0.000719	0.0003595	0	0	1	1	0	4.16	1	1.2	0.8;
	4	1	0.00187	0.000935	0	0	1	1	0	4.16	1	1.2	0.8;
	5	1	-0.001903	-0.0009515	0	0	1	1	0	4.16	1	1.2	0.8;
	6	1	1e-10	5e-11	0	0	1	1	0	4.16	1	1.2	0.8;
	7	1	1e-10	5e-11	0	0	1	1	0	4.16	1	1.2	0.8;
	8	1	-4e-06	-2e-06	0	0	1	1	0	4.16	1	1.2	0.8;
	9	1	-0.002211	-0.0011055	0	0	1	1	0	4.16	1	1.2	0.8;
	10	1	-0.002358	-0.001179	0	0	1	1	0	4.16	1	1.2	0.8;
	11	1	-0.001489	-0.0007445	0	0	1	1	0	4.16	1	1.2	0.8;
	12	1	-0.002526	-0.001263	0	0	1	1	0	4.16	1	1.2	0.8;
	13	1	-0.002336	-0.001168	0	0	1	1	0	4.16	1	1.2	0.8;
	14	1	1e-10	5e-11	0	0	1	1	0	4.16	1	1.2	0.8;
	15	1	-0.002917	-0.0014585	0	0	1	1	0	4.16	1	1.2	0.8;
	16	1	-0.003156	-0.001578	0	0	1	1	0	4.16	1	1.2	0.8;
	17	1	-0.002054	-0.001027	0	0	1	1	0	4.16	1	1.2	0.8;
	18	1	-0.002166	-0.001083	0	0	1	1	0	4.16	1	1.2	0.8;
	19	1	-0.002418	-0.001209	0	0	1	1	0	4.16	1	1.2	0.8;
	20	1	-0.001312	-0.000656	0	0	1	1	0	4.16	1	1.2	0.8;
	21	1	-0.002457	-0.0012285	0	0	1	1	0	4.16	1	1.2	0.8;
	22	1	-0.00124	-0.00062	0	0	1	1	0	4.16	1	1.2	0.8;
	23	1	-0.002152	-0.001076	0	0	1	1	0	4.16	1	1.2	0.8;
	24	1	-0.002404	-0.001202	0	0	1	1	0	4.16	1	1.2	0.8;
	25	1	-0.001482	-0.000741	0	0	1	1	0	4.16	1	1.2	0.8;
	26	1	0.000132	6.6e-05	0	0	1	1	0	4.16	1	1.2	0.8;
	27	1	-0.001981	-0.0009905	0	0	1	1	0	4.16	1	1.2	0.8;
	28	1	0.000219	0.0001095	0	0	1	1	0	4.16	1	1.2	0.8;
	29	1	-0.00236	-0.00118	0	0	1	1	0	4.16	1	1.2	0.8;
	30	1	0.001572	0.000786	0	0	1	1	0	4.16	1	1.2	0.8;
	31	1	-0.002357	-0.0011785	0	0	1	1	0	4.16	1	1.2	0.8;
	32	1	-0.001938	-0.000969	0	0	1	1	0	4.16	1	1.2	0.8;
	33	1	-0.001748	-0.000874	0	0	1	1	0	4.16	1	1.2	0.8;
	34	1	-0.003366	-0.001683	0	0	1	1	0	4.16	1	1.2	0.8;
	35	1	-0.001856	-0.000928	0	0	1	1	0	4.16	1	1.2	0.8;
	36	1	-0.001421	-0.0007105	0	0	1	1	0	4.16	1	1.2	0.8;
	37	1	-0.001362	-0.000681	0	0	1	1	0	4.16	1	1.2	0.8;
	38	1	-0.002497	-0.0012485	0	0	1	1	0	4.16	1	1.2	0.8;
	39	1	-0.002668	-0.001334	0	0	1	1	0	4.16	1	1.2	0.8;
	40	1	-0.001915	-0.0009575	0	0	1	1	0	4.16	1	1.2	0.8;
	41	1	-0.003078	-0.001539	0	0	1	1	0	4.16	1	1.2	0.8;
	42	1	0.000934	0.000467	0	0	1	1	0	4.16	1	1.2	0.8;
	43	1	-0.002625	-0.0013125	0	0	1	1	0	4.16	1	1.2	0.8;
	44	1	-0.001544	-0.000772	0	0	1	1	0	4.16	1	1.2	0.8;
	45	1	1e-10	5e-11	0	0	1	1	0	4.16	1	1.2	0.8;
	46	1	0.001061	0.0005305	0	0	1	1	0	4.16	1	1.2	0.8;
	47	1	1e-10	5e-11	0	0	1	1	0	4.16	1	1.2	0.8;
	48	1	1e-10	5e-11	0	0	1	1	0	4.16	1	1.2	0.8;
	49	1	0.000777	0.0003885	0	0	1	1	0	4.16	1	1.2	0.8;
	50	1	-0.002461	-0.0012305	0	0	1	1	0	4.16	1	1.2	0.8;
	51	1	1e-10	5e-11	0	0	1	1	0	4.16	1	1.2	0.8;
	52	1	1e-10	5e-11	0	0	1	1	0	4.16	1	1.2	0.8;
	53	1	-0.001794	-0.000897	0	0	1	1	0	4.16	1	1.2	0.8;
	54	1	1e-10	5e-11	0	0	1	1	0	4.16	1	1.2	0.8;
	55	1	1e-10	5e-11	0	0	1	1	0	4.16	1	1.2	0.8;
	56	1	0.000351	0.0001755	0	0	1	1	0	4.16	1	1.2	0.8;
	57	1	1e-10	5e-11	0	0	1	1	0	4.16	1	1.2	0.8;
	58	1	1e-10	5e-11	0	0	1	1	0	4.16	1	1.2	0.8;
	59	1	6.6e-05	3.3e-05	0	0	1	1	0	4.16	1	1.2	0.8;
	60	1	-0.003043	-0.0015215	0	0	1	1	0	4.16	1	1.2	0.8;
];

%% generator data
%	bus	Pg	Qg	Qmax	Qmin	Vg	mBase	status	Pmax	Pmin	Pc1	Pc2	Qc1min	Qc1max	Qc2min	Qc2max	ramp_agc	ramp_10	ramp_30	ramp_q	apf
mpc.gen = [
	1	-0.0734509988	0	200	-200	1	1	1	200	-200	0	0	0	0	0	0	10	0	0	0	0;
];

%% branch data
%	fbus	tbus	r	x	b	rateA	rateB	rateC	ratio	angle	status	angmin	angmax
mpc.branch = [
	1	2	0.0013398623	0.0027450827	3.02770272e-08	100	100	100	0	0	1	-80	80;
	1	2	0.0013398623	0.0027450827	3.02770272e-08	100	100	100	0	0	1	-80	80;
	2	3	0.0013398623	0.0027450827	3.02770272e-08	100	100	100	0	0	1	-80	80;
	3	4	0.0013398623	0.0027450827	3.02770272e-08	100	100	100	0	0	1	-80	80;
	4	5	0.0013398623	0.0027450827	3.02770272e-08	100	100	100	0	0	1	-80	80;
	5	6	0.0013398623	0.0027450827	3.02770272e-08	100	100	100	0	0	1	-80	80;
	6	7	0.0013398623	0.0027450827	3.02770272e-08	100	100	100	0	0	1	-80	80;
	7	8	0.0013398623	0.0027450827	3.02770272e-08	100	100	100	0	0	1	-80	80;
	8	9	0.0013398623	0.0027450827	3.02770272e-08	100	100	100	0	0	1	-80	80;
	9	10	0.0013398623	0.0027450827	3.02770272e-08	100	100	100	0	0	1	-80	80;
	10	11	0.0013398623	0.0027450827	3.02770272e-08	100	100	100	0	0	1	-80	80;
	11	12	0.0013398623	0.0027450827	3.02770272e-08	100	100	100	0	0	1	-80	80;
	12	13	0.0013398623	0.0027450827	3.02770272e-08	100	100	100	0	0	1	-80	80;
	13	14	0.0013398623	0.0027450827	3.02770272e-08	100	100	100	0	0	1	-80	80;
	14	15	0.0013398623	0.0027450827	3.02770272e-08	100	100	100	0	0	1	-80	80;
	15	16	0.0013398623	0.0027450827	3.02770272e-08	100	100	100	0	0	1	-80	80;
	16	17	0.0013398623	0.0027450827	3.02770272e-08	100	100	100	0	0	1	-80	80;
	17	18	0.0013398623	0.0027450827	3.02770272e-08	100	100	100	0	0	1	-80	80;
	18	19	0.0013398623	0.0027450827	3.02770272e-08	100	100	100	0	0	1	-80	80;
	19	20	0.0013398623	0.0027450827	3.02770272e-08	100	100	100	0	0	1	-80	80;
	20	21	0.0013398623	0.0027450827	3.02770272e-08	100	100	100	0	0	1	-80	80;
	21	22	0.0013398623	0.0027450827	3.02770272e-08	100	100	100	0	0	1	-80	80;
	22	23	0.0013398623	0.0027450827	3.02770272e-08	100	100	100	0	0	1	-80	80;
	23	24	0.0013398623	0.0027450827	3.02770272e-08	100	100	100	0	0	1	-80	80;
	24	25	0.0013398623	0.0027450827	3.02770272e-08	100	100	100	0	0	1	-80	80;
	25	26	0.0013398623	0.0027450827	3.02770272e-08	100	100	100	0	0	1	-80	80;
	26	27	0.0013398623	0.0027450827	3.02770272e-08	100	100	100	0	0	1	-80	80;
	27	28	0.0013398623	0.0027450827	3.02770272e-08	100	100	100	0	0	1	-80	80;
	28	29	0.0013398623	0.0027450827	3.02770272e-08	100	100	100	0	0	1	-80	80;
	1	30	0.0013398623	0.0027450827	3.02770272e-08	100	100	100	0	0	1	-80	80;
	30	31	0.0013398623	0.0027450827	3.02770272e-08	100	100	100	0	0	1	-80	80;
	31	32	0.0013398623	0.0027450827	3.02770272e-08	100	100	100	0	0	1	-80	80;
	32	33	0.0013398623	0.0027450827	3.02770272e-08	100	100	100	0	0	1	-80	80;
	33	34	0.0013398623	0.0027450827	3.02770272e-08	100	100	100	0	0	1	-80	80;
	34	35	0.0013398623	0.0027450827	3.02770272e-08	100	100	100	0	0	1	-80	80;
	35	36	0.0013398623	0.0027450827	3.02770272e-08	100	100	100	0	0	1	-80	80;
	36	37	0.0013398623	0.0027450827	3.02770272e-08	100	100	100	0	0	1	-80	80;
	37	38	0.0013398623	0.0027450827	3.02770272e-08	100	100	100	0	0	1	-80	80;
	38	39	0.0013398623	0.0027450827	3.02770272e-08	100	100	100	0	0	1	-80	80;
	39	40	0.0013398623	0.0027450827	3.02770272e-08	100	100	100	0	0	1	-80	80;
	40	41	0.0013398623	0.0027450827	3.02770272e-08	100	100	100	0	0	1	-80	80;
	41	42	0.0013398623	0.0027450827	3.02770272e-08	100	100	100	0	0	1	-80	80;
	42	43	0.0013398623	0.0027450827	3.02770272e-08	100	100	100	0	0	1	-80	80;
	43	44	0.0013398623	0.0027450827	3.02770272e-08	100	100	100	0	0	1	-80	80;
	44	45	0.0013398623	0.0027450827	3.02770272e-08	100	100	100	0	0	1	-80	80;
	45	46	0.0013398623	0.0027450827	3.02770272e-08	100	100	100	0	0	1	-80	80;
	46	47	0.0013398623	0.0027450827	3.02770272e-08	100	100	100	0	0	1	-80	80;
	47	48	0.0013398623	0.0027450827	3.02770272e-08	100	100	100	0	0	1	-80	80;
	48	49	0.0013398623	0.0027450827	3.02770272e-08	100	100	100	0	0	1	-80	80;
	49	50	0.0013398623	0.0027450827	3.02770272e-08	100	100	100	0	0	1	-80	80;
	50	51	0.0013398623	0.0027450827	3.02770272e-08	100	100	100	0	0	1	-80	80;
	51	52	0.0013398623	0.0027450827	3.02770272e-08	100	100	100	0	0	1	-80	80;
	52	53	0.0013398623	0.0027450827	3.02770272e-08	100	100	100	0	0	1	-80	80;
	53	54	0.0013398623	0.0027450827	3.02770272e-08	100	100	100	0	0	1	-80	80;
	54	55	0.0013398623	0.0027450827	3.02770272e-08	100	100	100	0	0	1	-80	80;
	55	56	0.0013398623	0.0027450827	3.02770272e-08	100	100	100	0	0	1	-80	80;
	56	57	0.0013398623	0.0027450827	3.02770272e-08	100	100	100	0	0	1	-80	80;
	57	58	0.0013398623	0.0027450827	3.02770272e-08	100	100	100	0	0	1	-80	80;
	58	59	0.0013398623	0.0027450827	3.02770272e-08	100	100	100	0	0	1	-80	80;
