function mpc = case_ieee123_storage_1089
%CASE_IEEE123_STORAGE_1089

%% MATPOWER Case Format : Version 2
mpc.version = '2';

%%-----  Power Flow Data  -----%%
%% system MVA base
mpc.baseMVA = 1;

%% bus data
%	bus_i	type	Pd	Qd	Gs	Bs	area	Vm	Va	baseKV	zone	Vmax	Vmin
mpc.bus = [
	1	3	-0.002399	-0.0011995	0	0	1	1	0	4.16	1	1.2	0.8;
	2	1	0.008226	0.004113	0	0	1	1	0	4.16	1	1.2	0.8;
	3	1	0.000373	0.0001865	0	0	1	1	0	4.16	1	1.2	0.8;
	4	1	0.002802	0.001401	0	0	1	1	0	4.16	1	1.2	0.8;
	5	1	-0.001167	-0.0005835	0	0	1	1	0	4.16	1	1.2	0.8;
	6	1	1e-10	5e-11	0	0	1	1	0	4.16	1	1.2	0.8;
	7	1	1e-10	5e-11	0	0	1	1	0	4.16	1	1.2	0.8;
	8	1	0.001013	0.0005065	0	0	1	1	0	4.16	1	1.2	0.8;
	9	1	-0.001846	-0.000923	0	0	1	1	0	4.16	1	1.2	0.8;
	10	1	0.002507	0.0012535	0	0	1	1	0	4.16	1	1.2	0.8;
	11	1	-0.000779	-0.0003895	0	0	1	1	0	4.16	1	1.2	0.8;
	12	1	-0.000988	-0.000494	0	0	1	1	0	4.16	1	1.2	0.8;
	13	1	-0.001098	-0.000549	0	0	1	1	0	4.16	1	1.2	0.8;
	14	1	1e-10	5e-11	0	0	1	1	0	4.16	1	1.2	0.8;
	15	1	-0.001655	-0.0008275	0	0	1	1	0	4.16	1	1.2	0.8;
	16	1	-0.001316	-0.000658	0	0	1	1	0	4.16	1	1.2	0.8;
	17	1	-0.000916	-0.000458	0	0	1	1	0	4.16	1	1.2	0.8;
	18	1	-0.001495	-0.0007475	0	0	1	1	0	4.16	1	1.2	0.8;
	19	1	-0.001507	-0.0007535	0	0	1	1	0	4.16	1	1.2	0.8;
	20	1	-7.3e-05	-3.65e-05	0	0	1	1	0	4.16	1	1.2	0.8;
	21	1	-0.001215	-0.0006075	0	0	1	1	0	4.16	1	1.2	0.8;
	22	1	-0.000905	-0.0004525	0	0	1	1	0	4.16	1	1.2	0.8;
	23	1	-0.000445	-0.0002225	0	0	1	1	0	4.16	1	1.2	0.8;
	24	1	-0.001275	-0.0006375	0	0	1	1	0	4.16	1	1.2	0.8;
	25	1	-0.00058	-0.00029	0	0	1	1	0	4.16	1	1.2	0.8;
	26	1	0.000353	0.0001765	0	0	1	1	0	4.16	1	1.2	0.8;
	27	1	-0.000982	-0.000491	0	0	1	1	0	4.16	1	1.2	0.8;
	28	1	0.000392	0.000196	0	0	1	1	0	4.16	1	1.2	0.8;
	29	1	0.002571	0.0012855	0	0	1	1	0	4.16	1	1.2	0.8;
	30	1	0.000957	0.0004785	0	0	1	1	0	4.16	1	1.2	0.8;
	31	1	-0.000538	-0.000269	0	0	1	1	0	4.16	1	1.2	0.8;
	32	1	-0.000474	-0.000237	0	0	1	1	0	4.16	1	1.2	0.8;
	33	1	-0.000658	-0.000329	0	0	1	1	0	4.16	1	1.2	0.8;
	34	1	-0.001964	-0.000982	0	0	1	1	0	4.16	1	1.2	0.8;
	35	1	-0.000705	-0.0003525	0	0	1	1	0	4.16	1	1.2	0.8;
	36	1	-0.00103	-0.000515	0	0	1	1	0	4.16	1	1.2	0.8;
	37	1	2.1e-05	1.05e-05	0	0	1	1	0	4.16	1	1.2	0.8;
	38	1	-0.000697	-0.0003485	0	0	1	1	0	4.16	1	1.2	0.8;
	39	1	-0.001722	-0.000861	0	0	1	1	0	4.16	1	1.2	0.8;
	40	1	0.001448	0.000724	0	0	1	1	0	4.16	1	1.2	0.8;
	41	1	-0.000491	-0.0002455	0	0	1	1	0	4.16	1	1.2	0.8;
	42	1	-0.002119	-0.0010595	0	0	1	1	0	4.16	1	1.2	0.8;
	43	1	-0.001442	-0.000721	0	0	1	1	0	4.16	1	1.2	0.8;
	44	1	-0.000174	-8.7e-05	0	0	1	1	0	4.16	1	1.2	0.8;
	45	1	1e-10	5e-11	0	0	1	1	0	4.16	1	1.2	0.8;
	46	1	0.000168	8.4e-05	0	0	1	1	0	4.16	1	1.2	0.8;
	47	1	1e-10	5e-11	0	0	1	1	0	4.16	1	1.2	0.8;
	48	1	1e-10	5e-11	0	0	1	1	0	4.16	1	1.2	0.8;
	49	1	0.000828	0.000414	0	0	1	1	0	4.16	1	1.2	0.8;
	50	1	-0.001018	-0.000509	0	0	1	1	0	4.16	1	1.2	0.8;
	51	1	1e-10	5e-11	0	0	1	1	0	4.16	1	1.2	0.8;
	52	1	1e-10	5e-11	0	0	1	1	0	4.16	1	1.2	0.8;
	53	1	-0.00097	-0.000485	0	0	1	1	0	4.16	1	1.2	0.8;
	54	1	1e-10	5e-11	0	0	1	1	0	4.16	1	1.2	0.8;
	55	1	1e-10	5e-11	0	0	1	1	0	4.16	1	1.2	0.8;
	56	1	0.001319	0.0006595	0	0	1	1	0	4.16	1	1.2	0.8;
	57	1	1e-10	5e-11	0	0	1	1	0	4.16	1	1.2	0.8;
	58	1	1e-10	5e-11	0	0	1	1	0	4.16	1	1.2	0.8;
	59	1	6.5e-05	3.25e-05	0	0	1	1	0	4.16	1	1.2	0.8;
	60	1	-0.001393	-0.0006965	0	0	1	1	0	4.16	1	1.2	0.8;
];

%% generator data
%	bus	Pg	Qg	Qmax	Qmin	Vg	mBase	status	Pmax	Pmin	Pc1	Pc2	Qc1min	Qc1max	Qc2min	Qc2max	ramp_agc	ramp_10	ramp_30	ramp_q	apf
mpc.gen = [
	1	-0.0129929988	0	200	-200	1	1	1	200	-200	0	0	0	0	0	0	10	0	0	0	0;
];

%% branch data
%	fbus	tbus	r	x	b	rateA	rateB	rateC	ratio	angle	status	angmin	angmax
mpc.branch = [
	1	2	0.0013398623	0.0027450827	3.02770272e-08	100	100	100	0	0	1	-80	80;
	1	2	0.0013398623	0.0027450827	3.02770272e-08	100	100	100	0	0	1	-80	80;
	2	3	0.0013398623	0.0027450827	3.02770272e-08	100	100	100	0	0	1	-80	80;
	3	4	0.0013398623	0.0027450827	3.02770272e-08	100	100	100	0	0	1	-80	80;
	4	5	0.0013398623	0.0027450827	3.02770272e-08	100	100	100	0	0	1	-80	80;
	5	6	0.0013398623	0.0027450827	3.02770272e-08	100	100	100	0	0	1	-80	80;
	6	7	0.0013398623	0.0027450827	3.02770272e-08	100	100	100	0	0	1	-80	80;
	7	8	0.0013398623	0.0027450827	3.02770272e-08	100	100	100	0	0	1	-80	80;
	8	9	0.0013398623	0.0027450827	3.02770272e-08	100	100	100	0	0	1	-80	80;
	9	10	0.0013398623	0.0027450827	3.02770272e-08	100	100	100	0	0	1	-80	80;
	10	11	0.0013398623	0.0027450827	3.02770272e-08	100	100	100	0	0	1	-80	80;
	11	12	0.0013398623	0.0027450827	3.02770272e-08	100	100	100	0	0	1	-80	80;
	12	13	0.0013398623	0.0027450827	3.02770272e-08	100	100	100	0	0	1	-80	80;
	13	14	0.0013398623	0.0027450827	3.02770272e-08	100	100	100	0	0	1	-80	80;
	14	15	0.0013398623	0.0027450827	3.02770272e-08	100	100	100	0	0	1	-80	80;
	15	16	0.0013398623	0.0027450827	3.02770272e-08	100	100	100	0	0	1	-80	80;
	16	17	0.0013398623	0.0027450827	3.02770272e-08	100	100	100	0	0	1	-80	80;
	17	18	0.0013398623	0.0027450827	3.02770272e-08	100	100	100	0	0	1	-80	80;
	18	19	0.0013398623	0.0027450827	3.02770272e-08	100	100	100	0	0	1	-80	80;
	19	20	0.0013398623	0.0027450827	3.02770272e-08	100	100	100	0	0	1	-80	80;
	20	21	0.0013398623	0.0027450827	3.02770272e-08	100	100	100	0	0	1	-80	80;
	21	22	0.0013398623	0.0027450827	3.02770272e-08	100	100	100	0	0	1	-80	80;
	22	23	0.0013398623	0.0027450827	3.02770272e-08	100	100	100	0	0	1	-80	80;
	23	24	0.0013398623	0.0027450827	3.02770272e-08	100	100	100	0	0	1	-80	80;
	24	25	0.0013398623	0.0027450827	3.02770272e-08	100	100	100	0	0	1	-80	80;
	25	26	0.0013398623	0.0027450827	3.02770272e-08	100	100	100	0	0	1	-80	80;
	26	27	0.0013398623	0.0027450827	3.02770272e-08	100	100	100	0	0	1	-80	80;
	27	28	0.0013398623	0.0027450827	3.02770272e-08	100	100	100	0	0	1	-80	80;
	28	29	0.0013398623	0.0027450827	3.02770272e-08	100	100	100	0	0	1	-80	80;
	1	30	0.0013398623	0.0027450827	3.02770272e-08	100	100	100	0	0	1	-80	80;
	30	31	0.0013398623	0.0027450827	3.02770272e-08	100	100	100	0	0	1	-80	80;
	31	32	0.0013398623	0.0027450827	3.02770272e-08	100	100	100	0	0	1	-80	80;
	32	33	0.0013398623	0.0027450827	3.02770272e-08	100	100	100	0	0	1	-80	80;
	33	34	0.0013398623	0.0027450827	3.02770272e-08	100	100	100	0	0	1	-80	80;
	34	35	0.0013398623	0.0027450827	3.02770272e-08	100	100	100	0	0	1	-80	80;
	35	36	0.0013398623	0.0027450827	3.02770272e-08	100	100	100	0	0	1	-80	80;
	36	37	0.0013398623	0.0027450827	3.02770272e-08	100	100	100	0	0	1	-80	80;
	37	38	0.0013398623	0.0027450827	3.02770272e-08	100	100	100	0	0	1	-80	80;
	38	39	0.0013398623	0.0027450827	3.02770272e-08	100	100	100	0	0	1	-80	80;
	39	40	0.0013398623	0.0027450827	3.02770272e-08	100	100	100	0	0	1	-80	80;
	40	41	0.0013398623	0.0027450827	3.02770272e-08	100	100	100	0	0	1	-80	80;
	41	42	0.0013398623	0.0027450827	3.02770272e-08	100	100	100	0	0	1	-80	80;
	42	43	0.0013398623	0.0027450827	3.02770272e-08	100	100	100	0	0	1	-80	80;
	43	44	0.0013398623	0.0027450827	3.02770272e-08	100	100	100	0	0	1	-80	80;
	44	45	0.0013398623	0.0027450827	3.02770272e-08	100	100	100	0	0	1	-80	80;
	45	46	0.0013398623	0.0027450827	3.02770272e-08	100	100	100	0	0	1	-80	80;
	46	47	0.0013398623	0.0027450827	3.02770272e-08	100	100	100	0	0	1	-80	80;
	47	48	0.0013398623	0.0027450827	3.02770272e-08	100	100	100	0	0	1	-80	80;
	48	49	0.0013398623	0.0027450827	3.02770272e-08	100	100	100	0	0	1	-80	80;
	49	50	0.0013398623	0.0027450827	3.02770272e-08	100	100	100	0	0	1	-80	80;
	50	51	0.0013398623	0.0027450827	3.02770272e-08	100	100	100	0	0	1	-80	80;
	51	52	0.0013398623	0.0027450827	3.02770272e-08	100	100	100	0	0	1	-80	80;
	52	53	0.0013398623	0.0027450827	3.02770272e-08	100	100	100	0	0	1	-80	80;
	53	54	0.0013398623	0.0027450827	3.02770272e-08	100	100	100	0	0	1	-80	80;
	54	55	0.0013398623	0.0027450827	3.02770272e-08	100	100	100	0	0	1	-80	80;
	55	56	0.0013398623	0.0027450827	3.02770272e-08	100	100	100	0	0	1	-80	80;
	56	57	0.0013398623	0.0027450827	3.02770272e-08	100	100	100	0	0	1	-80	80;
	57	58	0.0013398623	0.0027450827	3.02770272e-08	100	100	100	0	0	1	-80	80;
	58	59	0.0013398623	0.0027450827	3.02770272e-08	100	100	100	0	0	1	-80	80;
