function mpc = case_ieee123_storage_983
%CASE_IEEE123_STORAGE_983

%% MATPOWER Case Format : Version 2
mpc.version = '2';

%%-----  Power Flow Data  -----%%
%% system MVA base
mpc.baseMVA = 1;

%% bus data
%	bus_i	type	Pd	Qd	Gs	Bs	area	Vm	Va	baseKV	zone	Vmax	Vmin
mpc.bus = [
	1	3	-0.003531	-0.0017655	0	0	1	1	0	4.16	1	1.2	0.8;
	2	1	0.002103	0.0010515	0	0	1	1	0	4.16	1	1.2	0.8;
	3	1	0.000238	0.000119	0	0	1	1	0	4.16	1	1.2	0.8;
	4	1	-0.0019	-0.00095	0	0	1	1	0	4.16	1	1.2	0.8;
	5	1	-0.002076	-0.001038	0	0	1	1	0	4.16	1	1.2	0.8;
	6	1	1e-10	5e-11	0	0	1	1	0	4.16	1	1.2	0.8;
	7	1	1e-10	5e-11	0	0	1	1	0	4.16	1	1.2	0.8;
	8	1	-0.003237	-0.0016185	0	0	1	1	0	4.16	1	1.2	0.8;
	9	1	-0.003215	-0.0016075	0	0	1	1	0	4.16	1	1.2	0.8;
	10	1	-0.002951	-0.0014755	0	0	1	1	0	4.16	1	1.2	0.8;
	11	1	-0.001323	-0.0006615	0	0	1	1	0	4.16	1	1.2	0.8;
	12	1	-0.003442	-0.001721	0	0	1	1	0	4.16	1	1.2	0.8;
	13	1	-0.002771	-0.0013855	0	0	1	1	0	4.16	1	1.2	0.8;
	14	1	1e-10	5e-11	0	0	1	1	0	4.16	1	1.2	0.8;
	15	1	-0.003343	-0.0016715	0	0	1	1	0	4.16	1	1.2	0.8;
	16	1	-0.003659	-0.0018295	0	0	1	1	0	4.16	1	1.2	0.8;
	17	1	-0.002984	-0.001492	0	0	1	1	0	4.16	1	1.2	0.8;
	18	1	-0.002884	-0.001442	0	0	1	1	0	4.16	1	1.2	0.8;
	19	1	-0.00266	-0.00133	0	0	1	1	0	4.16	1	1.2	0.8;
	20	1	-0.001967	-0.0009835	0	0	1	1	0	4.16	1	1.2	0.8;
	21	1	-0.003081	-0.0015405	0	0	1	1	0	4.16	1	1.2	0.8;
	22	1	-0.002154	-0.001077	0	0	1	1	0	4.16	1	1.2	0.8;
	23	1	-0.00264	-0.00132	0	0	1	1	0	4.16	1	1.2	0.8;
	24	1	-4e-05	-2e-05	0	0	1	1	0	4.16	1	1.2	0.8;
	25	1	-0.00198	-0.00099	0	0	1	1	0	4.16	1	1.2	0.8;
	26	1	0.000294	0.000147	0	0	1	1	0	4.16	1	1.2	0.8;
	27	1	-0.001705	-0.0008525	0	0	1	1	0	4.16	1	1.2	0.8;
	28	1	-0.001317	-0.0006585	0	0	1	1	0	4.16	1	1.2	0.8;
	29	1	-0.002645	-0.0013225	0	0	1	1	0	4.16	1	1.2	0.8;
	30	1	-0.003139	-0.0015695	0	0	1	1	0	4.16	1	1.2	0.8;
	31	1	-0.001791	-0.0008955	0	0	1	1	0	4.16	1	1.2	0.8;
	32	1	-0.002657	-0.0013285	0	0	1	1	0	4.16	1	1.2	0.8;
	33	1	-0.002005	-0.0010025	0	0	1	1	0	4.16	1	1.2	0.8;
	34	1	-0.003903	-0.0019515	0	0	1	1	0	4.16	1	1.2	0.8;
	35	1	-0.002383	-0.0011915	0	0	1	1	0	4.16	1	1.2	0.8;
	36	1	-0.001754	-0.000877	0	0	1	1	0	4.16	1	1.2	0.8;
	37	1	-0.002185	-0.0010925	0	0	1	1	0	4.16	1	1.2	0.8;
	38	1	-0.003192	-0.001596	0	0	1	1	0	4.16	1	1.2	0.8;
	39	1	-0.00293	-0.001465	0	0	1	1	0	4.16	1	1.2	0.8;
	40	1	-0.002078	-0.001039	0	0	1	1	0	4.16	1	1.2	0.8;
	41	1	-0.003723	-0.0018615	0	0	1	1	0	4.16	1	1.2	0.8;
	42	1	-0.003533	-0.0017665	0	0	1	1	0	4.16	1	1.2	0.8;
	43	1	-0.003437	-0.0017185	0	0	1	1	0	4.16	1	1.2	0.8;
	44	1	-0.002235	-0.0011175	0	0	1	1	0	4.16	1	1.2	0.8;
	45	1	1e-10	5e-11	0	0	1	1	0	4.16	1	1.2	0.8;
	46	1	0.001846	0.000923	0	0	1	1	0	4.16	1	1.2	0.8;
	47	1	1e-10	5e-11	0	0	1	1	0	4.16	1	1.2	0.8;
	48	1	1e-10	5e-11	0	0	1	1	0	4.16	1	1.2	0.8;
	49	1	0.000894	0.000447	0	0	1	1	0	4.16	1	1.2	0.8;
	50	1	-0.003104	-0.001552	0	0	1	1	0	4.16	1	1.2	0.8;
	51	1	1e-10	5e-11	0	0	1	1	0	4.16	1	1.2	0.8;
	52	1	1e-10	5e-11	0	0	1	1	0	4.16	1	1.2	0.8;
	53	1	-0.001739	-0.0008695	0	0	1	1	0	4.16	1	1.2	0.8;
	54	1	1e-10	5e-11	0	0	1	1	0	4.16	1	1.2	0.8;
	55	1	1e-10	5e-11	0	0	1	1	0	4.16	1	1.2	0.8;
	56	1	-0.000274	-0.000137	0	0	1	1	0	4.16	1	1.2	0.8;
	57	1	1e-10	5e-11	0	0	1	1	0	4.16	1	1.2	0.8;
	58	1	1e-10	5e-11	0	0	1	1	0	4.16	1	1.2	0.8;
	59	1	0.000194	9.7e-05	0	0	1	1	0	4.16	1	1.2	0.8;
	60	1	-0.003709	-0.0018545	0	0	1	1	0	4.16	1	1.2	0.8;
];

%% generator data
%	bus	Pg	Qg	Qmax	Qmin	Vg	mBase	status	Pmax	Pmin	Pc1	Pc2	Qc1min	Qc1max	Qc2min	Qc2max	ramp_agc	ramp_10	ramp_30	ramp_q	apf
mpc.gen = [
	1	-0.101706999	0	200	-200	1	1	1	200	-200	0	0	0	0	0	0	10	0	0	0	0;
];

%% branch data
%	fbus	tbus	r	x	b	rateA	rateB	rateC	ratio	angle	status	angmin	angmax
mpc.branch = [
	1	2	0.0013398623	0.0027450827	3.02770272e-08	100	100	100	0	0	1	-80	80;
	1	2	0.0013398623	0.0027450827	3.02770272e-08	100	100	100	0	0	1	-80	80;
	2	3	0.0013398623	0.0027450827	3.02770272e-08	100	100	100	0	0	1	-80	80;
	3	4	0.0013398623	0.0027450827	3.02770272e-08	100	100	100	0	0	1	-80	80;
	4	5	0.0013398623	0.0027450827	3.02770272e-08	100	100	100	0	0	1	-80	80;
	5	6	0.0013398623	0.0027450827	3.02770272e-08	100	100	100	0	0	1	-80	80;
	6	7	0.0013398623	0.0027450827	3.02770272e-08	100	100	100	0	0	1	-80	80;
	7	8	0.0013398623	0.0027450827	3.02770272e-08	100	100	100	0	0	1	-80	80;
	8	9	0.0013398623	0.0027450827	3.02770272e-08	100	100	100	0	0	1	-80	80;
	9	10	0.0013398623	0.0027450827	3.02770272e-08	100	100	100	0	0	1	-80	80;
	10	11	0.0013398623	0.0027450827	3.02770272e-08	100	100	100	0	0	1	-80	80;
	11	12	0.0013398623	0.0027450827	3.02770272e-08	100	100	100	0	0	1	-80	80;
	12	13	0.0013398623	0.0027450827	3.02770272e-08	100	100	100	0	0	1	-80	80;
	13	14	0.0013398623	0.0027450827	3.02770272e-08	100	100	100	0	0	1	-80	80;
	14	15	0.0013398623	0.0027450827	3.02770272e-08	100	100	100	0	0	1	-80	80;
	15	16	0.0013398623	0.0027450827	3.02770272e-08	100	100	100	0	0	1	-80	80;
	16	17	0.0013398623	0.0027450827	3.02770272e-08	100	100	100	0	0	1	-80	80;
	17	18	0.0013398623	0.0027450827	3.02770272e-08	100	100	100	0	0	1	-80	80;
	18	19	0.0013398623	0.0027450827	3.02770272e-08	100	100	100	0	0	1	-80	80;
	19	20	0.0013398623	0.0027450827	3.02770272e-08	100	100	100	0	0	1	-80	80;
	20	21	0.0013398623	0.0027450827	3.02770272e-08	100	100	100	0	0	1	-80	80;
	21	22	0.0013398623	0.0027450827	3.02770272e-08	100	100	100	0	0	1	-80	80;
	22	23	0.0013398623	0.0027450827	3.02770272e-08	100	100	100	0	0	1	-80	80;
	23	24	0.0013398623	0.0027450827	3.02770272e-08	100	100	100	0	0	1	-80	80;
	24	25	0.0013398623	0.0027450827	3.02770272e-08	100	100	100	0	0	1	-80	80;
	25	26	0.0013398623	0.0027450827	3.02770272e-08	100	100	100	0	0	1	-80	80;
	26	27	0.0013398623	0.0027450827	3.02770272e-08	100	100	100	0	0	1	-80	80;
	27	28	0.0013398623	0.0027450827	3.02770272e-08	100	100	100	0	0	1	-80	80;
	28	29	0.0013398623	0.0027450827	3.02770272e-08	100	100	100	0	0	1	-80	80;
	1	30	0.0013398623	0.0027450827	3.02770272e-08	100	100	100	0	0	1	-80	80;
	30	31	0.0013398623	0.0027450827	3.02770272e-08	100	100	100	0	0	1	-80	80;
	31	32	0.0013398623	0.0027450827	3.02770272e-08	100	100	100	0	0	1	-80	80;
	32	33	0.0013398623	0.0027450827	3.02770272e-08	100	100	100	0	0	1	-80	80;
	33	34	0.0013398623	0.0027450827	3.02770272e-08	100	100	100	0	0	1	-80	80;
	34	35	0.0013398623	0.0027450827	3.02770272e-08	100	100	100	0	0	1	-80	80;
	35	36	0.0013398623	0.0027450827	3.02770272e-08	100	100	100	0	0	1	-80	80;
	36	37	0.0013398623	0.0027450827	3.02770272e-08	100	100	100	0	0	1	-80	80;
	37	38	0.0013398623	0.0027450827	3.02770272e-08	100	100	100	0	0	1	-80	80;
	38	39	0.0013398623	0.0027450827	3.02770272e-08	100	100	100	0	0	1	-80	80;
	39	40	0.0013398623	0.0027450827	3.02770272e-08	100	100	100	0	0	1	-80	80;
	40	41	0.0013398623	0.0027450827	3.02770272e-08	100	100	100	0	0	1	-80	80;
	41	42	0.0013398623	0.0027450827	3.02770272e-08	100	100	100	0	0	1	-80	80;
	42	43	0.0013398623	0.0027450827	3.02770272e-08	100	100	100	0	0	1	-80	80;
	43	44	0.0013398623	0.0027450827	3.02770272e-08	100	100	100	0	0	1	-80	80;
	44	45	0.0013398623	0.0027450827	3.02770272e-08	100	100	100	0	0	1	-80	80;
	45	46	0.0013398623	0.0027450827	3.02770272e-08	100	100	100	0	0	1	-80	80;
	46	47	0.0013398623	0.0027450827	3.02770272e-08	100	100	100	0	0	1	-80	80;
	47	48	0.0013398623	0.0027450827	3.02770272e-08	100	100	100	0	0	1	-80	80;
	48	49	0.0013398623	0.0027450827	3.02770272e-08	100	100	100	0	0	1	-80	80;
	49	50	0.0013398623	0.0027450827	3.02770272e-08	100	100	100	0	0	1	-80	80;
	50	51	0.0013398623	0.0027450827	3.02770272e-08	100	100	100	0	0	1	-80	80;
	51	52	0.0013398623	0.0027450827	3.02770272e-08	100	100	100	0	0	1	-80	80;
	52	53	0.0013398623	0.0027450827	3.02770272e-08	100	100	100	0	0	1	-80	80;
	53	54	0.0013398623	0.0027450827	3.02770272e-08	100	100	100	0	0	1	-80	80;
	54	55	0.0013398623	0.0027450827	3.02770272e-08	100	100	100	0	0	1	-80	80;
	55	56	0.0013398623	0.0027450827	3.02770272e-08	100	100	100	0	0	1	-80	80;
	56	57	0.0013398623	0.0027450827	3.02770272e-08	100	100	100	0	0	1	-80	80;
	57	58	0.0013398623	0.0027450827	3.02770272e-08	100	100	100	0	0	1	-80	80;
	58	59	0.0013398623	0.0027450827	3.02770272e-08	100	100	100	0	0	1	-80	80;
