function mpc = case_ieee123_storage_807
%CASE_IEEE123_STORAGE_807

%% MATPOWER Case Format : Version 2
mpc.version = '2';

%%-----  Power Flow Data  -----%%
%% system MVA base
mpc.baseMVA = 1;

%% bus data
%	bus_i	type	Pd	Qd	Gs	Bs	area	Vm	Va	baseKV	zone	Vmax	Vmin
mpc.bus = [
	1	3	-0.003266	-0.001633	0	0	1	1	0	4.16	1	1.2	0.8;
	2	1	-0.002125	-0.0010625	0	0	1	1	0	4.16	1	1.2	0.8;
	3	1	0.000741	0.0003705	0	0	1	1	0	4.16	1	1.2	0.8;
	4	1	-0.002247	-0.0011235	0	0	1	1	0	4.16	1	1.2	0.8;
	5	1	-0.002364	-0.001182	0	0	1	1	0	4.16	1	1.2	0.8;
	6	1	1e-10	5e-11	0	0	1	1	0	4.16	1	1.2	0.8;
	7	1	1e-10	5e-11	0	0	1	1	0	4.16	1	1.2	0.8;
	8	1	-0.00354	-0.00177	0	0	1	1	0	4.16	1	1.2	0.8;
	9	1	-0.007167	-0.0035835	0	0	1	1	0	4.16	1	1.2	0.8;
	10	1	-0.003643	-0.0018215	0	0	1	1	0	4.16	1	1.2	0.8;
	11	1	-0.003217	-0.0016085	0	0	1	1	0	4.16	1	1.2	0.8;
	12	1	-0.004011	-0.0020055	0	0	1	1	0	4.16	1	1.2	0.8;
	13	1	-0.003275	-0.0016375	0	0	1	1	0	4.16	1	1.2	0.8;
	14	1	1e-10	5e-11	0	0	1	1	0	4.16	1	1.2	0.8;
	15	1	-0.003465	-0.0017325	0	0	1	1	0	4.16	1	1.2	0.8;
	16	1	-0.003584	-0.001792	0	0	1	1	0	4.16	1	1.2	0.8;
	17	1	-0.004424	-0.002212	0	0	1	1	0	4.16	1	1.2	0.8;
	18	1	-0.003859	-0.0019295	0	0	1	1	0	4.16	1	1.2	0.8;
	19	1	-0.00244	-0.00122	0	0	1	1	0	4.16	1	1.2	0.8;
	20	1	-0.002845	-0.0014225	0	0	1	1	0	4.16	1	1.2	0.8;
	21	1	-0.003651	-0.0018255	0	0	1	1	0	4.16	1	1.2	0.8;
	22	1	-0.002475	-0.0012375	0	0	1	1	0	4.16	1	1.2	0.8;
	23	1	-0.003525	-0.0017625	0	0	1	1	0	4.16	1	1.2	0.8;
	24	1	-0.003094	-0.001547	0	0	1	1	0	4.16	1	1.2	0.8;
	25	1	-0.002638	-0.001319	0	0	1	1	0	4.16	1	1.2	0.8;
	26	1	0.000247	0.0001235	0	0	1	1	0	4.16	1	1.2	0.8;
	27	1	0.000919	0.0004595	0	0	1	1	0	4.16	1	1.2	0.8;
	28	1	-0.001898	-0.000949	0	0	1	1	0	4.16	1	1.2	0.8;
	29	1	-0.00213	-0.001065	0	0	1	1	0	4.16	1	1.2	0.8;
	30	1	-0.003881	-0.0019405	0	0	1	1	0	4.16	1	1.2	0.8;
	31	1	-0.003945	-0.0019725	0	0	1	1	0	4.16	1	1.2	0.8;
	32	1	-0.003473	-0.0017365	0	0	1	1	0	4.16	1	1.2	0.8;
	33	1	-0.001958	-0.000979	0	0	1	1	0	4.16	1	1.2	0.8;
	34	1	-0.004119	-0.0020595	0	0	1	1	0	4.16	1	1.2	0.8;
	35	1	-0.003143	-0.0015715	0	0	1	1	0	4.16	1	1.2	0.8;
	36	1	-0.001443	-0.0007215	0	0	1	1	0	4.16	1	1.2	0.8;
	37	1	-0.003641	-0.0018205	0	0	1	1	0	4.16	1	1.2	0.8;
	38	1	-0.004298	-0.002149	0	0	1	1	0	4.16	1	1.2	0.8;
	39	1	-0.003193	-0.0015965	0	0	1	1	0	4.16	1	1.2	0.8;
	40	1	-0.00259	-0.001295	0	0	1	1	0	4.16	1	1.2	0.8;
	41	1	-0.006299	-0.0031495	0	0	1	1	0	4.16	1	1.2	0.8;
	42	1	-0.003119	-0.0015595	0	0	1	1	0	4.16	1	1.2	0.8;
	43	1	-0.004048	-0.002024	0	0	1	1	0	4.16	1	1.2	0.8;
	44	1	-0.004035	-0.0020175	0	0	1	1	0	4.16	1	1.2	0.8;
	45	1	1e-10	5e-11	0	0	1	1	0	4.16	1	1.2	0.8;
	46	1	-0.001833	-0.0009165	0	0	1	1	0	4.16	1	1.2	0.8;
	47	1	1e-10	5e-11	0	0	1	1	0	4.16	1	1.2	0.8;
	48	1	1e-10	5e-11	0	0	1	1	0	4.16	1	1.2	0.8;
	49	1	0.000919	0.0004595	0	0	1	1	0	4.16	1	1.2	0.8;
	50	1	-0.004004	-0.002002	0	0	1	1	0	4.16	1	1.2	0.8;
	51	1	1e-10	5e-11	0	0	1	1	0	4.16	1	1.2	0.8;
	52	1	1e-10	5e-11	0	0	1	1	0	4.16	1	1.2	0.8;
	53	1	-0.001894	-0.000947	0	0	1	1	0	4.16	1	1.2	0.8;
	54	1	1e-10	5e-11	0	0	1	1	0	4.16	1	1.2	0.8;
	55	1	1e-10	5e-11	0	0	1	1	0	4.16	1	1.2	0.8;
	56	1	-0.003436	-0.001718	0	0	1	1	0	4.16	1	1.2	0.8;
	57	1	1e-10	5e-11	0	0	1	1	0	4.16	1	1.2	0.8;
	58	1	1e-10	5e-11	0	0	1	1	0	4.16	1	1.2	0.8;
	59	1	0.000195	9.75e-05	0	0	1	1	0	4.16	1	1.2	0.8;
	60	1	-0.00377	-0.001885	0	0	1	1	0	4.16	1	1.2	0.8;
];

%% generator data
%	bus	Pg	Qg	Qmax	Qmin	Vg	mBase	status	Pmax	Pmin	Pc1	Pc2	Qc1min	Qc1max	Qc2min	Qc2max	ramp_agc	ramp_10	ramp_30	ramp_q	apf
mpc.gen = [
	1	-0.139983999	0	200	-200	1	1	1	200	-200	0	0	0	0	0	0	10	0	0	0	0;
];

%% branch data
%	fbus	tbus	r	x	b	rateA	rateB	rateC	ratio	angle	status	angmin	angmax
mpc.branch = [
	1	2	0.0013398623	0.0027450827	3.02770272e-08	100	100	100	0	0	1	-80	80;
	1	2	0.0013398623	0.0027450827	3.02770272e-08	100	100	100	0	0	1	-80	80;
	2	3	0.0013398623	0.0027450827	3.02770272e-08	100	100	100	0	0	1	-80	80;
	3	4	0.0013398623	0.0027450827	3.02770272e-08	100	100	100	0	0	1	-80	80;
	4	5	0.0013398623	0.0027450827	3.02770272e-08	100	100	100	0	0	1	-80	80;
	5	6	0.0013398623	0.0027450827	3.02770272e-08	100	100	100	0	0	1	-80	80;
	6	7	0.0013398623	0.0027450827	3.02770272e-08	100	100	100	0	0	1	-80	80;
	7	8	0.0013398623	0.0027450827	3.02770272e-08	100	100	100	0	0	1	-80	80;
	8	9	0.0013398623	0.0027450827	3.02770272e-08	100	100	100	0	0	1	-80	80;
	9	10	0.0013398623	0.0027450827	3.02770272e-08	100	100	100	0	0	1	-80	80;
	10	11	0.0013398623	0.0027450827	3.02770272e-08	100	100	100	0	0	1	-80	80;
	11	12	0.0013398623	0.0027450827	3.02770272e-08	100	100	100	0	0	1	-80	80;
	12	13	0.0013398623	0.0027450827	3.02770272e-08	100	100	100	0	0	1	-80	80;
	13	14	0.0013398623	0.0027450827	3.02770272e-08	100	100	100	0	0	1	-80	80;
	14	15	0.0013398623	0.0027450827	3.02770272e-08	100	100	100	0	0	1	-80	80;
	15	16	0.0013398623	0.0027450827	3.02770272e-08	100	100	100	0	0	1	-80	80;
	16	17	0.0013398623	0.0027450827	3.02770272e-08	100	100	100	0	0	1	-80	80;
	17	18	0.0013398623	0.0027450827	3.02770272e-08	100	100	100	0	0	1	-80	80;
	18	19	0.0013398623	0.0027450827	3.02770272e-08	100	100	100	0	0	1	-80	80;
	19	20	0.0013398623	0.0027450827	3.02770272e-08	100	100	100	0	0	1	-80	80;
	20	21	0.0013398623	0.0027450827	3.02770272e-08	100	100	100	0	0	1	-80	80;
	21	22	0.0013398623	0.0027450827	3.02770272e-08	100	100	100	0	0	1	-80	80;
	22	23	0.0013398623	0.0027450827	3.02770272e-08	100	100	100	0	0	1	-80	80;
	23	24	0.0013398623	0.0027450827	3.02770272e-08	100	100	100	0	0	1	-80	80;
	24	25	0.0013398623	0.0027450827	3.02770272e-08	100	100	100	0	0	1	-80	80;
	25	26	0.0013398623	0.0027450827	3.02770272e-08	100	100	100	0	0	1	-80	80;
	26	27	0.0013398623	0.0027450827	3.02770272e-08	100	100	100	0	0	1	-80	80;
	27	28	0.0013398623	0.0027450827	3.02770272e-08	100	100	100	0	0	1	-80	80;
	28	29	0.0013398623	0.0027450827	3.02770272e-08	100	100	100	0	0	1	-80	80;
	1	30	0.0013398623	0.0027450827	3.02770272e-08	100	100	100	0	0	1	-80	80;
	30	31	0.0013398623	0.0027450827	3.02770272e-08	100	100	100	0	0	1	-80	80;
	31	32	0.0013398623	0.0027450827	3.02770272e-08	100	100	100	0	0	1	-80	80;
	32	33	0.0013398623	0.0027450827	3.02770272e-08	100	100	100	0	0	1	-80	80;
	33	34	0.0013398623	0.0027450827	3.02770272e-08	100	100	100	0	0	1	-80	80;
	34	35	0.0013398623	0.0027450827	3.02770272e-08	100	100	100	0	0	1	-80	80;
	35	36	0.0013398623	0.0027450827	3.02770272e-08	100	100	100	0	0	1	-80	80;
	36	37	0.0013398623	0.0027450827	3.02770272e-08	100	100	100	0	0	1	-80	80;
	37	38	0.0013398623	0.0027450827	3.02770272e-08	100	100	100	0	0	1	-80	80;
	38	39	0.0013398623	0.0027450827	3.02770272e-08	100	100	100	0	0	1	-80	80;
	39	40	0.0013398623	0.0027450827	3.02770272e-08	100	100	100	0	0	1	-80	80;
	40	41	0.0013398623	0.0027450827	3.02770272e-08	100	100	100	0	0	1	-80	80;
	41	42	0.0013398623	0.0027450827	3.02770272e-08	100	100	100	0	0	1	-80	80;
	42	43	0.0013398623	0.0027450827	3.02770272e-08	100	100	100	0	0	1	-80	80;
	43	44	0.0013398623	0.0027450827	3.02770272e-08	100	100	100	0	0	1	-80	80;
	44	45	0.0013398623	0.0027450827	3.02770272e-08	100	100	100	0	0	1	-80	80;
	45	46	0.0013398623	0.0027450827	3.02770272e-08	100	100	100	0	0	1	-80	80;
	46	47	0.0013398623	0.0027450827	3.02770272e-08	100	100	100	0	0	1	-80	80;
	47	48	0.0013398623	0.0027450827	3.02770272e-08	100	100	100	0	0	1	-80	80;
	48	49	0.0013398623	0.0027450827	3.02770272e-08	100	100	100	0	0	1	-80	80;
	49	50	0.0013398623	0.0027450827	3.02770272e-08	100	100	100	0	0	1	-80	80;
	50	51	0.0013398623	0.0027450827	3.02770272e-08	100	100	100	0	0	1	-80	80;
	51	52	0.0013398623	0.0027450827	3.02770272e-08	100	100	100	0	0	1	-80	80;
	52	53	0.0013398623	0.0027450827	3.02770272e-08	100	100	100	0	0	1	-80	80;
	53	54	0.0013398623	0.0027450827	3.02770272e-08	100	100	100	0	0	1	-80	80;
	54	55	0.0013398623	0.0027450827	3.02770272e-08	100	100	100	0	0	1	-80	80;
	55	56	0.0013398623	0.0027450827	3.02770272e-08	100	100	100	0	0	1	-80	80;
	56	57	0.0013398623	0.0027450827	3.02770272e-08	100	100	100	0	0	1	-80	80;
	57	58	0.0013398623	0.0027450827	3.02770272e-08	100	100	100	0	0	1	-80	80;
	58	59	0.0013398623	0.0027450827	3.02770272e-08	100	100	100	0	0	1	-80	80;
