function mpc = case_ieee123_storage_898
%CASE_IEEE123_STORAGE_898

%% MATPOWER Case Format : Version 2
mpc.version = '2';

%%-----  Power Flow Data  -----%%
%% system MVA base
mpc.baseMVA = 1;

%% bus data
%	bus_i	type	Pd	Qd	Gs	Bs	area	Vm	Va	baseKV	zone	Vmax	Vmin
mpc.bus = [
	1	3	-0.00392	-0.00196	0	0	1	1	0	4.16	1	1.2	0.8;
	2	1	0.001082	0.000541	0	0	1	1	0	4.16	1	1.2	0.8;
	3	1	0.000233	0.0001165	0	0	1	1	0	4.16	1	1.2	0.8;
	4	1	-0.00272	-0.00136	0	0	1	1	0	4.16	1	1.2	0.8;
	5	1	-0.002588	-0.001294	0	0	1	1	0	4.16	1	1.2	0.8;
	6	1	1e-10	5e-11	0	0	1	1	0	4.16	1	1.2	0.8;
	7	1	1e-10	5e-11	0	0	1	1	0	4.16	1	1.2	0.8;
	8	1	-0.003761	-0.0018805	0	0	1	1	0	4.16	1	1.2	0.8;
	9	1	-0.006895	-0.0034475	0	0	1	1	0	4.16	1	1.2	0.8;
	10	1	-0.000861	-0.0004305	0	0	1	1	0	4.16	1	1.2	0.8;
	11	1	-0.003547	-0.0017735	0	0	1	1	0	4.16	1	1.2	0.8;
	12	1	-0.004243	-0.0021215	0	0	1	1	0	4.16	1	1.2	0.8;
	13	1	-0.003333	-0.0016665	0	0	1	1	0	4.16	1	1.2	0.8;
	14	1	1e-10	5e-11	0	0	1	1	0	4.16	1	1.2	0.8;
	15	1	-0.003867	-0.0019335	0	0	1	1	0	4.16	1	1.2	0.8;
	16	1	-0.004035	-0.0020175	0	0	1	1	0	4.16	1	1.2	0.8;
	17	1	-0.004221	-0.0021105	0	0	1	1	0	4.16	1	1.2	0.8;
	18	1	-0.004234	-0.002117	0	0	1	1	0	4.16	1	1.2	0.8;
	19	1	-0.002854	-0.001427	0	0	1	1	0	4.16	1	1.2	0.8;
	20	1	-0.002735	-0.0013675	0	0	1	1	0	4.16	1	1.2	0.8;
	21	1	-0.004048	-0.002024	0	0	1	1	0	4.16	1	1.2	0.8;
	22	1	-0.002565	-0.0012825	0	0	1	1	0	4.16	1	1.2	0.8;
	23	1	-0.003429	-0.0017145	0	0	1	1	0	4.16	1	1.2	0.8;
	24	1	-0.003492	-0.001746	0	0	1	1	0	4.16	1	1.2	0.8;
	25	1	-0.002574	-0.001287	0	0	1	1	0	4.16	1	1.2	0.8;
	26	1	0.00025	0.000125	0	0	1	1	0	4.16	1	1.2	0.8;
	27	1	0.000785	0.0003925	0	0	1	1	0	4.16	1	1.2	0.8;
	28	1	-0.001993	-0.0009965	0	0	1	1	0	4.16	1	1.2	0.8;
	29	1	-0.002586	-0.001293	0	0	1	1	0	4.16	1	1.2	0.8;
	30	1	-0.004027	-0.0020135	0	0	1	1	0	4.16	1	1.2	0.8;
	31	1	-0.004183	-0.0020915	0	0	1	1	0	4.16	1	1.2	0.8;
	32	1	-0.003637	-0.0018185	0	0	1	1	0	4.16	1	1.2	0.8;
	33	1	-0.002356	-0.001178	0	0	1	1	0	4.16	1	1.2	0.8;
	34	1	-0.004345	-0.0021725	0	0	1	1	0	4.16	1	1.2	0.8;
	35	1	-0.002987	-0.0014935	0	0	1	1	0	4.16	1	1.2	0.8;
	36	1	1e-10	5e-11	0	0	1	1	0	4.16	1	1.2	0.8;
	37	1	-0.003547	-0.0017735	0	0	1	1	0	4.16	1	1.2	0.8;
	38	1	-0.004227	-0.0021135	0	0	1	1	0	4.16	1	1.2	0.8;
	39	1	-0.00351	-0.001755	0	0	1	1	0	4.16	1	1.2	0.8;
	40	1	-0.002925	-0.0014625	0	0	1	1	0	4.16	1	1.2	0.8;
	41	1	-0.006144	-0.003072	0	0	1	1	0	4.16	1	1.2	0.8;
	42	1	-0.003708	-0.001854	0	0	1	1	0	4.16	1	1.2	0.8;
	43	1	-0.004083	-0.0020415	0	0	1	1	0	4.16	1	1.2	0.8;
	44	1	-0.003904	-0.001952	0	0	1	1	0	4.16	1	1.2	0.8;
	45	1	1e-10	5e-11	0	0	1	1	0	4.16	1	1.2	0.8;
	46	1	-4.8e-05	-2.4e-05	0	0	1	1	0	4.16	1	1.2	0.8;
	47	1	1e-10	5e-11	0	0	1	1	0	4.16	1	1.2	0.8;
	48	1	1e-10	5e-11	0	0	1	1	0	4.16	1	1.2	0.8;
	49	1	0.000502	0.000251	0	0	1	1	0	4.16	1	1.2	0.8;
	50	1	-0.004204	-0.002102	0	0	1	1	0	4.16	1	1.2	0.8;
	51	1	1e-10	5e-11	0	0	1	1	0	4.16	1	1.2	0.8;
	52	1	1e-10	5e-11	0	0	1	1	0	4.16	1	1.2	0.8;
	53	1	-0.002587	-0.0012935	0	0	1	1	0	4.16	1	1.2	0.8;
	54	1	1e-10	5e-11	0	0	1	1	0	4.16	1	1.2	0.8;
	55	1	1e-10	5e-11	0	0	1	1	0	4.16	1	1.2	0.8;
	56	1	-0.000889	-0.0004445	0	0	1	1	0	4.16	1	1.2	0.8;
	57	1	1e-10	5e-11	0	0	1	1	0	4.16	1	1.2	0.8;
	58	1	1e-10	5e-11	0	0	1	1	0	4.16	1	1.2	0.8;
	59	1	0.000194	9.7e-05	0	0	1	1	0	4.16	1	1.2	0.8;
	60	1	-0.003807	-0.0019035	0	0	1	1	0	4.16	1	1.2	0.8;
];

%% generator data
%	bus	Pg	Qg	Qmax	Qmin	Vg	mBase	status	Pmax	Pmin	Pc1	Pc2	Qc1min	Qc1max	Qc2min	Qc2max	ramp_agc	ramp_10	ramp_30	ramp_q	apf
mpc.gen = [
	1	-0.136572999	0	200	-200	1	1	1	200	-200	0	0	0	0	0	0	10	0	0	0	0;
];

%% branch data
%	fbus	tbus	r	x	b	rateA	rateB	rateC	ratio	angle	status	angmin	angmax
mpc.branch = [
	1	2	0.0013398623	0.0027450827	3.02770272e-08	100	100	100	0	0	1	-80	80;
	1	2	0.0013398623	0.0027450827	3.02770272e-08	100	100	100	0	0	1	-80	80;
	2	3	0.0013398623	0.0027450827	3.02770272e-08	100	100	100	0	0	1	-80	80;
	3	4	0.0013398623	0.0027450827	3.02770272e-08	100	100	100	0	0	1	-80	80;
	4	5	0.0013398623	0.0027450827	3.02770272e-08	100	100	100	0	0	1	-80	80;
	5	6	0.0013398623	0.0027450827	3.02770272e-08	100	100	100	0	0	1	-80	80;
	6	7	0.0013398623	0.0027450827	3.02770272e-08	100	100	100	0	0	1	-80	80;
	7	8	0.0013398623	0.0027450827	3.02770272e-08	100	100	100	0	0	1	-80	80;
	8	9	0.0013398623	0.0027450827	3.02770272e-08	100	100	100	0	0	1	-80	80;
	9	10	0.0013398623	0.0027450827	3.02770272e-08	100	100	100	0	0	1	-80	80;
	10	11	0.0013398623	0.0027450827	3.02770272e-08	100	100	100	0	0	1	-80	80;
	11	12	0.0013398623	0.0027450827	3.02770272e-08	100	100	100	0	0	1	-80	80;
	12	13	0.0013398623	0.0027450827	3.02770272e-08	100	100	100	0	0	1	-80	80;
	13	14	0.0013398623	0.0027450827	3.02770272e-08	100	100	100	0	0	1	-80	80;
	14	15	0.0013398623	0.0027450827	3.02770272e-08	100	100	100	0	0	1	-80	80;
	15	16	0.0013398623	0.0027450827	3.02770272e-08	100	100	100	0	0	1	-80	80;
	16	17	0.0013398623	0.0027450827	3.02770272e-08	100	100	100	0	0	1	-80	80;
	17	18	0.0013398623	0.0027450827	3.02770272e-08	100	100	100	0	0	1	-80	80;
	18	19	0.0013398623	0.0027450827	3.02770272e-08	100	100	100	0	0	1	-80	80;
	19	20	0.0013398623	0.0027450827	3.02770272e-08	100	100	100	0	0	1	-80	80;
	20	21	0.0013398623	0.0027450827	3.02770272e-08	100	100	100	0	0	1	-80	80;
	21	22	0.0013398623	0.0027450827	3.02770272e-08	100	100	100	0	0	1	-80	80;
	22	23	0.0013398623	0.0027450827	3.02770272e-08	100	100	100	0	0	1	-80	80;
	23	24	0.0013398623	0.0027450827	3.02770272e-08	100	100	100	0	0	1	-80	80;
	24	25	0.0013398623	0.0027450827	3.02770272e-08	100	100	100	0	0	1	-80	80;
	25	26	0.0013398623	0.0027450827	3.02770272e-08	100	100	100	0	0	1	-80	80;
	26	27	0.0013398623	0.0027450827	3.02770272e-08	100	100	100	0	0	1	-80	80;
	27	28	0.0013398623	0.0027450827	3.02770272e-08	100	100	100	0	0	1	-80	80;
	28	29	0.0013398623	0.0027450827	3.02770272e-08	100	100	100	0	0	1	-80	80;
	1	30	0.0013398623	0.0027450827	3.02770272e-08	100	100	100	0	0	1	-80	80;
	30	31	0.0013398623	0.0027450827	3.02770272e-08	100	100	100	0	0	1	-80	80;
	31	32	0.0013398623	0.0027450827	3.02770272e-08	100	100	100	0	0	1	-80	80;
	32	33	0.0013398623	0.0027450827	3.02770272e-08	100	100	100	0	0	1	-80	80;
	33	34	0.0013398623	0.0027450827	3.02770272e-08	100	100	100	0	0	1	-80	80;
	34	35	0.0013398623	0.0027450827	3.02770272e-08	100	100	100	0	0	1	-80	80;
	35	36	0.0013398623	0.0027450827	3.02770272e-08	100	100	100	0	0	1	-80	80;
	36	37	0.0013398623	0.0027450827	3.02770272e-08	100	100	100	0	0	1	-80	80;
	37	38	0.0013398623	0.0027450827	3.02770272e-08	100	100	100	0	0	1	-80	80;
	38	39	0.0013398623	0.0027450827	3.02770272e-08	100	100	100	0	0	1	-80	80;
	39	40	0.0013398623	0.0027450827	3.02770272e-08	100	100	100	0	0	1	-80	80;
	40	41	0.0013398623	0.0027450827	3.02770272e-08	100	100	100	0	0	1	-80	80;
	41	42	0.0013398623	0.0027450827	3.02770272e-08	100	100	100	0	0	1	-80	80;
	42	43	0.0013398623	0.0027450827	3.02770272e-08	100	100	100	0	0	1	-80	80;
	43	44	0.0013398623	0.0027450827	3.02770272e-08	100	100	100	0	0	1	-80	80;
	44	45	0.0013398623	0.0027450827	3.02770272e-08	100	100	100	0	0	1	-80	80;
	45	46	0.0013398623	0.0027450827	3.02770272e-08	100	100	100	0	0	1	-80	80;
	46	47	0.0013398623	0.0027450827	3.02770272e-08	100	100	100	0	0	1	-80	80;
	47	48	0.0013398623	0.0027450827	3.02770272e-08	100	100	100	0	0	1	-80	80;
	48	49	0.0013398623	0.0027450827	3.02770272e-08	100	100	100	0	0	1	-80	80;
	49	50	0.0013398623	0.0027450827	3.02770272e-08	100	100	100	0	0	1	-80	80;
	50	51	0.0013398623	0.0027450827	3.02770272e-08	100	100	100	0	0	1	-80	80;
	51	52	0.0013398623	0.0027450827	3.02770272e-08	100	100	100	0	0	1	-80	80;
	52	53	0.0013398623	0.0027450827	3.02770272e-08	100	100	100	0	0	1	-80	80;
	53	54	0.0013398623	0.0027450827	3.02770272e-08	100	100	100	0	0	1	-80	80;
	54	55	0.0013398623	0.0027450827	3.02770272e-08	100	100	100	0	0	1	-80	80;
	55	56	0.0013398623	0.0027450827	3.02770272e-08	100	100	100	0	0	1	-80	80;
	56	57	0.0013398623	0.0027450827	3.02770272e-08	100	100	100	0	0	1	-80	80;
	57	58	0.0013398623	0.0027450827	3.02770272e-08	100	100	100	0	0	1	-80	80;
	58	59	0.0013398623	0.0027450827	3.02770272e-08	100	100	100	0	0	1	-80	80;
