function mpc = case_ieee123_storage_1010
%CASE_IEEE123_STORAGE_1010

%% MATPOWER Case Format : Version 2
mpc.version = '2';

%%-----  Power Flow Data  -----%%
%% system MVA base
mpc.baseMVA = 1;

%% bus data
%	bus_i	type	Pd	Qd	Gs	Bs	area	Vm	Va	baseKV	zone	Vmax	Vmin
mpc.bus = [
	1	3	-0.002293	-0.0011465	0	0	1	1	0	4.16	1	1.2	0.8;
	2	1	0.002179	0.0010895	0	0	1	1	0	4.16	1	1.2	0.8;
	3	1	0.000667	0.0003335	0	0	1	1	0	4.16	1	1.2	0.8;
	4	1	-0.000785	-0.0003925	0	0	1	1	0	4.16	1	1.2	0.8;
	5	1	-0.002007	-0.0010035	0	0	1	1	0	4.16	1	1.2	0.8;
	6	1	1e-10	5e-11	0	0	1	1	0	4.16	1	1.2	0.8;
	7	1	1e-10	5e-11	0	0	1	1	0	4.16	1	1.2	0.8;
	8	1	-0.003093	-0.0015465	0	0	1	1	0	4.16	1	1.2	0.8;
	9	1	-0.00264	-0.00132	0	0	1	1	0	4.16	1	1.2	0.8;
	10	1	0.000111	5.55e-05	0	0	1	1	0	4.16	1	1.2	0.8;
	11	1	-0.00095	-0.000475	0	0	1	1	0	4.16	1	1.2	0.8;
	12	1	-0.002837	-0.0014185	0	0	1	1	0	4.16	1	1.2	0.8;
	13	1	-0.002456	-0.001228	0	0	1	1	0	4.16	1	1.2	0.8;
	14	1	1e-10	5e-11	0	0	1	1	0	4.16	1	1.2	0.8;
	15	1	-0.003048	-0.001524	0	0	1	1	0	4.16	1	1.2	0.8;
	16	1	-0.003301	-0.0016505	0	0	1	1	0	4.16	1	1.2	0.8;
	17	1	-0.002376	-0.001188	0	0	1	1	0	4.16	1	1.2	0.8;
	18	1	-0.002201	-0.0011005	0	0	1	1	0	4.16	1	1.2	0.8;
	19	1	-0.00266	-0.00133	0	0	1	1	0	4.16	1	1.2	0.8;
	20	1	-0.001377	-0.0006885	0	0	1	1	0	4.16	1	1.2	0.8;
	21	1	-0.002789	-0.0013945	0	0	1	1	0	4.16	1	1.2	0.8;
	22	1	-0.001685	-0.0008425	0	0	1	1	0	4.16	1	1.2	0.8;
	23	1	-0.002215	-0.0011075	0	0	1	1	0	4.16	1	1.2	0.8;
	24	1	-0.001651	-0.0008255	0	0	1	1	0	4.16	1	1.2	0.8;
	25	1	-0.001626	-0.000813	0	0	1	1	0	4.16	1	1.2	0.8;
	26	1	0.000247	0.0001235	0	0	1	1	0	4.16	1	1.2	0.8;
	27	1	-0.001874	-0.000937	0	0	1	1	0	4.16	1	1.2	0.8;
	28	1	-0.001041	-0.0005205	0	0	1	1	0	4.16	1	1.2	0.8;
	29	1	-0.002439	-0.0012195	0	0	1	1	0	4.16	1	1.2	0.8;
	30	1	-0.000558	-0.000279	0	0	1	1	0	4.16	1	1.2	0.8;
	31	1	-0.001091	-0.0005455	0	0	1	1	0	4.16	1	1.2	0.8;
	32	1	-0.002127	-0.0010635	0	0	1	1	0	4.16	1	1.2	0.8;
	33	1	-0.001726	-0.000863	0	0	1	1	0	4.16	1	1.2	0.8;
	34	1	-0.003125	-0.0015625	0	0	1	1	0	4.16	1	1.2	0.8;
	35	1	-0.002016	-0.001008	0	0	1	1	0	4.16	1	1.2	0.8;
	36	1	-0.001481	-0.0007405	0	0	1	1	0	4.16	1	1.2	0.8;
	37	1	-0.001523	-0.0007615	0	0	1	1	0	4.16	1	1.2	0.8;
	38	1	-0.002591	-0.0012955	0	0	1	1	0	4.16	1	1.2	0.8;
	39	1	-0.002853	-0.0014265	0	0	1	1	0	4.16	1	1.2	0.8;
	40	1	-0.002082	-0.001041	0	0	1	1	0	4.16	1	1.2	0.8;
	41	1	-0.003406	-0.001703	0	0	1	1	0	4.16	1	1.2	0.8;
	42	1	-0.003219	-0.0016095	0	0	1	1	0	4.16	1	1.2	0.8;
	43	1	-0.002858	-0.001429	0	0	1	1	0	4.16	1	1.2	0.8;
	44	1	-0.002232	-0.001116	0	0	1	1	0	4.16	1	1.2	0.8;
	45	1	1e-10	5e-11	0	0	1	1	0	4.16	1	1.2	0.8;
	46	1	-0.001007	-0.0005035	0	0	1	1	0	4.16	1	1.2	0.8;
	47	1	1e-10	5e-11	0	0	1	1	0	4.16	1	1.2	0.8;
	48	1	1e-10	5e-11	0	0	1	1	0	4.16	1	1.2	0.8;
	49	1	0.000891	0.0004455	0	0	1	1	0	4.16	1	1.2	0.8;
	50	1	-0.002682	-0.001341	0	0	1	1	0	4.16	1	1.2	0.8;
	51	1	1e-10	5e-11	0	0	1	1	0	4.16	1	1.2	0.8;
	52	1	1e-10	5e-11	0	0	1	1	0	4.16	1	1.2	0.8;
	53	1	0.004729	0.0023645	0	0	1	1	0	4.16	1	1.2	0.8;
	54	1	1e-10	5e-11	0	0	1	1	0	4.16	1	1.2	0.8;
	55	1	1e-10	5e-11	0	0	1	1	0	4.16	1	1.2	0.8;
	56	1	0.000558	0.000279	0	0	1	1	0	4.16	1	1.2	0.8;
	57	1	1e-10	5e-11	0	0	1	1	0	4.16	1	1.2	0.8;
	58	1	1e-10	5e-11	0	0	1	1	0	4.16	1	1.2	0.8;
	59	1	6.6e-05	3.3e-05	0	0	1	1	0	4.16	1	1.2	0.8;
	60	1	-0.003395	-0.0016975	0	0	1	1	0	4.16	1	1.2	0.8;
];

%% generator data
%	bus	Pg	Qg	Qmax	Qmin	Vg	mBase	status	Pmax	Pmin	Pc1	Pc2	Qc1min	Qc1max	Qc2min	Qc2max	ramp_agc	ramp_10	ramp_30	ramp_q	apf
mpc.gen = [
	1	-0.0778679988	0	200	-200	1	1	1	200	-200	0	0	0	0	0	0	10	0	0	0	0;
];

%% branch data
%	fbus	tbus	r	x	b	rateA	rateB	rateC	ratio	angle	status	angmin	angmax
mpc.branch = [
	1	2	0.0013398623	0.0027450827	3.02770272e-08	100	100	100	0	0	1	-80	80;
	1	2	0.0013398623	0.0027450827	3.02770272e-08	100	100	100	0	0	1	-80	80;
	2	3	0.0013398623	0.0027450827	3.02770272e-08	100	100	100	0	0	1	-80	80;
	3	4	0.0013398623	0.0027450827	3.02770272e-08	100	100	100	0	0	1	-80	80;
	4	5	0.0013398623	0.0027450827	3.02770272e-08	100	100	100	0	0	1	-80	80;
	5	6	0.0013398623	0.0027450827	3.02770272e-08	100	100	100	0	0	1	-80	80;
	6	7	0.0013398623	0.0027450827	3.02770272e-08	100	100	100	0	0	1	-80	80;
	7	8	0.0013398623	0.0027450827	3.02770272e-08	100	100	100	0	0	1	-80	80;
	8	9	0.0013398623	0.0027450827	3.02770272e-08	100	100	100	0	0	1	-80	80;
	9	10	0.0013398623	0.0027450827	3.02770272e-08	100	100	100	0	0	1	-80	80;
	10	11	0.0013398623	0.0027450827	3.02770272e-08	100	100	100	0	0	1	-80	80;
	11	12	0.0013398623	0.0027450827	3.02770272e-08	100	100	100	0	0	1	-80	80;
	12	13	0.0013398623	0.0027450827	3.02770272e-08	100	100	100	0	0	1	-80	80;
	13	14	0.0013398623	0.0027450827	3.02770272e-08	100	100	100	0	0	1	-80	80;
	14	15	0.0013398623	0.0027450827	3.02770272e-08	100	100	100	0	0	1	-80	80;
	15	16	0.0013398623	0.0027450827	3.02770272e-08	100	100	100	0	0	1	-80	80;
	16	17	0.0013398623	0.0027450827	3.02770272e-08	100	100	100	0	0	1	-80	80;
	17	18	0.0013398623	0.0027450827	3.02770272e-08	100	100	100	0	0	1	-80	80;
	18	19	0.0013398623	0.0027450827	3.02770272e-08	100	100	100	0	0	1	-80	80;
	19	20	0.0013398623	0.0027450827	3.02770272e-08	100	100	100	0	0	1	-80	80;
	20	21	0.0013398623	0.0027450827	3.02770272e-08	100	100	100	0	0	1	-80	80;
	21	22	0.0013398623	0.0027450827	3.02770272e-08	100	100	100	0	0	1	-80	80;
	22	23	0.0013398623	0.0027450827	3.02770272e-08	100	100	100	0	0	1	-80	80;
	23	24	0.0013398623	0.0027450827	3.02770272e-08	100	100	100	0	0	1	-80	80;
	24	25	0.0013398623	0.0027450827	3.02770272e-08	100	100	100	0	0	1	-80	80;
	25	26	0.0013398623	0.0027450827	3.02770272e-08	100	100	100	0	0	1	-80	80;
	26	27	0.0013398623	0.0027450827	3.02770272e-08	100	100	100	0	0	1	-80	80;
	27	28	0.0013398623	0.0027450827	3.02770272e-08	100	100	100	0	0	1	-80	80;
	28	29	0.0013398623	0.0027450827	3.02770272e-08	100	100	100	0	0	1	-80	80;
	1	30	0.0013398623	0.0027450827	3.02770272e-08	100	100	100	0	0	1	-80	80;
	30	31	0.0013398623	0.0027450827	3.02770272e-08	100	100	100	0	0	1	-80	80;
	31	32	0.0013398623	0.0027450827	3.02770272e-08	100	100	100	0	0	1	-80	80;
	32	33	0.0013398623	0.0027450827	3.02770272e-08	100	100	100	0	0	1	-80	80;
	33	34	0.0013398623	0.0027450827	3.02770272e-08	100	100	100	0	0	1	-80	80;
	34	35	0.0013398623	0.0027450827	3.02770272e-08	100	100	100	0	0	1	-80	80;
	35	36	0.0013398623	0.0027450827	3.02770272e-08	100	100	100	0	0	1	-80	80;
	36	37	0.0013398623	0.0027450827	3.02770272e-08	100	100	100	0	0	1	-80	80;
	37	38	0.0013398623	0.0027450827	3.02770272e-08	100	100	100	0	0	1	-80	80;
	38	39	0.0013398623	0.0027450827	3.02770272e-08	100	100	100	0	0	1	-80	80;
	39	40	0.0013398623	0.0027450827	3.02770272e-08	100	100	100	0	0	1	-80	80;
	40	41	0.0013398623	0.0027450827	3.02770272e-08	100	100	100	0	0	1	-80	80;
	41	42	0.0013398623	0.0027450827	3.02770272e-08	100	100	100	0	0	1	-80	80;
	42	43	0.0013398623	0.0027450827	3.02770272e-08	100	100	100	0	0	1	-80	80;
	43	44	0.0013398623	0.0027450827	3.02770272e-08	100	100	100	0	0	1	-80	80;
	44	45	0.0013398623	0.0027450827	3.02770272e-08	100	100	100	0	0	1	-80	80;
	45	46	0.0013398623	0.0027450827	3.02770272e-08	100	100	100	0	0	1	-80	80;
	46	47	0.0013398623	0.0027450827	3.02770272e-08	100	100	100	0	0	1	-80	80;
	47	48	0.0013398623	0.0027450827	3.02770272e-08	100	100	100	0	0	1	-80	80;
	48	49	0.0013398623	0.0027450827	3.02770272e-08	100	100	100	0	0	1	-80	80;
	49	50	0.0013398623	0.0027450827	3.02770272e-08	100	100	100	0	0	1	-80	80;
	50	51	0.0013398623	0.0027450827	3.02770272e-08	100	100	100	0	0	1	-80	80;
	51	52	0.0013398623	0.0027450827	3.02770272e-08	100	100	100	0	0	1	-80	80;
	52	53	0.0013398623	0.0027450827	3.02770272e-08	100	100	100	0	0	1	-80	80;
	53	54	0.0013398623	0.0027450827	3.02770272e-08	100	100	100	0	0	1	-80	80;
	54	55	0.0013398623	0.0027450827	3.02770272e-08	100	100	100	0	0	1	-80	80;
	55	56	0.0013398623	0.0027450827	3.02770272e-08	100	100	100	0	0	1	-80	80;
	56	57	0.0013398623	0.0027450827	3.02770272e-08	100	100	100	0	0	1	-80	80;
	57	58	0.0013398623	0.0027450827	3.02770272e-08	100	100	100	0	0	1	-80	80;
	58	59	0.0013398623	0.0027450827	3.02770272e-08	100	100	100	0	0	1	-80	80;
