function mpc = case_ieee123_storage_1141
%CASE_IEEE123_STORAGE_1141

%% MATPOWER Case Format : Version 2
mpc.version = '2';

%%-----  Power Flow Data  -----%%
%% system MVA base
mpc.baseMVA = 1;

%% bus data
%	bus_i	type	Pd	Qd	Gs	Bs	area	Vm	Va	baseKV	zone	Vmax	Vmin
mpc.bus = [
	1	3	-0.001031	-0.0005155	0	0	1	1	0	4.16	1	1.2	0.8;
	2	1	0.005824	0.002912	0	0	1	1	0	4.16	1	1.2	0.8;
	3	1	0.000773	0.0003865	0	0	1	1	0	4.16	1	1.2	0.8;
	4	1	0.00045	0.000225	0	0	1	1	0	4.16	1	1.2	0.8;
	5	1	0.000171	8.55e-05	0	0	1	1	0	4.16	1	1.2	0.8;
	6	1	1e-10	5e-11	0	0	1	1	0	4.16	1	1.2	0.8;
	7	1	1e-10	5e-11	0	0	1	1	0	4.16	1	1.2	0.8;
	8	1	-0.000603	-0.0003015	0	0	1	1	0	4.16	1	1.2	0.8;
	9	1	0.001931	0.0009655	0	0	1	1	0	4.16	1	1.2	0.8;
	10	1	0.000427	0.0002135	0	0	1	1	0	4.16	1	1.2	0.8;
	11	1	0.004901	0.0024505	0	0	1	1	0	4.16	1	1.2	0.8;
	12	1	-0.000117	-5.85e-05	0	0	1	1	0	4.16	1	1.2	0.8;
	13	1	-0.000355	-0.0001775	0	0	1	1	0	4.16	1	1.2	0.8;
	14	1	1e-10	5e-11	0	0	1	1	0	4.16	1	1.2	0.8;
	15	1	-0.000183	-9.15e-05	0	0	1	1	0	4.16	1	1.2	0.8;
	16	1	0.000347	0.0001735	0	0	1	1	0	4.16	1	1.2	0.8;
	17	1	-4.8e-05	-2.4e-05	0	0	1	1	0	4.16	1	1.2	0.8;
	18	1	-0.000115	-5.75e-05	0	0	1	1	0	4.16	1	1.2	0.8;
	19	1	-0.000262	-0.000131	0	0	1	1	0	4.16	1	1.2	0.8;
	20	1	0.0006	0.0003	0	0	1	1	0	4.16	1	1.2	0.8;
	21	1	0.000109	5.45e-05	0	0	1	1	0	4.16	1	1.2	0.8;
	22	1	-0.000349	-0.0001745	0	0	1	1	0	4.16	1	1.2	0.8;
	23	1	0.000187	9.35e-05	0	0	1	1	0	4.16	1	1.2	0.8;
	24	1	-5.1e-05	-2.55e-05	0	0	1	1	0	4.16	1	1.2	0.8;
	25	1	0.000678	0.000339	0	0	1	1	0	4.16	1	1.2	0.8;
	26	1	0.00015	7.5e-05	0	0	1	1	0	4.16	1	1.2	0.8;
	27	1	0.000614	0.000307	0	0	1	1	0	4.16	1	1.2	0.8;
	28	1	0.000682	0.000341	0	0	1	1	0	4.16	1	1.2	0.8;
	29	1	0.000299	0.0001495	0	0	1	1	0	4.16	1	1.2	0.8;
	30	1	0.004805	0.0024025	0	0	1	1	0	4.16	1	1.2	0.8;
	31	1	0.004265	0.0021325	0	0	1	1	0	4.16	1	1.2	0.8;
	32	1	0.000543	0.0002715	0	0	1	1	0	4.16	1	1.2	0.8;
	33	1	0.000422	0.000211	0	0	1	1	0	4.16	1	1.2	0.8;
	34	1	-0.000345	-0.0001725	0	0	1	1	0	4.16	1	1.2	0.8;
	35	1	0.000223	0.0001115	0	0	1	1	0	4.16	1	1.2	0.8;
	36	1	-0.000117	-5.85e-05	0	0	1	1	0	4.16	1	1.2	0.8;
	37	1	0.000169	8.45e-05	0	0	1	1	0	4.16	1	1.2	0.8;
	38	1	0.00076	0.00038	0	0	1	1	0	4.16	1	1.2	0.8;
	39	1	-0.000204	-0.000102	0	0	1	1	0	4.16	1	1.2	0.8;
	40	1	0.000136	6.8e-05	0	0	1	1	0	4.16	1	1.2	0.8;
	41	1	0.000194	9.7e-05	0	0	1	1	0	4.16	1	1.2	0.8;
	42	1	0.004368	0.002184	0	0	1	1	0	4.16	1	1.2	0.8;
	43	1	-0.000452	-0.000226	0	0	1	1	0	4.16	1	1.2	0.8;
	44	1	0.000566	0.000283	0	0	1	1	0	4.16	1	1.2	0.8;
	45	1	1e-10	5e-11	0	0	1	1	0	4.16	1	1.2	0.8;
	46	1	0.000251	0.0001255	0	0	1	1	0	4.16	1	1.2	0.8;
	47	1	1e-10	5e-11	0	0	1	1	0	4.16	1	1.2	0.8;
	48	1	1e-10	5e-11	0	0	1	1	0	4.16	1	1.2	0.8;
	49	1	0.000907	0.0004535	0	0	1	1	0	4.16	1	1.2	0.8;
	50	1	0.000188	9.4e-05	0	0	1	1	0	4.16	1	1.2	0.8;
	51	1	1e-10	5e-11	0	0	1	1	0	4.16	1	1.2	0.8;
	52	1	1e-10	5e-11	0	0	1	1	0	4.16	1	1.2	0.8;
	53	1	0.00085	0.000425	0	0	1	1	0	4.16	1	1.2	0.8;
	54	1	1e-10	5e-11	0	0	1	1	0	4.16	1	1.2	0.8;
	55	1	1e-10	5e-11	0	0	1	1	0	4.16	1	1.2	0.8;
	56	1	0.00299	0.001495	0	0	1	1	0	4.16	1	1.2	0.8;
	57	1	1e-10	5e-11	0	0	1	1	0	4.16	1	1.2	0.8;
	58	1	1e-10	5e-11	0	0	1	1	0	4.16	1	1.2	0.8;
	59	1	0.000207	0.0001035	0	0	1	1	0	4.16	1	1.2	0.8;
	60	1	-0.000484	-0.000242	0	0	1	1	0	4.16	1	1.2	0.8;
];

%% generator data
%	bus	Pg	Qg	Qmax	Qmin	Vg	mBase	status	Pmax	Pmin	Pc1	Pc2	Qc1min	Qc1max	Qc2min	Qc2max	ramp_agc	ramp_10	ramp_30	ramp_q	apf
mpc.gen = [
	1	0.0352710012	0	200	-200	1	1	1	200	-200	0	0	0	0	0	0	10	0	0	0	0;
];

%% branch data
%	fbus	tbus	r	x	b	rateA	rateB	rateC	ratio	angle	status	angmin	angmax
mpc.branch = [
	1	2	0.0013398623	0.0027450827	3.02770272e-08	100	100	100	0	0	1	-80	80;
	1	2	0.0013398623	0.0027450827	3.02770272e-08	100	100	100	0	0	1	-80	80;
	2	3	0.0013398623	0.0027450827	3.02770272e-08	100	100	100	0	0	1	-80	80;
	3	4	0.0013398623	0.0027450827	3.02770272e-08	100	100	100	0	0	1	-80	80;
	4	5	0.0013398623	0.0027450827	3.02770272e-08	100	100	100	0	0	1	-80	80;
	5	6	0.0013398623	0.0027450827	3.02770272e-08	100	100	100	0	0	1	-80	80;
	6	7	0.0013398623	0.0027450827	3.02770272e-08	100	100	100	0	0	1	-80	80;
	7	8	0.0013398623	0.0027450827	3.02770272e-08	100	100	100	0	0	1	-80	80;
	8	9	0.0013398623	0.0027450827	3.02770272e-08	100	100	100	0	0	1	-80	80;
	9	10	0.0013398623	0.0027450827	3.02770272e-08	100	100	100	0	0	1	-80	80;
	10	11	0.0013398623	0.0027450827	3.02770272e-08	100	100	100	0	0	1	-80	80;
	11	12	0.0013398623	0.0027450827	3.02770272e-08	100	100	100	0	0	1	-80	80;
	12	13	0.0013398623	0.0027450827	3.02770272e-08	100	100	100	0	0	1	-80	80;
	13	14	0.0013398623	0.0027450827	3.02770272e-08	100	100	100	0	0	1	-80	80;
	14	15	0.0013398623	0.0027450827	3.02770272e-08	100	100	100	0	0	1	-80	80;
	15	16	0.0013398623	0.0027450827	3.02770272e-08	100	100	100	0	0	1	-80	80;
	16	17	0.0013398623	0.0027450827	3.02770272e-08	100	100	100	0	0	1	-80	80;
	17	18	0.0013398623	0.0027450827	3.02770272e-08	100	100	100	0	0	1	-80	80;
	18	19	0.0013398623	0.0027450827	3.02770272e-08	100	100	100	0	0	1	-80	80;
	19	20	0.0013398623	0.0027450827	3.02770272e-08	100	100	100	0	0	1	-80	80;
	20	21	0.0013398623	0.0027450827	3.02770272e-08	100	100	100	0	0	1	-80	80;
	21	22	0.0013398623	0.0027450827	3.02770272e-08	100	100	100	0	0	1	-80	80;
	22	23	0.0013398623	0.0027450827	3.02770272e-08	100	100	100	0	0	1	-80	80;
	23	24	0.0013398623	0.0027450827	3.02770272e-08	100	100	100	0	0	1	-80	80;
	24	25	0.0013398623	0.0027450827	3.02770272e-08	100	100	100	0	0	1	-80	80;
	25	26	0.0013398623	0.0027450827	3.02770272e-08	100	100	100	0	0	1	-80	80;
	26	27	0.0013398623	0.0027450827	3.02770272e-08	100	100	100	0	0	1	-80	80;
	27	28	0.0013398623	0.0027450827	3.02770272e-08	100	100	100	0	0	1	-80	80;
	28	29	0.0013398623	0.0027450827	3.02770272e-08	100	100	100	0	0	1	-80	80;
	1	30	0.0013398623	0.0027450827	3.02770272e-08	100	100	100	0	0	1	-80	80;
	30	31	0.0013398623	0.0027450827	3.02770272e-08	100	100	100	0	0	1	-80	80;
	31	32	0.0013398623	0.0027450827	3.02770272e-08	100	100	100	0	0	1	-80	80;
	32	33	0.0013398623	0.0027450827	3.02770272e-08	100	100	100	0	0	1	-80	80;
	33	34	0.0013398623	0.0027450827	3.02770272e-08	100	100	100	0	0	1	-80	80;
	34	35	0.0013398623	0.0027450827	3.02770272e-08	100	100	100	0	0	1	-80	80;
	35	36	0.0013398623	0.0027450827	3.02770272e-08	100	100	100	0	0	1	-80	80;
	36	37	0.0013398623	0.0027450827	3.02770272e-08	100	100	100	0	0	1	-80	80;
	37	38	0.0013398623	0.0027450827	3.02770272e-08	100	100	100	0	0	1	-80	80;
	38	39	0.0013398623	0.0027450827	3.02770272e-08	100	100	100	0	0	1	-80	80;
	39	40	0.0013398623	0.0027450827	3.02770272e-08	100	100	100	0	0	1	-80	80;
	40	41	0.0013398623	0.0027450827	3.02770272e-08	100	100	100	0	0	1	-80	80;
	41	42	0.0013398623	0.0027450827	3.02770272e-08	100	100	100	0	0	1	-80	80;
	42	43	0.0013398623	0.0027450827	3.02770272e-08	100	100	100	0	0	1	-80	80;
	43	44	0.0013398623	0.0027450827	3.02770272e-08	100	100	100	0	0	1	-80	80;
	44	45	0.0013398623	0.0027450827	3.02770272e-08	100	100	100	0	0	1	-80	80;
	45	46	0.0013398623	0.0027450827	3.02770272e-08	100	100	100	0	0	1	-80	80;
	46	47	0.0013398623	0.0027450827	3.02770272e-08	100	100	100	0	0	1	-80	80;
	47	48	0.0013398623	0.0027450827	3.02770272e-08	100	100	100	0	0	1	-80	80;
	48	49	0.0013398623	0.0027450827	3.02770272e-08	100	100	100	0	0	1	-80	80;
	49	50	0.0013398623	0.0027450827	3.02770272e-08	100	100	100	0	0	1	-80	80;
	50	51	0.0013398623	0.0027450827	3.02770272e-08	100	100	100	0	0	1	-80	80;
	51	52	0.0013398623	0.0027450827	3.02770272e-08	100	100	100	0	0	1	-80	80;
	52	53	0.0013398623	0.0027450827	3.02770272e-08	100	100	100	0	0	1	-80	80;
	53	54	0.0013398623	0.0027450827	3.02770272e-08	100	100	100	0	0	1	-80	80;
	54	55	0.0013398623	0.0027450827	3.02770272e-08	100	100	100	0	0	1	-80	80;
	55	56	0.0013398623	0.0027450827	3.02770272e-08	100	100	100	0	0	1	-80	80;
	56	57	0.0013398623	0.0027450827	3.02770272e-08	100	100	100	0	0	1	-80	80;
	57	58	0.0013398623	0.0027450827	3.02770272e-08	100	100	100	0	0	1	-80	80;
	58	59	0.0013398623	0.0027450827	3.02770272e-08	100	100	100	0	0	1	-80	80;
	59	60	0.0013398623	0.0027450827	3.02770272e-08	100	100	100	0	0	1	-80	80;
];
