function mpc = case_ieee123_storage_967
%CASE_IEEE123_STORAGE_967

%% MATPOWER Case Format : Version 2
mpc.version = '2';

%%-----  Power Flow Data  -----%%
%% system MVA base
mpc.baseMVA = 1;

%% bus data
%	bus_i	type	Pd	Qd	Gs	Bs	area	Vm	Va	baseKV	zone	Vmax	Vmin
mpc.bus = [
	1	3	-0.003771	-0.0018855	0	0	1	1	0	4.16	1	1.2	0.8;
	2	1	0.001758	0.000879	0	0	1	1	0	4.16	1	1.2	0.8;
	3	1	0.000235	0.0001175	0	0	1	1	0	4.16	1	1.2	0.8;
	4	1	-0.001965	-0.0009825	0	0	1	1	0	4.16	1	1.2	0.8;
	5	1	-0.002308	-0.001154	0	0	1	1	0	4.16	1	1.2	0.8;
	6	1	1e-10	5e-11	0	0	1	1	0	4.16	1	1.2	0.8;
	7	1	1e-10	5e-11	0	0	1	1	0	4.16	1	1.2	0.8;
	8	1	-0.00333	-0.001665	0	0	1	1	0	4.16	1	1.2	0.8;
	9	1	-0.005464	-0.002732	0	0	1	1	0	4.16	1	1.2	0.8;
	10	1	-0.003348	-0.001674	0	0	1	1	0	4.16	1	1.2	0.8;
	11	1	-0.003081	-0.0015405	0	0	1	1	0	4.16	1	1.2	0.8;
	12	1	-0.003591	-0.0017955	0	0	1	1	0	4.16	1	1.2	0.8;
	13	1	-0.003044	-0.001522	0	0	1	1	0	4.16	1	1.2	0.8;
	14	1	1e-10	5e-11	0	0	1	1	0	4.16	1	1.2	0.8;
	15	1	-0.003493	-0.0017465	0	0	1	1	0	4.16	1	1.2	0.8;
	16	1	-0.003791	-0.0018955	0	0	1	1	0	4.16	1	1.2	0.8;
	17	1	-0.003221	-0.0016105	0	0	1	1	0	4.16	1	1.2	0.8;
	18	1	-0.0023	-0.00115	0	0	1	1	0	4.16	1	1.2	0.8;
	19	1	-0.002652	-0.001326	0	0	1	1	0	4.16	1	1.2	0.8;
	20	1	-0.002139	-0.0010695	0	0	1	1	0	4.16	1	1.2	0.8;
	21	1	-0.003326	-0.001663	0	0	1	1	0	4.16	1	1.2	0.8;
	22	1	-0.002316	-0.001158	0	0	1	1	0	4.16	1	1.2	0.8;
	23	1	-0.002846	-0.001423	0	0	1	1	0	4.16	1	1.2	0.8;
	24	1	-0.0026	-0.0013	0	0	1	1	0	4.16	1	1.2	0.8;
	25	1	-0.002151	-0.0010755	0	0	1	1	0	4.16	1	1.2	0.8;
	26	1	0.000247	0.0001235	0	0	1	1	0	4.16	1	1.2	0.8;
	27	1	-0.002422	-0.001211	0	0	1	1	0	4.16	1	1.2	0.8;
	28	1	-0.000655	-0.0003275	0	0	1	1	0	4.16	1	1.2	0.8;
	29	1	-0.002381	-0.0011905	0	0	1	1	0	4.16	1	1.2	0.8;
	30	1	-0.003649	-0.0018245	0	0	1	1	0	4.16	1	1.2	0.8;
	31	1	-0.003435	-0.0017175	0	0	1	1	0	4.16	1	1.2	0.8;
	32	1	-0.002869	-0.0014345	0	0	1	1	0	4.16	1	1.2	0.8;
	33	1	-0.002125	-0.0010625	0	0	1	1	0	4.16	1	1.2	0.8;
	34	1	-0.003941	-0.0019705	0	0	1	1	0	4.16	1	1.2	0.8;
	35	1	-0.002464	-0.001232	0	0	1	1	0	4.16	1	1.2	0.8;
	36	1	-0.001666	-0.000833	0	0	1	1	0	4.16	1	1.2	0.8;
	37	1	-0.002657	-0.0013285	0	0	1	1	0	4.16	1	1.2	0.8;
	38	1	-0.003443	-0.0017215	0	0	1	1	0	4.16	1	1.2	0.8;
	39	1	-0.002995	-0.0014975	0	0	1	1	0	4.16	1	1.2	0.8;
	40	1	-0.002586	-0.001293	0	0	1	1	0	4.16	1	1.2	0.8;
	41	1	-0.004636	-0.002318	0	0	1	1	0	4.16	1	1.2	0.8;
	42	1	-0.003271	-0.0016355	0	0	1	1	0	4.16	1	1.2	0.8;
	43	1	-0.003596	-0.001798	0	0	1	1	0	4.16	1	1.2	0.8;
	44	1	-0.003022	-0.001511	0	0	1	1	0	4.16	1	1.2	0.8;
	45	1	1e-10	5e-11	0	0	1	1	0	4.16	1	1.2	0.8;
	46	1	0.00012	6e-05	0	0	1	1	0	4.16	1	1.2	0.8;
	47	1	1e-10	5e-11	0	0	1	1	0	4.16	1	1.2	0.8;
	48	1	1e-10	5e-11	0	0	1	1	0	4.16	1	1.2	0.8;
	49	1	0.000897	0.0004485	0	0	1	1	0	4.16	1	1.2	0.8;
	50	1	-0.003403	-0.0017015	0	0	1	1	0	4.16	1	1.2	0.8;
	51	1	1e-10	5e-11	0	0	1	1	0	4.16	1	1.2	0.8;
	52	1	1e-10	5e-11	0	0	1	1	0	4.16	1	1.2	0.8;
	53	1	0.000428	0.000214	0	0	1	1	0	4.16	1	1.2	0.8;
	54	1	1e-10	5e-11	0	0	1	1	0	4.16	1	1.2	0.8;
	55	1	1e-10	5e-11	0	0	1	1	0	4.16	1	1.2	0.8;
	56	1	-0.000411	-0.0002055	0	0	1	1	0	4.16	1	1.2	0.8;
	57	1	1e-10	5e-11	0	0	1	1	0	4.16	1	1.2	0.8;
	58	1	1e-10	5e-11	0	0	1	1	0	4.16	1	1.2	0.8;
	59	1	0.00021	0.000105	0	0	1	1	0	4.16	1	1.2	0.8;
	60	1	-0.003723	-0.0018615	0	0	1	1	0	4.16	1	1.2	0.8;
];

%% generator data
%	bus	Pg	Qg	Qmax	Qmin	Vg	mBase	status	Pmax	Pmin	Pc1	Pc2	Qc1min	Qc1max	Qc2min	Qc2max	ramp_agc	ramp_10	ramp_30	ramp_q	apf
mpc.gen = [
	1	-0.116191999	0	200	-200	1	1	1	200	-200	0	0	0	0	0	0	10	0	0	0	0;
];

%% branch data
%	fbus	tbus	r	x	b	rateA	rateB	rateC	ratio	angle	status	angmin	angmax
mpc.branch = [
	1	2	0.0013398623	0.0027450827	3.02770272e-08	100	100	100	0	0	1	-80	80;
	1	2	0.0013398623	0.0027450827	3.02770272e-08	100	100	100	0	0	1	-80	80;
	2	3	0.0013398623	0.0027450827	3.02770272e-08	100	100	100	0	0	1	-80	80;
	3	4	0.0013398623	0.0027450827	3.02770272e-08	100	100	100	0	0	1	-80	80;
	4	5	0.0013398623	0.0027450827	3.02770272e-08	100	100	100	0	0	1	-80	80;
	5	6	0.0013398623	0.0027450827	3.02770272e-08	100	100	100	0	0	1	-80	80;
	6	7	0.0013398623	0.0027450827	3.02770272e-08	100	100	100	0	0	1	-80	80;
	7	8	0.0013398623	0.0027450827	3.02770272e-08	100	100	100	0	0	1	-80	80;
	8	9	0.0013398623	0.0027450827	3.02770272e-08	100	100	100	0	0	1	-80	80;
	9	10	0.0013398623	0.0027450827	3.02770272e-08	100	100	100	0	0	1	-80	80;
	10	11	0.0013398623	0.0027450827	3.02770272e-08	100	100	100	0	0	1	-80	80;
	11	12	0.0013398623	0.0027450827	3.02770272e-08	100	100	100	0	0	1	-80	80;
	12	13	0.0013398623	0.0027450827	3.02770272e-08	100	100	100	0	0	1	-80	80;
	13	14	0.0013398623	0.0027450827	3.02770272e-08	100	100	100	0	0	1	-80	80;
	14	15	0.0013398623	0.0027450827	3.02770272e-08	100	100	100	0	0	1	-80	80;
	15	16	0.0013398623	0.0027450827	3.02770272e-08	100	100	100	0	0	1	-80	80;
	16	17	0.0013398623	0.0027450827	3.02770272e-08	100	100	100	0	0	1	-80	80;
	17	18	0.0013398623	0.0027450827	3.02770272e-08	100	100	100	0	0	1	-80	80;
	18	19	0.0013398623	0.0027450827	3.02770272e-08	100	100	100	0	0	1	-80	80;
	19	20	0.0013398623	0.0027450827	3.02770272e-08	100	100	100	0	0	1	-80	80;
	20	21	0.0013398623	0.0027450827	3.02770272e-08	100	100	100	0	0	1	-80	80;
	21	22	0.0013398623	0.0027450827	3.02770272e-08	100	100	100	0	0	1	-80	80;
	22	23	0.0013398623	0.0027450827	3.02770272e-08	100	100	100	0	0	1	-80	80;
	23	24	0.0013398623	0.0027450827	3.02770272e-08	100	100	100	0	0	1	-80	80;
	24	25	0.0013398623	0.0027450827	3.02770272e-08	100	100	100	0	0	1	-80	80;
	25	26	0.0013398623	0.0027450827	3.02770272e-08	100	100	100	0	0	1	-80	80;
	26	27	0.0013398623	0.0027450827	3.02770272e-08	100	100	100	0	0	1	-80	80;
	27	28	0.0013398623	0.0027450827	3.02770272e-08	100	100	100	0	0	1	-80	80;
	28	29	0.0013398623	0.0027450827	3.02770272e-08	100	100	100	0	0	1	-80	80;
	1	30	0.0013398623	0.0027450827	3.02770272e-08	100	100	100	0	0	1	-80	80;
	30	31	0.0013398623	0.0027450827	3.02770272e-08	100	100	100	0	0	1	-80	80;
	31	32	0.0013398623	0.0027450827	3.02770272e-08	100	100	100	0	0	1	-80	80;
	32	33	0.0013398623	0.0027450827	3.02770272e-08	100	100	100	0	0	1	-80	80;
	33	34	0.0013398623	0.0027450827	3.02770272e-08	100	100	100	0	0	1	-80	80;
	34	35	0.0013398623	0.0027450827	3.02770272e-08	100	100	100	0	0	1	-80	80;
	35	36	0.0013398623	0.0027450827	3.02770272e-08	100	100	100	0	0	1	-80	80;
	36	37	0.0013398623	0.0027450827	3.02770272e-08	100	100	100	0	0	1	-80	80;
	37	38	0.0013398623	0.0027450827	3.02770272e-08	100	100	100	0	0	1	-80	80;
	38	39	0.0013398623	0.0027450827	3.02770272e-08	100	100	100	0	0	1	-80	80;
	39	40	0.0013398623	0.0027450827	3.02770272e-08	100	100	100	0	0	1	-80	80;
	40	41	0.0013398623	0.0027450827	3.02770272e-08	100	100	100	0	0	1	-80	80;
	41	42	0.0013398623	0.0027450827	3.02770272e-08	100	100	100	0	0	1	-80	80;
	42	43	0.0013398623	0.0027450827	3.02770272e-08	100	100	100	0	0	1	-80	80;
	43	44	0.0013398623	0.0027450827	3.02770272e-08	100	100	100	0	0	1	-80	80;
	44	45	0.0013398623	0.0027450827	3.02770272e-08	100	100	100	0	0	1	-80	80;
	45	46	0.0013398623	0.0027450827	3.02770272e-08	100	100	100	0	0	1	-80	80;
	46	47	0.0013398623	0.0027450827	3.02770272e-08	100	100	100	0	0	1	-80	80;
	47	48	0.0013398623	0.0027450827	3.02770272e-08	100	100	100	0	0	1	-80	80;
	48	49	0.0013398623	0.0027450827	3.02770272e-08	100	100	100	0	0	1	-80	80;
	49	50	0.0013398623	0.0027450827	3.02770272e-08	100	100	100	0	0	1	-80	80;
	50	51	0.0013398623	0.0027450827	3.02770272e-08	100	100	100	0	0	1	-80	80;
	51	52	0.0013398623	0.0027450827	3.02770272e-08	100	100	100	0	0	1	-80	80;
	52	53	0.0013398623	0.0027450827	3.02770272e-08	100	100	100	0	0	1	-80	80;
	53	54	0.0013398623	0.0027450827	3.02770272e-08	100	100	100	0	0	1	-80	80;
	54	55	0.0013398623	0.0027450827	3.02770272e-08	100	100	100	0	0	1	-80	80;
	55	56	0.0013398623	0.0027450827	3.02770272e-08	100	100	100	0	0	1	-80	80;
	56	57	0.0013398623	0.0027450827	3.02770272e-08	100	100	100	0	0	1	-80	80;
	57	58	0.0013398623	0.0027450827	3.02770272e-08	100	100	100	0	0	1	-80	80;
	58	59	0.0013398623	0.0027450827	3.02770272e-08	100	100	100	0	0	1	-80	80;
