function mpc = case_ieee123_storage_903
%CASE_IEEE123_STORAGE_903

%% MATPOWER Case Format : Version 2
mpc.version = '2';

%%-----  Power Flow Data  -----%%
%% system MVA base
mpc.baseMVA = 1;

%% bus data
%	bus_i	type	Pd	Qd	Gs	Bs	area	Vm	Va	baseKV	zone	Vmax	Vmin
mpc.bus = [
	1	3	-0.003911	-0.0019555	0	0	1	1	0	4.16	1	1.2	0.8;
	2	1	0.001272	0.000636	0	0	1	1	0	4.16	1	1.2	0.8;
	3	1	0.000236	0.000118	0	0	1	1	0	4.16	1	1.2	0.8;
	4	1	-0.002678	-0.001339	0	0	1	1	0	4.16	1	1.2	0.8;
	5	1	-0.002563	-0.0012815	0	0	1	1	0	4.16	1	1.2	0.8;
	6	1	1e-10	5e-11	0	0	1	1	0	4.16	1	1.2	0.8;
	7	1	1e-10	5e-11	0	0	1	1	0	4.16	1	1.2	0.8;
	8	1	-0.003754	-0.001877	0	0	1	1	0	4.16	1	1.2	0.8;
	9	1	-0.006793	-0.0033965	0	0	1	1	0	4.16	1	1.2	0.8;
	10	1	-0.001081	-0.0005405	0	0	1	1	0	4.16	1	1.2	0.8;
	11	1	-0.003505	-0.0017525	0	0	1	1	0	4.16	1	1.2	0.8;
	12	1	-0.004194	-0.002097	0	0	1	1	0	4.16	1	1.2	0.8;
	13	1	-0.003321	-0.0016605	0	0	1	1	0	4.16	1	1.2	0.8;
	14	1	1e-10	5e-11	0	0	1	1	0	4.16	1	1.2	0.8;
	15	1	-0.003828	-0.001914	0	0	1	1	0	4.16	1	1.2	0.8;
	16	1	-0.004002	-0.002001	0	0	1	1	0	4.16	1	1.2	0.8;
	17	1	-0.004149	-0.0020745	0	0	1	1	0	4.16	1	1.2	0.8;
	18	1	-0.004212	-0.002106	0	0	1	1	0	4.16	1	1.2	0.8;
	19	1	-0.002835	-0.0014175	0	0	1	1	0	4.16	1	1.2	0.8;
	20	1	-0.002593	-0.0012965	0	0	1	1	0	4.16	1	1.2	0.8;
	21	1	-0.004019	-0.0020095	0	0	1	1	0	4.16	1	1.2	0.8;
	22	1	-0.002646	-0.001323	0	0	1	1	0	4.16	1	1.2	0.8;
	23	1	-0.003395	-0.0016975	0	0	1	1	0	4.16	1	1.2	0.8;
	24	1	-0.00095	-0.000475	0	0	1	1	0	4.16	1	1.2	0.8;
	25	1	-0.002573	-0.0012865	0	0	1	1	0	4.16	1	1.2	0.8;
	26	1	0.000248	0.000124	0	0	1	1	0	4.16	1	1.2	0.8;
	27	1	0.000297	0.0001485	0	0	1	1	0	4.16	1	1.2	0.8;
	28	1	-0.002104	-0.001052	0	0	1	1	0	4.16	1	1.2	0.8;
	29	1	-0.002565	-0.0012825	0	0	1	1	0	4.16	1	1.2	0.8;
	30	1	-0.004009	-0.0020045	0	0	1	1	0	4.16	1	1.2	0.8;
	31	1	-0.00413	-0.002065	0	0	1	1	0	4.16	1	1.2	0.8;
	32	1	-0.003607	-0.0018035	0	0	1	1	0	4.16	1	1.2	0.8;
	33	1	-0.002335	-0.0011675	0	0	1	1	0	4.16	1	1.2	0.8;
	34	1	-0.004436	-0.002218	0	0	1	1	0	4.16	1	1.2	0.8;
	35	1	-0.002935	-0.0014675	0	0	1	1	0	4.16	1	1.2	0.8;
	36	1	1e-10	5e-11	0	0	1	1	0	4.16	1	1.2	0.8;
	37	1	-0.003357	-0.0016785	0	0	1	1	0	4.16	1	1.2	0.8;
	38	1	-0.004171	-0.0020855	0	0	1	1	0	4.16	1	1.2	0.8;
	39	1	-0.003326	-0.001663	0	0	1	1	0	4.16	1	1.2	0.8;
	40	1	-0.002853	-0.0014265	0	0	1	1	0	4.16	1	1.2	0.8;
	41	1	-0.005917	-0.0029585	0	0	1	1	0	4.16	1	1.2	0.8;
	42	1	-0.003738	-0.001869	0	0	1	1	0	4.16	1	1.2	0.8;
	43	1	-0.004147	-0.0020735	0	0	1	1	0	4.16	1	1.2	0.8;
	44	1	-0.003901	-0.0019505	0	0	1	1	0	4.16	1	1.2	0.8;
	45	1	1e-10	5e-11	0	0	1	1	0	4.16	1	1.2	0.8;
	46	1	3.7e-05	1.85e-05	0	0	1	1	0	4.16	1	1.2	0.8;
	47	1	1e-10	5e-11	0	0	1	1	0	4.16	1	1.2	0.8;
	48	1	1e-10	5e-11	0	0	1	1	0	4.16	1	1.2	0.8;
	49	1	0.000972	0.000486	0	0	1	1	0	4.16	1	1.2	0.8;
	50	1	-0.004136	-0.002068	0	0	1	1	0	4.16	1	1.2	0.8;
	51	1	1e-10	5e-11	0	0	1	1	0	4.16	1	1.2	0.8;
	52	1	1e-10	5e-11	0	0	1	1	0	4.16	1	1.2	0.8;
	53	1	-0.002483	-0.0012415	0	0	1	1	0	4.16	1	1.2	0.8;
	54	1	1e-10	5e-11	0	0	1	1	0	4.16	1	1.2	0.8;
	55	1	1e-10	5e-11	0	0	1	1	0	4.16	1	1.2	0.8;
	56	1	-0.000829	-0.0004145	0	0	1	1	0	4.16	1	1.2	0.8;
	57	1	1e-10	5e-11	0	0	1	1	0	4.16	1	1.2	0.8;
	58	1	1e-10	5e-11	0	0	1	1	0	4.16	1	1.2	0.8;
	59	1	0.000193	9.65e-05	0	0	1	1	0	4.16	1	1.2	0.8;
	60	1	-0.003769	-0.0018845	0	0	1	1	0	4.16	1	1.2	0.8;
];

%% generator data
%	bus	Pg	Qg	Qmax	Qmin	Vg	mBase	status	Pmax	Pmin	Pc1	Pc2	Qc1min	Qc1max	Qc2min	Qc2max	ramp_agc	ramp_10	ramp_30	ramp_q	apf
mpc.gen = [
	1	-0.132494999	0	200	-200	1	1	1	200	-200	0	0	0	0	0	0	10	0	0	0	0;
];

%% branch data
%	fbus	tbus	r	x	b	rateA	rateB	rateC	ratio	angle	status	angmin	angmax
mpc.branch = [
	1	2	0.0013398623	0.0027450827	3.02770272e-08	100	100	100	0	0	1	-80	80;
	1	2	0.0013398623	0.0027450827	3.02770272e-08	100	100	100	0	0	1	-80	80;
	2	3	0.0013398623	0.0027450827	3.02770272e-08	100	100	100	0	0	1	-80	80;
	3	4	0.0013398623	0.0027450827	3.02770272e-08	100	100	100	0	0	1	-80	80;
	4	5	0.0013398623	0.0027450827	3.02770272e-08	100	100	100	0	0	1	-80	80;
	5	6	0.0013398623	0.0027450827	3.02770272e-08	100	100	100	0	0	1	-80	80;
	6	7	0.0013398623	0.0027450827	3.02770272e-08	100	100	100	0	0	1	-80	80;
	7	8	0.0013398623	0.0027450827	3.02770272e-08	100	100	100	0	0	1	-80	80;
	8	9	0.0013398623	0.0027450827	3.02770272e-08	100	100	100	0	0	1	-80	80;
	9	10	0.0013398623	0.0027450827	3.02770272e-08	100	100	100	0	0	1	-80	80;
	10	11	0.0013398623	0.0027450827	3.02770272e-08	100	100	100	0	0	1	-80	80;
	11	12	0.0013398623	0.0027450827	3.02770272e-08	100	100	100	0	0	1	-80	80;
	12	13	0.0013398623	0.0027450827	3.02770272e-08	100	100	100	0	0	1	-80	80;
	13	14	0.0013398623	0.0027450827	3.02770272e-08	100	100	100	0	0	1	-80	80;
	14	15	0.0013398623	0.0027450827	3.02770272e-08	100	100	100	0	0	1	-80	80;
	15	16	0.0013398623	0.0027450827	3.02770272e-08	100	100	100	0	0	1	-80	80;
	16	17	0.0013398623	0.0027450827	3.02770272e-08	100	100	100	0	0	1	-80	80;
	17	18	0.0013398623	0.0027450827	3.02770272e-08	100	100	100	0	0	1	-80	80;
	18	19	0.0013398623	0.0027450827	3.02770272e-08	100	100	100	0	0	1	-80	80;
	19	20	0.0013398623	0.0027450827	3.02770272e-08	100	100	100	0	0	1	-80	80;
	20	21	0.0013398623	0.0027450827	3.02770272e-08	100	100	100	0	0	1	-80	80;
	21	22	0.0013398623	0.0027450827	3.02770272e-08	100	100	100	0	0	1	-80	80;
	22	23	0.0013398623	0.0027450827	3.02770272e-08	100	100	100	0	0	1	-80	80;
	23	24	0.0013398623	0.0027450827	3.02770272e-08	100	100	100	0	0	1	-80	80;
	24	25	0.0013398623	0.0027450827	3.02770272e-08	100	100	100	0	0	1	-80	80;
	25	26	0.0013398623	0.0027450827	3.02770272e-08	100	100	100	0	0	1	-80	80;
	26	27	0.0013398623	0.0027450827	3.02770272e-08	100	100	100	0	0	1	-80	80;
	27	28	0.0013398623	0.0027450827	3.02770272e-08	100	100	100	0	0	1	-80	80;
	28	29	0.0013398623	0.0027450827	3.02770272e-08	100	100	100	0	0	1	-80	80;
	1	30	0.0013398623	0.0027450827	3.02770272e-08	100	100	100	0	0	1	-80	80;
	30	31	0.0013398623	0.0027450827	3.02770272e-08	100	100	100	0	0	1	-80	80;
	31	32	0.0013398623	0.0027450827	3.02770272e-08	100	100	100	0	0	1	-80	80;
	32	33	0.0013398623	0.0027450827	3.02770272e-08	100	100	100	0	0	1	-80	80;
	33	34	0.0013398623	0.0027450827	3.02770272e-08	100	100	100	0	0	1	-80	80;
	34	35	0.0013398623	0.0027450827	3.02770272e-08	100	100	100	0	0	1	-80	80;
	35	36	0.0013398623	0.0027450827	3.02770272e-08	100	100	100	0	0	1	-80	80;
	36	37	0.0013398623	0.0027450827	3.02770272e-08	100	100	100	0	0	1	-80	80;
	37	38	0.0013398623	0.0027450827	3.02770272e-08	100	100	100	0	0	1	-80	80;
	38	39	0.0013398623	0.0027450827	3.02770272e-08	100	100	100	0	0	1	-80	80;
	39	40	0.0013398623	0.0027450827	3.02770272e-08	100	100	100	0	0	1	-80	80;
	40	41	0.0013398623	0.0027450827	3.02770272e-08	100	100	100	0	0	1	-80	80;
	41	42	0.0013398623	0.0027450827	3.02770272e-08	100	100	100	0	0	1	-80	80;
	42	43	0.0013398623	0.0027450827	3.02770272e-08	100	100	100	0	0	1	-80	80;
	43	44	0.0013398623	0.0027450827	3.02770272e-08	100	100	100	0	0	1	-80	80;
	44	45	0.0013398623	0.0027450827	3.02770272e-08	100	100	100	0	0	1	-80	80;
	45	46	0.0013398623	0.0027450827	3.02770272e-08	100	100	100	0	0	1	-80	80;
	46	47	0.0013398623	0.0027450827	3.02770272e-08	100	100	100	0	0	1	-80	80;
	47	48	0.0013398623	0.0027450827	3.02770272e-08	100	100	100	0	0	1	-80	80;
	48	49	0.0013398623	0.0027450827	3.02770272e-08	100	100	100	0	0	1	-80	80;
	49	50	0.0013398623	0.0027450827	3.02770272e-08	100	100	100	0	0	1	-80	80;
	50	51	0.0013398623	0.0027450827	3.02770272e-08	100	100	100	0	0	1	-80	80;
	51	52	0.0013398623	0.0027450827	3.02770272e-08	100	100	100	0	0	1	-80	80;
	52	53	0.0013398623	0.0027450827	3.02770272e-08	100	100	100	0	0	1	-80	80;
	53	54	0.0013398623	0.0027450827	3.02770272e-08	100	100	100	0	0	1	-80	80;
	54	55	0.0013398623	0.0027450827	3.02770272e-08	100	100	100	0	0	1	-80	80;
	55	56	0.0013398623	0.0027450827	3.02770272e-08	100	100	100	0	0	1	-80	80;
	56	57	0.0013398623	0.0027450827	3.02770272e-08	100	100	100	0	0	1	-80	80;
	57	58	0.0013398623	0.0027450827	3.02770272e-08	100	100	100	0	0	1	-80	80;
	58	59	0.0013398623	0.0027450827	3.02770272e-08	100	100	100	0	0	1	-80	80;
