function mpc = case_ieee123_storage_1301
%CASE_IEEE123_STORAGE_1301

%% MATPOWER Case Format : Version 2
mpc.version = '2';

%%-----  Power Flow Data  -----%%
%% system MVA base
mpc.baseMVA = 1;

%% bus data
%	bus_i	type	Pd	Qd	Gs	Bs	area	Vm	Va	baseKV	zone	Vmax	Vmin
mpc.bus = [
	1	3	0.0025	0.00125	0	0	1	1	0	4.16	1	1.2	0.8;
	2	1	0.001876	0.000938	0	0	1	1	0	4.16	1	1.2	0.8;
	3	1	0.000856	0.000428	0	0	1	1	0	4.16	1	1.2	0.8;
	4	1	0.000787	0.0003935	0	0	1	1	0	4.16	1	1.2	0.8;
	5	1	0.000487	0.0002435	0	0	1	1	0	4.16	1	1.2	0.8;
	6	1	1e-10	5e-11	0	0	1	1	0	4.16	1	1.2	0.8;
	7	1	1e-10	5e-11	0	0	1	1	0	4.16	1	1.2	0.8;
	8	1	0.003815	0.0019075	0	0	1	1	0	4.16	1	1.2	0.8;
	9	1	0.003069	0.0015345	0	0	1	1	0	4.16	1	1.2	0.8;
	10	1	0.000776	0.000388	0	0	1	1	0	4.16	1	1.2	0.8;
	11	1	0.002914	0.001457	0	0	1	1	0	4.16	1	1.2	0.8;
	12	1	0.000893	0.0004465	0	0	1	1	0	4.16	1	1.2	0.8;
	13	1	0.00066	0.00033	0	0	1	1	0	4.16	1	1.2	0.8;
	14	1	1e-10	5e-11	0	0	1	1	0	4.16	1	1.2	0.8;
	15	1	0.001865	0.0009325	0	0	1	1	0	4.16	1	1.2	0.8;
	16	1	0.00036	0.00018	0	0	1	1	0	4.16	1	1.2	0.8;
	17	1	0.000705	0.0003525	0	0	1	1	0	4.16	1	1.2	0.8;
	18	1	0.000125	6.25e-05	0	0	1	1	0	4.16	1	1.2	0.8;
	19	1	0.000498	0.000249	0	0	1	1	0	4.16	1	1.2	0.8;
	20	1	0.001377	0.0006885	0	0	1	1	0	4.16	1	1.2	0.8;
	21	1	0.002256	0.001128	0	0	1	1	0	4.16	1	1.2	0.8;
	22	1	0.001374	0.000687	0	0	1	1	0	4.16	1	1.2	0.8;
	23	1	0.000602	0.000301	0	0	1	1	0	4.16	1	1.2	0.8;
	24	1	0.000749	0.0003745	0	0	1	1	0	4.16	1	1.2	0.8;
	25	1	0.000327	0.0001635	0	0	1	1	0	4.16	1	1.2	0.8;
	26	1	0.000254	0.000127	0	0	1	1	0	4.16	1	1.2	0.8;
	27	1	0.00083	0.000415	0	0	1	1	0	4.16	1	1.2	0.8;
	28	1	0.000687	0.0003435	0	0	1	1	0	4.16	1	1.2	0.8;
	29	1	0.003759	0.0018795	0	0	1	1	0	4.16	1	1.2	0.8;
	30	1	0.00262	0.00131	0	0	1	1	0	4.16	1	1.2	0.8;
	31	1	0.003414	0.001707	0	0	1	1	0	4.16	1	1.2	0.8;
	32	1	0.001519	0.0007595	0	0	1	1	0	4.16	1	1.2	0.8;
	33	1	0.002162	0.001081	0	0	1	1	0	4.16	1	1.2	0.8;
	34	1	0.000213	0.0001065	0	0	1	1	0	4.16	1	1.2	0.8;
	35	1	0.001141	0.0005705	0	0	1	1	0	4.16	1	1.2	0.8;
	36	1	0.000187	9.35e-05	0	0	1	1	0	4.16	1	1.2	0.8;
	37	1	0.001625	0.0008125	0	0	1	1	0	4.16	1	1.2	0.8;
	38	1	0.000245	0.0001225	0	0	1	1	0	4.16	1	1.2	0.8;
	39	1	0.000267	0.0001335	0	0	1	1	0	4.16	1	1.2	0.8;
	40	1	0.000792	0.000396	0	0	1	1	0	4.16	1	1.2	0.8;
	41	1	0.000734	0.000367	0	0	1	1	0	4.16	1	1.2	0.8;
	42	1	0.000583	0.0002915	0	0	1	1	0	4.16	1	1.2	0.8;
	43	1	0.004025	0.0020125	0	0	1	1	0	4.16	1	1.2	0.8;
	44	1	0.000415	0.0002075	0	0	1	1	0	4.16	1	1.2	0.8;
	45	1	1e-10	5e-11	0	0	1	1	0	4.16	1	1.2	0.8;
	46	1	0.002125	0.0010625	0	0	1	1	0	4.16	1	1.2	0.8;
	47	1	1e-10	5e-11	0	0	1	1	0	4.16	1	1.2	0.8;
	48	1	1e-10	5e-11	0	0	1	1	0	4.16	1	1.2	0.8;
	49	1	0.000973	0.0004865	0	0	1	1	0	4.16	1	1.2	0.8;
	50	1	0.000526	0.000263	0	0	1	1	0	4.16	1	1.2	0.8;
	51	1	1e-10	5e-11	0	0	1	1	0	4.16	1	1.2	0.8;
	52	1	1e-10	5e-11	0	0	1	1	0	4.16	1	1.2	0.8;
	53	1	0.000448	0.000224	0	0	1	1	0	4.16	1	1.2	0.8;
	54	1	1e-10	5e-11	0	0	1	1	0	4.16	1	1.2	0.8;
	55	1	1e-10	5e-11	0	0	1	1	0	4.16	1	1.2	0.8;
	56	1	0.00228	0.00114	0	0	1	1	0	4.16	1	1.2	0.8;
	57	1	1e-10	5e-11	0	0	1	1	0	4.16	1	1.2	0.8;
	58	1	1e-10	5e-11	0	0	1	1	0	4.16	1	1.2	0.8;
	59	1	0.00034	0.00017	0	0	1	1	0	4.16	1	1.2	0.8;
	60	1	0.000401	0.0002005	0	0	1	1	0	4.16	1	1.2	0.8;
];

%% generator data
%	bus	Pg	Qg	Qmax	Qmin	Vg	mBase	status	Pmax	Pmin	Pc1	Pc2	Qc1min	Qc1max	Qc2min	Qc2max	ramp_agc	ramp_10	ramp_30	ramp_q	apf
mpc.gen = [
	1	0.0614360012	0	200	-200	1	1	1	200	-200	0	0	0	0	0	0	10	0	0	0	0;
];

%% branch data
%	fbus	tbus	r	x	b	rateA	rateB	rateC	ratio	angle	status	angmin	angmax
mpc.branch = [
	1	2	0.0013398623	0.0027450827	3.02770272e-08	100	100	100	0	0	1	-80	80;
	1	2	0.0013398623	0.0027450827	3.02770272e-08	100	100	100	0	0	1	-80	80;
	2	3	0.0013398623	0.0027450827	3.02770272e-08	100	100	100	0	0	1	-80	80;
	3	4	0.0013398623	0.0027450827	3.02770272e-08	100	100	100	0	0	1	-80	80;
	4	5	0.0013398623	0.0027450827	3.02770272e-08	100	100	100	0	0	1	-80	80;
	5	6	0.0013398623	0.0027450827	3.02770272e-08	100	100	100	0	0	1	-80	80;
	6	7	0.0013398623	0.0027450827	3.02770272e-08	100	100	100	0	0	1	-80	80;
	7	8	0.0013398623	0.0027450827	3.02770272e-08	100	100	100	0	0	1	-80	80;
	8	9	0.0013398623	0.0027450827	3.02770272e-08	100	100	100	0	0	1	-80	80;
	9	10	0.0013398623	0.0027450827	3.02770272e-08	100	100	100	0	0	1	-80	80;
	10	11	0.0013398623	0.0027450827	3.02770272e-08	100	100	100	0	0	1	-80	80;
	11	12	0.0013398623	0.0027450827	3.02770272e-08	100	100	100	0	0	1	-80	80;
	12	13	0.0013398623	0.0027450827	3.02770272e-08	100	100	100	0	0	1	-80	80;
	13	14	0.0013398623	0.0027450827	3.02770272e-08	100	100	100	0	0	1	-80	80;
	14	15	0.0013398623	0.0027450827	3.02770272e-08	100	100	100	0	0	1	-80	80;
	15	16	0.0013398623	0.0027450827	3.02770272e-08	100	100	100	0	0	1	-80	80;
	16	17	0.0013398623	0.0027450827	3.02770272e-08	100	100	100	0	0	1	-80	80;
	17	18	0.0013398623	0.0027450827	3.02770272e-08	100	100	100	0	0	1	-80	80;
	18	19	0.0013398623	0.0027450827	3.02770272e-08	100	100	100	0	0	1	-80	80;
	19	20	0.0013398623	0.0027450827	3.02770272e-08	100	100	100	0	0	1	-80	80;
	20	21	0.0013398623	0.0027450827	3.02770272e-08	100	100	100	0	0	1	-80	80;
	21	22	0.0013398623	0.0027450827	3.02770272e-08	100	100	100	0	0	1	-80	80;
	22	23	0.0013398623	0.0027450827	3.02770272e-08	100	100	100	0	0	1	-80	80;
	23	24	0.0013398623	0.0027450827	3.02770272e-08	100	100	100	0	0	1	-80	80;
	24	25	0.0013398623	0.0027450827	3.02770272e-08	100	100	100	0	0	1	-80	80;
	25	26	0.0013398623	0.0027450827	3.02770272e-08	100	100	100	0	0	1	-80	80;
	26	27	0.0013398623	0.0027450827	3.02770272e-08	100	100	100	0	0	1	-80	80;
	27	28	0.0013398623	0.0027450827	3.02770272e-08	100	100	100	0	0	1	-80	80;
	28	29	0.0013398623	0.0027450827	3.02770272e-08	100	100	100	0	0	1	-80	80;
	1	30	0.0013398623	0.0027450827	3.02770272e-08	100	100	100	0	0	1	-80	80;
	30	31	0.0013398623	0.0027450827	3.02770272e-08	100	100	100	0	0	1	-80	80;
	31	32	0.0013398623	0.0027450827	3.02770272e-08	100	100	100	0	0	1	-80	80;
	32	33	0.0013398623	0.0027450827	3.02770272e-08	100	100	100	0	0	1	-80	80;
	33	34	0.0013398623	0.0027450827	3.02770272e-08	100	100	100	0	0	1	-80	80;
	34	35	0.0013398623	0.0027450827	3.02770272e-08	100	100	100	0	0	1	-80	80;
	35	36	0.0013398623	0.0027450827	3.02770272e-08	100	100	100	0	0	1	-80	80;
	36	37	0.0013398623	0.0027450827	3.02770272e-08	100	100	100	0	0	1	-80	80;
	37	38	0.0013398623	0.0027450827	3.02770272e-08	100	100	100	0	0	1	-80	80;
	38	39	0.0013398623	0.0027450827	3.02770272e-08	100	100	100	0	0	1	-80	80;
	39	40	0.0013398623	0.0027450827	3.02770272e-08	100	100	100	0	0	1	-80	80;
	40	41	0.0013398623	0.0027450827	3.02770272e-08	100	100	100	0	0	1	-80	80;
	41	42	0.0013398623	0.0027450827	3.02770272e-08	100	100	100	0	0	1	-80	80;
	42	43	0.0013398623	0.0027450827	3.02770272e-08	100	100	100	0	0	1	-80	80;
	43	44	0.0013398623	0.0027450827	3.02770272e-08	100	100	100	0	0	1	-80	80;
	44	45	0.0013398623	0.0027450827	3.02770272e-08	100	100	100	0	0	1	-80	80;
	45	46	0.0013398623	0.0027450827	3.02770272e-08	100	100	100	0	0	1	-80	80;
	46	47	0.0013398623	0.0027450827	3.02770272e-08	100	100	100	0	0	1	-80	80;
	47	48	0.0013398623	0.0027450827	3.02770272e-08	100	100	100	0	0	1	-80	80;
	48	49	0.0013398623	0.0027450827	3.02770272e-08	100	100	100	0	0	1	-80	80;
	49	50	0.0013398623	0.0027450827	3.02770272e-08	100	100	100	0	0	1	-80	80;
	50	51	0.0013398623	0.0027450827	3.02770272e-08	100	100	100	0	0	1	-80	80;
	51	52	0.0013398623	0.0027450827	3.02770272e-08	100	100	100	0	0	1	-80	80;
	52	53	0.0013398623	0.0027450827	3.02770272e-08	100	100	100	0	0	1	-80	80;
	53	54	0.0013398623	0.0027450827	3.02770272e-08	100	100	100	0	0	1	-80	80;
	54	55	0.0013398623	0.0027450827	3.02770272e-08	100	100	100	0	0	1	-80	80;
	55	56	0.0013398623	0.0027450827	3.02770272e-08	100	100	100	0	0	1	-80	80;
	56	57	0.0013398623	0.0027450827	3.02770272e-08	100	100	100	0	0	1	-80	80;
	57	58	0.0013398623	0.0027450827	3.02770272e-08	100	100	100	0	0	1	-80	80;
	58	59	0.0013398623	0.0027450827	3.02770272e-08	100	100	100	0	0	1	-80	80;
	59	60	0.0013398623	0.0027450827	3.02770272e-08	100	100	100	0	0	1	-80	80;
];
