function mpc = case_ieee123_storage_824
%CASE_IEEE123_STORAGE_824

%% MATPOWER Case Format : Version 2
mpc.version = '2';

%%-----  Power Flow Data  -----%%
%% system MVA base
mpc.baseMVA = 1;

%% bus data
%	bus_i	type	Pd	Qd	Gs	Bs	area	Vm	Va	baseKV	zone	Vmax	Vmin
mpc.bus = [
	1	3	-0.003276	-0.001638	0	0	1	1	0	4.16	1	1.2	0.8;
	2	1	-0.002159	-0.0010795	0	0	1	1	0	4.16	1	1.2	0.8;
	3	1	0.000374	0.000187	0	0	1	1	0	4.16	1	1.2	0.8;
	4	1	-0.002777	-0.0013885	0	0	1	1	0	4.16	1	1.2	0.8;
	5	1	-0.002435	-0.0012175	0	0	1	1	0	4.16	1	1.2	0.8;
	6	1	1e-10	5e-11	0	0	1	1	0	4.16	1	1.2	0.8;
	7	1	1e-10	5e-11	0	0	1	1	0	4.16	1	1.2	0.8;
	8	1	-0.003674	-0.001837	0	0	1	1	0	4.16	1	1.2	0.8;
	9	1	-0.007248	-0.003624	0	0	1	1	0	4.16	1	1.2	0.8;
	10	1	-0.003894	-0.001947	0	0	1	1	0	4.16	1	1.2	0.8;
	11	1	-0.003386	-0.001693	0	0	1	1	0	4.16	1	1.2	0.8;
	12	1	-0.00409	-0.002045	0	0	1	1	0	4.16	1	1.2	0.8;
	13	1	-0.003263	-0.0016315	0	0	1	1	0	4.16	1	1.2	0.8;
	14	1	1e-10	5e-11	0	0	1	1	0	4.16	1	1.2	0.8;
	15	1	-0.003666	-0.001833	0	0	1	1	0	4.16	1	1.2	0.8;
	16	1	-0.003698	-0.001849	0	0	1	1	0	4.16	1	1.2	0.8;
	17	1	-0.004309	-0.0021545	0	0	1	1	0	4.16	1	1.2	0.8;
	18	1	-0.004008	-0.002004	0	0	1	1	0	4.16	1	1.2	0.8;
	19	1	-0.002565	-0.0012825	0	0	1	1	0	4.16	1	1.2	0.8;
	20	1	-0.002813	-0.0014065	0	0	1	1	0	4.16	1	1.2	0.8;
	21	1	-0.003964	-0.001982	0	0	1	1	0	4.16	1	1.2	0.8;
	22	1	-0.002502	-0.001251	0	0	1	1	0	4.16	1	1.2	0.8;
	23	1	-0.003474	-0.001737	0	0	1	1	0	4.16	1	1.2	0.8;
	24	1	-0.003131	-0.0015655	0	0	1	1	0	4.16	1	1.2	0.8;
	25	1	-0.002643	-0.0013215	0	0	1	1	0	4.16	1	1.2	0.8;
	26	1	0.000126	6.3e-05	0	0	1	1	0	4.16	1	1.2	0.8;
	27	1	0.00052	0.00026	0	0	1	1	0	4.16	1	1.2	0.8;
	28	1	-0.001954	-0.000977	0	0	1	1	0	4.16	1	1.2	0.8;
	29	1	-0.002172	-0.001086	0	0	1	1	0	4.16	1	1.2	0.8;
	30	1	-0.003952	-0.001976	0	0	1	1	0	4.16	1	1.2	0.8;
	31	1	-0.004027	-0.0020135	0	0	1	1	0	4.16	1	1.2	0.8;
	32	1	-0.003641	-0.0018205	0	0	1	1	0	4.16	1	1.2	0.8;
	33	1	-0.002073	-0.0010365	0	0	1	1	0	4.16	1	1.2	0.8;
	34	1	-0.004095	-0.0020475	0	0	1	1	0	4.16	1	1.2	0.8;
	35	1	-0.003215	-0.0016075	0	0	1	1	0	4.16	1	1.2	0.8;
	36	1	-0.001785	-0.0008925	0	0	1	1	0	4.16	1	1.2	0.8;
	37	1	-0.003641	-0.0018205	0	0	1	1	0	4.16	1	1.2	0.8;
	38	1	-0.00432	-0.00216	0	0	1	1	0	4.16	1	1.2	0.8;
	39	1	-0.00321	-0.001605	0	0	1	1	0	4.16	1	1.2	0.8;
	40	1	-0.002792	-0.001396	0	0	1	1	0	4.16	1	1.2	0.8;
	41	1	-0.006209	-0.0031045	0	0	1	1	0	4.16	1	1.2	0.8;
	42	1	-0.003133	-0.0015665	0	0	1	1	0	4.16	1	1.2	0.8;
	43	1	-0.004121	-0.0020605	0	0	1	1	0	4.16	1	1.2	0.8;
	44	1	-0.003972	-0.001986	0	0	1	1	0	4.16	1	1.2	0.8;
	45	1	1e-10	5e-11	0	0	1	1	0	4.16	1	1.2	0.8;
	46	1	-0.001831	-0.0009155	0	0	1	1	0	4.16	1	1.2	0.8;
	47	1	1e-10	5e-11	0	0	1	1	0	4.16	1	1.2	0.8;
	48	1	1e-10	5e-11	0	0	1	1	0	4.16	1	1.2	0.8;
	49	1	0.000526	0.000263	0	0	1	1	0	4.16	1	1.2	0.8;
	50	1	-0.00423	-0.002115	0	0	1	1	0	4.16	1	1.2	0.8;
	51	1	1e-10	5e-11	0	0	1	1	0	4.16	1	1.2	0.8;
	52	1	1e-10	5e-11	0	0	1	1	0	4.16	1	1.2	0.8;
	53	1	-0.001951	-0.0009755	0	0	1	1	0	4.16	1	1.2	0.8;
	54	1	1e-10	5e-11	0	0	1	1	0	4.16	1	1.2	0.8;
	55	1	1e-10	5e-11	0	0	1	1	0	4.16	1	1.2	0.8;
	56	1	-0.003155	-0.0015775	0	0	1	1	0	4.16	1	1.2	0.8;
	57	1	1e-10	5e-11	0	0	1	1	0	4.16	1	1.2	0.8;
	58	1	1e-10	5e-11	0	0	1	1	0	4.16	1	1.2	0.8;
	59	1	6.5e-05	3.25e-05	0	0	1	1	0	4.16	1	1.2	0.8;
	60	1	-0.003747	-0.0018735	0	0	1	1	0	4.16	1	1.2	0.8;
];

%% generator data
%	bus	Pg	Qg	Qmax	Qmin	Vg	mBase	status	Pmax	Pmin	Pc1	Pc2	Qc1min	Qc1max	Qc2min	Qc2max	ramp_agc	ramp_10	ramp_30	ramp_q	apf
mpc.gen = [
	1	-0.144589999	0	200	-200	1	1	1	200	-200	0	0	0	0	0	0	10	0	0	0	0;
];

%% branch data
%	fbus	tbus	r	x	b	rateA	rateB	rateC	ratio	angle	status	angmin	angmax
mpc.branch = [
	1	2	0.0013398623	0.0027450827	3.02770272e-08	100	100	100	0	0	1	-80	80;
	1	2	0.0013398623	0.0027450827	3.02770272e-08	100	100	100	0	0	1	-80	80;
	2	3	0.0013398623	0.0027450827	3.02770272e-08	100	100	100	0	0	1	-80	80;
	3	4	0.0013398623	0.0027450827	3.02770272e-08	100	100	100	0	0	1	-80	80;
	4	5	0.0013398623	0.0027450827	3.02770272e-08	100	100	100	0	0	1	-80	80;
	5	6	0.0013398623	0.0027450827	3.02770272e-08	100	100	100	0	0	1	-80	80;
	6	7	0.0013398623	0.0027450827	3.02770272e-08	100	100	100	0	0	1	-80	80;
	7	8	0.0013398623	0.0027450827	3.02770272e-08	100	100	100	0	0	1	-80	80;
	8	9	0.0013398623	0.0027450827	3.02770272e-08	100	100	100	0	0	1	-80	80;
	9	10	0.0013398623	0.0027450827	3.02770272e-08	100	100	100	0	0	1	-80	80;
	10	11	0.0013398623	0.0027450827	3.02770272e-08	100	100	100	0	0	1	-80	80;
	11	12	0.0013398623	0.0027450827	3.02770272e-08	100	100	100	0	0	1	-80	80;
	12	13	0.0013398623	0.0027450827	3.02770272e-08	100	100	100	0	0	1	-80	80;
	13	14	0.0013398623	0.0027450827	3.02770272e-08	100	100	100	0	0	1	-80	80;
	14	15	0.0013398623	0.0027450827	3.02770272e-08	100	100	100	0	0	1	-80	80;
	15	16	0.0013398623	0.0027450827	3.02770272e-08	100	100	100	0	0	1	-80	80;
	16	17	0.0013398623	0.0027450827	3.02770272e-08	100	100	100	0	0	1	-80	80;
	17	18	0.0013398623	0.0027450827	3.02770272e-08	100	100	100	0	0	1	-80	80;
	18	19	0.0013398623	0.0027450827	3.02770272e-08	100	100	100	0	0	1	-80	80;
	19	20	0.0013398623	0.0027450827	3.02770272e-08	100	100	100	0	0	1	-80	80;
	20	21	0.0013398623	0.0027450827	3.02770272e-08	100	100	100	0	0	1	-80	80;
	21	22	0.0013398623	0.0027450827	3.02770272e-08	100	100	100	0	0	1	-80	80;
	22	23	0.0013398623	0.0027450827	3.02770272e-08	100	100	100	0	0	1	-80	80;
	23	24	0.0013398623	0.0027450827	3.02770272e-08	100	100	100	0	0	1	-80	80;
	24	25	0.0013398623	0.0027450827	3.02770272e-08	100	100	100	0	0	1	-80	80;
	25	26	0.0013398623	0.0027450827	3.02770272e-08	100	100	100	0	0	1	-80	80;
	26	27	0.0013398623	0.0027450827	3.02770272e-08	100	100	100	0	0	1	-80	80;
	27	28	0.0013398623	0.0027450827	3.02770272e-08	100	100	100	0	0	1	-80	80;
	28	29	0.0013398623	0.0027450827	3.02770272e-08	100	100	100	0	0	1	-80	80;
	1	30	0.0013398623	0.0027450827	3.02770272e-08	100	100	100	0	0	1	-80	80;
	30	31	0.0013398623	0.0027450827	3.02770272e-08	100	100	100	0	0	1	-80	80;
	31	32	0.0013398623	0.0027450827	3.02770272e-08	100	100	100	0	0	1	-80	80;
	32	33	0.0013398623	0.0027450827	3.02770272e-08	100	100	100	0	0	1	-80	80;
	33	34	0.0013398623	0.0027450827	3.02770272e-08	100	100	100	0	0	1	-80	80;
	34	35	0.0013398623	0.0027450827	3.02770272e-08	100	100	100	0	0	1	-80	80;
	35	36	0.0013398623	0.0027450827	3.02770272e-08	100	100	100	0	0	1	-80	80;
	36	37	0.0013398623	0.0027450827	3.02770272e-08	100	100	100	0	0	1	-80	80;
	37	38	0.0013398623	0.0027450827	3.02770272e-08	100	100	100	0	0	1	-80	80;
	38	39	0.0013398623	0.0027450827	3.02770272e-08	100	100	100	0	0	1	-80	80;
	39	40	0.0013398623	0.0027450827	3.02770272e-08	100	100	100	0	0	1	-80	80;
	40	41	0.0013398623	0.0027450827	3.02770272e-08	100	100	100	0	0	1	-80	80;
	41	42	0.0013398623	0.0027450827	3.02770272e-08	100	100	100	0	0	1	-80	80;
	42	43	0.0013398623	0.0027450827	3.02770272e-08	100	100	100	0	0	1	-80	80;
	43	44	0.0013398623	0.0027450827	3.02770272e-08	100	100	100	0	0	1	-80	80;
	44	45	0.0013398623	0.0027450827	3.02770272e-08	100	100	100	0	0	1	-80	80;
	45	46	0.0013398623	0.0027450827	3.02770272e-08	100	100	100	0	0	1	-80	80;
	46	47	0.0013398623	0.0027450827	3.02770272e-08	100	100	100	0	0	1	-80	80;
	47	48	0.0013398623	0.0027450827	3.02770272e-08	100	100	100	0	0	1	-80	80;
	48	49	0.0013398623	0.0027450827	3.02770272e-08	100	100	100	0	0	1	-80	80;
	49	50	0.0013398623	0.0027450827	3.02770272e-08	100	100	100	0	0	1	-80	80;
	50	51	0.0013398623	0.0027450827	3.02770272e-08	100	100	100	0	0	1	-80	80;
	51	52	0.0013398623	0.0027450827	3.02770272e-08	100	100	100	0	0	1	-80	80;
	52	53	0.0013398623	0.0027450827	3.02770272e-08	100	100	100	0	0	1	-80	80;
	53	54	0.0013398623	0.0027450827	3.02770272e-08	100	100	100	0	0	1	-80	80;
	54	55	0.0013398623	0.0027450827	3.02770272e-08	100	100	100	0	0	1	-80	80;
	55	56	0.0013398623	0.0027450827	3.02770272e-08	100	100	100	0	0	1	-80	80;
	56	57	0.0013398623	0.0027450827	3.02770272e-08	100	100	100	0	0	1	-80	80;
	57	58	0.0013398623	0.0027450827	3.02770272e-08	100	100	100	0	0	1	-80	80;
	58	59	0.0013398623	0.0027450827	3.02770272e-08	100	100	100	0	0	1	-80	80;
