function mpc = case_ieee123_storage_1039
%CASE_IEEE123_STORAGE_1039

%% MATPOWER Case Format : Version 2
mpc.version = '2';

%%-----  Power Flow Data  -----%%
%% system MVA base
mpc.baseMVA = 1;

%% bus data
%	bus_i	type	Pd	Qd	Gs	Bs	area	Vm	Va	baseKV	zone	Vmax	Vmin
mpc.bus = [
	1	3	-0.003091	-0.0015455	0	0	1	1	0	4.16	1	1.2	0.8;
	2	1	0.002894	0.001447	0	0	1	1	0	4.16	1	1.2	0.8;
	3	1	0.000586	0.000293	0	0	1	1	0	4.16	1	1.2	0.8;
	4	1	5.1e-05	2.55e-05	0	0	1	1	0	4.16	1	1.2	0.8;
	5	1	-0.001605	-0.0008025	0	0	1	1	0	4.16	1	1.2	0.8;
	6	1	1e-10	5e-11	0	0	1	1	0	4.16	1	1.2	0.8;
	7	1	1e-10	5e-11	0	0	1	1	0	4.16	1	1.2	0.8;
	8	1	-0.002556	-0.001278	0	0	1	1	0	4.16	1	1.2	0.8;
	9	1	-0.002991	-0.0014955	0	0	1	1	0	4.16	1	1.2	0.8;
	10	1	-0.002051	-0.0010255	0	0	1	1	0	4.16	1	1.2	0.8;
	11	1	-0.001899	-0.0009495	0	0	1	1	0	4.16	1	1.2	0.8;
	12	1	-0.002337	-0.0011685	0	0	1	1	0	4.16	1	1.2	0.8;
	13	1	-0.001895	-0.0009475	0	0	1	1	0	4.16	1	1.2	0.8;
	14	1	1e-10	5e-11	0	0	1	1	0	4.16	1	1.2	0.8;
	15	1	-0.001077	-0.0005385	0	0	1	1	0	4.16	1	1.2	0.8;
	16	1	-0.002933	-0.0014665	0	0	1	1	0	4.16	1	1.2	0.8;
	17	1	-0.001821	-0.0009105	0	0	1	1	0	4.16	1	1.2	0.8;
	18	1	-0.001778	-0.000889	0	0	1	1	0	4.16	1	1.2	0.8;
	19	1	-0.002413	-0.0012065	0	0	1	1	0	4.16	1	1.2	0.8;
	20	1	-0.000617	-0.0003085	0	0	1	1	0	4.16	1	1.2	0.8;
	21	1	-0.002178	-0.001089	0	0	1	1	0	4.16	1	1.2	0.8;
	22	1	-0.001352	-0.000676	0	0	1	1	0	4.16	1	1.2	0.8;
	23	1	-0.001903	-0.0009515	0	0	1	1	0	4.16	1	1.2	0.8;
	24	1	-0.002183	-0.0010915	0	0	1	1	0	4.16	1	1.2	0.8;
	25	1	-0.001362	-0.000681	0	0	1	1	0	4.16	1	1.2	0.8;
	26	1	0.000125	6.25e-05	0	0	1	1	0	4.16	1	1.2	0.8;
	27	1	-0.001717	-0.0008585	0	0	1	1	0	4.16	1	1.2	0.8;
	28	1	0.00166	0.00083	0	0	1	1	0	4.16	1	1.2	0.8;
	29	1	-0.002296	-0.001148	0	0	1	1	0	4.16	1	1.2	0.8;
	30	1	-0.001361	-0.0006805	0	0	1	1	0	4.16	1	1.2	0.8;
	31	1	-0.001964	-0.000982	0	0	1	1	0	4.16	1	1.2	0.8;
	32	1	-0.001635	-0.0008175	0	0	1	1	0	4.16	1	1.2	0.8;
	33	1	-0.000974	-0.000487	0	0	1	1	0	4.16	1	1.2	0.8;
	34	1	-0.00295	-0.001475	0	0	1	1	0	4.16	1	1.2	0.8;
	35	1	-0.001574	-0.000787	0	0	1	1	0	4.16	1	1.2	0.8;
	36	1	-0.001435	-0.0007175	0	0	1	1	0	4.16	1	1.2	0.8;
	37	1	-0.001029	-0.0005145	0	0	1	1	0	4.16	1	1.2	0.8;
	38	1	-0.002127	-0.0010635	0	0	1	1	0	4.16	1	1.2	0.8;
	39	1	-0.002456	-0.001228	0	0	1	1	0	4.16	1	1.2	0.8;
	40	1	-0.000888	-0.000444	0	0	1	1	0	4.16	1	1.2	0.8;
	41	1	-0.0025	-0.00125	0	0	1	1	0	4.16	1	1.2	0.8;
	42	1	-0.002459	-0.0012295	0	0	1	1	0	4.16	1	1.2	0.8;
	43	1	-0.002334	-0.001167	0	0	1	1	0	4.16	1	1.2	0.8;
	44	1	-0.001499	-0.0007495	0	0	1	1	0	4.16	1	1.2	0.8;
	45	1	1e-10	5e-11	0	0	1	1	0	4.16	1	1.2	0.8;
	46	1	-0.000466	-0.000233	0	0	1	1	0	4.16	1	1.2	0.8;
	47	1	1e-10	5e-11	0	0	1	1	0	4.16	1	1.2	0.8;
	48	1	1e-10	5e-11	0	0	1	1	0	4.16	1	1.2	0.8;
	49	1	0.000921	0.0004605	0	0	1	1	0	4.16	1	1.2	0.8;
	50	1	-0.002122	-0.001061	0	0	1	1	0	4.16	1	1.2	0.8;
	51	1	1e-10	5e-11	0	0	1	1	0	4.16	1	1.2	0.8;
	52	1	1e-10	5e-11	0	0	1	1	0	4.16	1	1.2	0.8;
	53	1	-0.00165	-0.000825	0	0	1	1	0	4.16	1	1.2	0.8;
	54	1	1e-10	5e-11	0	0	1	1	0	4.16	1	1.2	0.8;
	55	1	1e-10	5e-11	0	0	1	1	0	4.16	1	1.2	0.8;
	56	1	0.001005	0.0005025	0	0	1	1	0	4.16	1	1.2	0.8;
	57	1	1e-10	5e-11	0	0	1	1	0	4.16	1	1.2	0.8;
	58	1	1e-10	5e-11	0	0	1	1	0	4.16	1	1.2	0.8;
	59	1	6.6e-05	3.3e-05	0	0	1	1	0	4.16	1	1.2	0.8;
	60	1	-0.002821	-0.0014105	0	0	1	1	0	4.16	1	1.2	0.8;
];

%% generator data
%	bus	Pg	Qg	Qmax	Qmin	Vg	mBase	status	Pmax	Pmin	Pc1	Pc2	Qc1min	Qc1max	Qc2min	Qc2max	ramp_agc	ramp_10	ramp_30	ramp_q	apf
mpc.gen = [
	1	-0.0689909988	0	200	-200	1	1	1	200	-200	0	0	0	0	0	0	10	0	0	0	0;
];

%% branch data
%	fbus	tbus	r	x	b	rateA	rateB	rateC	ratio	angle	status	angmin	angmax
mpc.branch = [
	1	2	0.0013398623	0.0027450827	3.02770272e-08	100	100	100	0	0	1	-80	80;
	1	2	0.0013398623	0.0027450827	3.02770272e-08	100	100	100	0	0	1	-80	80;
	2	3	0.0013398623	0.0027450827	3.02770272e-08	100	100	100	0	0	1	-80	80;
	3	4	0.0013398623	0.0027450827	3.02770272e-08	100	100	100	0	0	1	-80	80;
	4	5	0.0013398623	0.0027450827	3.02770272e-08	100	100	100	0	0	1	-80	80;
	5	6	0.0013398623	0.0027450827	3.02770272e-08	100	100	100	0	0	1	-80	80;
	6	7	0.0013398623	0.0027450827	3.02770272e-08	100	100	100	0	0	1	-80	80;
	7	8	0.0013398623	0.0027450827	3.02770272e-08	100	100	100	0	0	1	-80	80;
	8	9	0.0013398623	0.0027450827	3.02770272e-08	100	100	100	0	0	1	-80	80;
	9	10	0.0013398623	0.0027450827	3.02770272e-08	100	100	100	0	0	1	-80	80;
	10	11	0.0013398623	0.0027450827	3.02770272e-08	100	100	100	0	0	1	-80	80;
	11	12	0.0013398623	0.0027450827	3.02770272e-08	100	100	100	0	0	1	-80	80;
	12	13	0.0013398623	0.0027450827	3.02770272e-08	100	100	100	0	0	1	-80	80;
	13	14	0.0013398623	0.0027450827	3.02770272e-08	100	100	100	0	0	1	-80	80;
	14	15	0.0013398623	0.0027450827	3.02770272e-08	100	100	100	0	0	1	-80	80;
	15	16	0.0013398623	0.0027450827	3.02770272e-08	100	100	100	0	0	1	-80	80;
	16	17	0.0013398623	0.0027450827	3.02770272e-08	100	100	100	0	0	1	-80	80;
	17	18	0.0013398623	0.0027450827	3.02770272e-08	100	100	100	0	0	1	-80	80;
	18	19	0.0013398623	0.0027450827	3.02770272e-08	100	100	100	0	0	1	-80	80;
	19	20	0.0013398623	0.0027450827	3.02770272e-08	100	100	100	0	0	1	-80	80;
	20	21	0.0013398623	0.0027450827	3.02770272e-08	100	100	100	0	0	1	-80	80;
	21	22	0.0013398623	0.0027450827	3.02770272e-08	100	100	100	0	0	1	-80	80;
	22	23	0.0013398623	0.0027450827	3.02770272e-08	100	100	100	0	0	1	-80	80;
	23	24	0.0013398623	0.0027450827	3.02770272e-08	100	100	100	0	0	1	-80	80;
	24	25	0.0013398623	0.0027450827	3.02770272e-08	100	100	100	0	0	1	-80	80;
	25	26	0.0013398623	0.0027450827	3.02770272e-08	100	100	100	0	0	1	-80	80;
	26	27	0.0013398623	0.0027450827	3.02770272e-08	100	100	100	0	0	1	-80	80;
	27	28	0.0013398623	0.0027450827	3.02770272e-08	100	100	100	0	0	1	-80	80;
	28	29	0.0013398623	0.0027450827	3.02770272e-08	100	100	100	0	0	1	-80	80;
	1	30	0.0013398623	0.0027450827	3.02770272e-08	100	100	100	0	0	1	-80	80;
	30	31	0.0013398623	0.0027450827	3.02770272e-08	100	100	100	0	0	1	-80	80;
	31	32	0.0013398623	0.0027450827	3.02770272e-08	100	100	100	0	0	1	-80	80;
	32	33	0.0013398623	0.0027450827	3.02770272e-08	100	100	100	0	0	1	-80	80;
	33	34	0.0013398623	0.0027450827	3.02770272e-08	100	100	100	0	0	1	-80	80;
	34	35	0.0013398623	0.0027450827	3.02770272e-08	100	100	100	0	0	1	-80	80;
	35	36	0.0013398623	0.0027450827	3.02770272e-08	100	100	100	0	0	1	-80	80;
	36	37	0.0013398623	0.0027450827	3.02770272e-08	100	100	100	0	0	1	-80	80;
	37	38	0.0013398623	0.0027450827	3.02770272e-08	100	100	100	0	0	1	-80	80;
	38	39	0.0013398623	0.0027450827	3.02770272e-08	100	100	100	0	0	1	-80	80;
	39	40	0.0013398623	0.0027450827	3.02770272e-08	100	100	100	0	0	1	-80	80;
	40	41	0.0013398623	0.0027450827	3.02770272e-08	100	100	100	0	0	1	-80	80;
	41	42	0.0013398623	0.0027450827	3.02770272e-08	100	100	100	0	0	1	-80	80;
	42	43	0.0013398623	0.0027450827	3.02770272e-08	100	100	100	0	0	1	-80	80;
	43	44	0.0013398623	0.0027450827	3.02770272e-08	100	100	100	0	0	1	-80	80;
	44	45	0.0013398623	0.0027450827	3.02770272e-08	100	100	100	0	0	1	-80	80;
	45	46	0.0013398623	0.0027450827	3.02770272e-08	100	100	100	0	0	1	-80	80;
	46	47	0.0013398623	0.0027450827	3.02770272e-08	100	100	100	0	0	1	-80	80;
	47	48	0.0013398623	0.0027450827	3.02770272e-08	100	100	100	0	0	1	-80	80;
	48	49	0.0013398623	0.0027450827	3.02770272e-08	100	100	100	0	0	1	-80	80;
	49	50	0.0013398623	0.0027450827	3.02770272e-08	100	100	100	0	0	1	-80	80;
	50	51	0.0013398623	0.0027450827	3.02770272e-08	100	100	100	0	0	1	-80	80;
	51	52	0.0013398623	0.0027450827	3.02770272e-08	100	100	100	0	0	1	-80	80;
	52	53	0.0013398623	0.0027450827	3.02770272e-08	100	100	100	0	0	1	-80	80;
	53	54	0.0013398623	0.0027450827	3.02770272e-08	100	100	100	0	0	1	-80	80;
	54	55	0.0013398623	0.0027450827	3.02770272e-08	100	100	100	0	0	1	-80	80;
	55	56	0.0013398623	0.0027450827	3.02770272e-08	100	100	100	0	0	1	-80	80;
	56	57	0.0013398623	0.0027450827	3.02770272e-08	100	100	100	0	0	1	-80	80;
	57	58	0.0013398623	0.0027450827	3.02770272e-08	100	100	100	0	0	1	-80	80;
	58	59	0.0013398623	0.0027450827	3.02770272e-08	100	100	100	0	0	1	-80	80;
