function mpc = case_ieee123_storage_961
%CASE_IEEE123_STORAGE_961

%% MATPOWER Case Format : Version 2
mpc.version = '2';

%%-----  Power Flow Data  -----%%
%% system MVA base
mpc.baseMVA = 1;

%% bus data
%	bus_i	type	Pd	Qd	Gs	Bs	area	Vm	Va	baseKV	zone	Vmax	Vmin
mpc.bus = [
	1	3	-0.003796	-0.001898	0	0	1	1	0	4.16	1	1.2	0.8;
	2	1	0.001674	0.000837	0	0	1	1	0	4.16	1	1.2	0.8;
	3	1	0.000234	0.000117	0	0	1	1	0	4.16	1	1.2	0.8;
	4	1	-0.002106	-0.001053	0	0	1	1	0	4.16	1	1.2	0.8;
	5	1	-0.002372	-0.001186	0	0	1	1	0	4.16	1	1.2	0.8;
	6	1	1e-10	5e-11	0	0	1	1	0	4.16	1	1.2	0.8;
	7	1	1e-10	5e-11	0	0	1	1	0	4.16	1	1.2	0.8;
	8	1	-0.003593	-0.0017965	0	0	1	1	0	4.16	1	1.2	0.8;
	9	1	-0.005679	-0.0028395	0	0	1	1	0	4.16	1	1.2	0.8;
	10	1	-0.003434	-0.001717	0	0	1	1	0	4.16	1	1.2	0.8;
	11	1	-0.003023	-0.0015115	0	0	1	1	0	4.16	1	1.2	0.8;
	12	1	-0.003639	-0.0018195	0	0	1	1	0	4.16	1	1.2	0.8;
	13	1	-0.00311	-0.001555	0	0	1	1	0	4.16	1	1.2	0.8;
	14	1	1e-10	5e-11	0	0	1	1	0	4.16	1	1.2	0.8;
	15	1	-0.003542	-0.001771	0	0	1	1	0	4.16	1	1.2	0.8;
	16	1	-0.00383	-0.001915	0	0	1	1	0	4.16	1	1.2	0.8;
	17	1	-0.003361	-0.0016805	0	0	1	1	0	4.16	1	1.2	0.8;
	18	1	-0.002552	-0.001276	0	0	1	1	0	4.16	1	1.2	0.8;
	19	1	-0.002593	-0.0012965	0	0	1	1	0	4.16	1	1.2	0.8;
	20	1	-0.002137	-0.0010685	0	0	1	1	0	4.16	1	1.2	0.8;
	21	1	-0.003387	-0.0016935	0	0	1	1	0	4.16	1	1.2	0.8;
	22	1	-0.002403	-0.0012015	0	0	1	1	0	4.16	1	1.2	0.8;
	23	1	-0.002931	-0.0014655	0	0	1	1	0	4.16	1	1.2	0.8;
	24	1	-0.000413	-0.0002065	0	0	1	1	0	4.16	1	1.2	0.8;
	25	1	-0.002203	-0.0011015	0	0	1	1	0	4.16	1	1.2	0.8;
	26	1	0.000258	0.000129	0	0	1	1	0	4.16	1	1.2	0.8;
	27	1	-0.002468	-0.001234	0	0	1	1	0	4.16	1	1.2	0.8;
	28	1	-0.0007	-0.00035	0	0	1	1	0	4.16	1	1.2	0.8;
	29	1	-0.002441	-0.0012205	0	0	1	1	0	4.16	1	1.2	0.8;
	30	1	-0.003747	-0.0018735	0	0	1	1	0	4.16	1	1.2	0.8;
	31	1	-0.003502	-0.001751	0	0	1	1	0	4.16	1	1.2	0.8;
	32	1	-0.002953	-0.0014765	0	0	1	1	0	4.16	1	1.2	0.8;
	33	1	-0.00215	-0.001075	0	0	1	1	0	4.16	1	1.2	0.8;
	34	1	-0.004022	-0.002011	0	0	1	1	0	4.16	1	1.2	0.8;
	35	1	-0.00261	-0.001305	0	0	1	1	0	4.16	1	1.2	0.8;
	36	1	-0.001685	-0.0008425	0	0	1	1	0	4.16	1	1.2	0.8;
	37	1	-0.002803	-0.0014015	0	0	1	1	0	4.16	1	1.2	0.8;
	38	1	-0.003556	-0.001778	0	0	1	1	0	4.16	1	1.2	0.8;
	39	1	-0.003081	-0.0015405	0	0	1	1	0	4.16	1	1.2	0.8;
	40	1	-0.002515	-0.0012575	0	0	1	1	0	4.16	1	1.2	0.8;
	41	1	-0.004829	-0.0024145	0	0	1	1	0	4.16	1	1.2	0.8;
	42	1	-0.003327	-0.0016635	0	0	1	1	0	4.16	1	1.2	0.8;
	43	1	-0.003667	-0.0018335	0	0	1	1	0	4.16	1	1.2	0.8;
	44	1	-0.002657	-0.0013285	0	0	1	1	0	4.16	1	1.2	0.8;
	45	1	1e-10	5e-11	0	0	1	1	0	4.16	1	1.2	0.8;
	46	1	0.001906	0.000953	0	0	1	1	0	4.16	1	1.2	0.8;
	47	1	1e-10	5e-11	0	0	1	1	0	4.16	1	1.2	0.8;
	48	1	1e-10	5e-11	0	0	1	1	0	4.16	1	1.2	0.8;
	49	1	0.000886	0.000443	0	0	1	1	0	4.16	1	1.2	0.8;
	50	1	-0.003337	-0.0016685	0	0	1	1	0	4.16	1	1.2	0.8;
	51	1	1e-10	5e-11	0	0	1	1	0	4.16	1	1.2	0.8;
	52	1	1e-10	5e-11	0	0	1	1	0	4.16	1	1.2	0.8;
	53	1	-0.002158	-0.001079	0	0	1	1	0	4.16	1	1.2	0.8;
	54	1	1e-10	5e-11	0	0	1	1	0	4.16	1	1.2	0.8;
	55	1	1e-10	5e-11	0	0	1	1	0	4.16	1	1.2	0.8;
	56	1	-0.00047	-0.000235	0	0	1	1	0	4.16	1	1.2	0.8;
	57	1	1e-10	5e-11	0	0	1	1	0	4.16	1	1.2	0.8;
	58	1	1e-10	5e-11	0	0	1	1	0	4.16	1	1.2	0.8;
	59	1	6.6e-05	3.3e-05	0	0	1	1	0	4.16	1	1.2	0.8;
	60	1	-0.0038	-0.0019	0	0	1	1	0	4.16	1	1.2	0.8;
];

%% generator data
%	bus	Pg	Qg	Qmax	Qmin	Vg	mBase	status	Pmax	Pmin	Pc1	Pc2	Qc1min	Qc1max	Qc2min	Qc2max	ramp_agc	ramp_10	ramp_30	ramp_q	apf
mpc.gen = [
	1	-0.117557999	0	200	-200	1	1	1	200	-200	0	0	0	0	0	0	10	0	0	0	0;
];

%% branch data
%	fbus	tbus	r	x	b	rateA	rateB	rateC	ratio	angle	status	angmin	angmax
mpc.branch = [
	1	2	0.0013398623	0.0027450827	3.02770272e-08	100	100	100	0	0	1	-80	80;
	1	2	0.0013398623	0.0027450827	3.02770272e-08	100	100	100	0	0	1	-80	80;
	2	3	0.0013398623	0.0027450827	3.02770272e-08	100	100	100	0	0	1	-80	80;
	3	4	0.0013398623	0.0027450827	3.02770272e-08	100	100	100	0	0	1	-80	80;
	4	5	0.0013398623	0.0027450827	3.02770272e-08	100	100	100	0	0	1	-80	80;
	5	6	0.0013398623	0.0027450827	3.02770272e-08	100	100	100	0	0	1	-80	80;
	6	7	0.0013398623	0.0027450827	3.02770272e-08	100	100	100	0	0	1	-80	80;
	7	8	0.0013398623	0.0027450827	3.02770272e-08	100	100	100	0	0	1	-80	80;
	8	9	0.0013398623	0.0027450827	3.02770272e-08	100	100	100	0	0	1	-80	80;
	9	10	0.0013398623	0.0027450827	3.02770272e-08	100	100	100	0	0	1	-80	80;
	10	11	0.0013398623	0.0027450827	3.02770272e-08	100	100	100	0	0	1	-80	80;
	11	12	0.0013398623	0.0027450827	3.02770272e-08	100	100	100	0	0	1	-80	80;
	12	13	0.0013398623	0.0027450827	3.02770272e-08	100	100	100	0	0	1	-80	80;
	13	14	0.0013398623	0.0027450827	3.02770272e-08	100	100	100	0	0	1	-80	80;
	14	15	0.0013398623	0.0027450827	3.02770272e-08	100	100	100	0	0	1	-80	80;
	15	16	0.0013398623	0.0027450827	3.02770272e-08	100	100	100	0	0	1	-80	80;
	16	17	0.0013398623	0.0027450827	3.02770272e-08	100	100	100	0	0	1	-80	80;
	17	18	0.0013398623	0.0027450827	3.02770272e-08	100	100	100	0	0	1	-80	80;
	18	19	0.0013398623	0.0027450827	3.02770272e-08	100	100	100	0	0	1	-80	80;
	19	20	0.0013398623	0.0027450827	3.02770272e-08	100	100	100	0	0	1	-80	80;
	20	21	0.0013398623	0.0027450827	3.02770272e-08	100	100	100	0	0	1	-80	80;
	21	22	0.0013398623	0.0027450827	3.02770272e-08	100	100	100	0	0	1	-80	80;
	22	23	0.0013398623	0.0027450827	3.02770272e-08	100	100	100	0	0	1	-80	80;
	23	24	0.0013398623	0.0027450827	3.02770272e-08	100	100	100	0	0	1	-80	80;
	24	25	0.0013398623	0.0027450827	3.02770272e-08	100	100	100	0	0	1	-80	80;
	25	26	0.0013398623	0.0027450827	3.02770272e-08	100	100	100	0	0	1	-80	80;
	26	27	0.0013398623	0.0027450827	3.02770272e-08	100	100	100	0	0	1	-80	80;
	27	28	0.0013398623	0.0027450827	3.02770272e-08	100	100	100	0	0	1	-80	80;
	28	29	0.0013398623	0.0027450827	3.02770272e-08	100	100	100	0	0	1	-80	80;
	1	30	0.0013398623	0.0027450827	3.02770272e-08	100	100	100	0	0	1	-80	80;
	30	31	0.0013398623	0.0027450827	3.02770272e-08	100	100	100	0	0	1	-80	80;
	31	32	0.0013398623	0.0027450827	3.02770272e-08	100	100	100	0	0	1	-80	80;
	32	33	0.0013398623	0.0027450827	3.02770272e-08	100	100	100	0	0	1	-80	80;
	33	34	0.0013398623	0.0027450827	3.02770272e-08	100	100	100	0	0	1	-80	80;
	34	35	0.0013398623	0.0027450827	3.02770272e-08	100	100	100	0	0	1	-80	80;
	35	36	0.0013398623	0.0027450827	3.02770272e-08	100	100	100	0	0	1	-80	80;
	36	37	0.0013398623	0.0027450827	3.02770272e-08	100	100	100	0	0	1	-80	80;
	37	38	0.0013398623	0.0027450827	3.02770272e-08	100	100	100	0	0	1	-80	80;
	38	39	0.0013398623	0.0027450827	3.02770272e-08	100	100	100	0	0	1	-80	80;
	39	40	0.0013398623	0.0027450827	3.02770272e-08	100	100	100	0	0	1	-80	80;
	40	41	0.0013398623	0.0027450827	3.02770272e-08	100	100	100	0	0	1	-80	80;
	41	42	0.0013398623	0.0027450827	3.02770272e-08	100	100	100	0	0	1	-80	80;
	42	43	0.0013398623	0.0027450827	3.02770272e-08	100	100	100	0	0	1	-80	80;
	43	44	0.0013398623	0.0027450827	3.02770272e-08	100	100	100	0	0	1	-80	80;
	44	45	0.0013398623	0.0027450827	3.02770272e-08	100	100	100	0	0	1	-80	80;
	45	46	0.0013398623	0.0027450827	3.02770272e-08	100	100	100	0	0	1	-80	80;
	46	47	0.0013398623	0.0027450827	3.02770272e-08	100	100	100	0	0	1	-80	80;
	47	48	0.0013398623	0.0027450827	3.02770272e-08	100	100	100	0	0	1	-80	80;
	48	49	0.0013398623	0.0027450827	3.02770272e-08	100	100	100	0	0	1	-80	80;
	49	50	0.0013398623	0.0027450827	3.02770272e-08	100	100	100	0	0	1	-80	80;
	50	51	0.0013398623	0.0027450827	3.02770272e-08	100	100	100	0	0	1	-80	80;
	51	52	0.0013398623	0.0027450827	3.02770272e-08	100	100	100	0	0	1	-80	80;
	52	53	0.0013398623	0.0027450827	3.02770272e-08	100	100	100	0	0	1	-80	80;
	53	54	0.0013398623	0.0027450827	3.02770272e-08	100	100	100	0	0	1	-80	80;
	54	55	0.0013398623	0.0027450827	3.02770272e-08	100	100	100	0	0	1	-80	80;
	55	56	0.0013398623	0.0027450827	3.02770272e-08	100	100	100	0	0	1	-80	80;
	56	57	0.0013398623	0.0027450827	3.02770272e-08	100	100	100	0	0	1	-80	80;
	57	58	0.0013398623	0.0027450827	3.02770272e-08	100	100	100	0	0	1	-80	80;
	58	59	0.0013398623	0.0027450827	3.02770272e-08	100	100	100	0	0	1	-80	80;
