function mpc = case_ieee123_storage_991
%CASE_IEEE123_STORAGE_991

%% MATPOWER Case Format : Version 2
mpc.version = '2';

%%-----  Power Flow Data  -----%%
%% system MVA base
mpc.baseMVA = 1;

%% bus data
%	bus_i	type	Pd	Qd	Gs	Bs	area	Vm	Va	baseKV	zone	Vmax	Vmin
mpc.bus = [
	1	3	-0.003489	-0.0017445	0	0	1	1	0	4.16	1	1.2	0.8;
	2	1	0.00216	0.00108	0	0	1	1	0	4.16	1	1.2	0.8;
	3	1	0.000673	0.0003365	0	0	1	1	0	4.16	1	1.2	0.8;
	4	1	0.000703	0.0003515	0	0	1	1	0	4.16	1	1.2	0.8;
	5	1	-0.001999	-0.0009995	0	0	1	1	0	4.16	1	1.2	0.8;
	6	1	1e-10	5e-11	0	0	1	1	0	4.16	1	1.2	0.8;
	7	1	1e-10	5e-11	0	0	1	1	0	4.16	1	1.2	0.8;
	8	1	-0.003158	-0.001579	0	0	1	1	0	4.16	1	1.2	0.8;
	9	1	-0.00293	-0.001465	0	0	1	1	0	4.16	1	1.2	0.8;
	10	1	-0.002907	-0.0014535	0	0	1	1	0	4.16	1	1.2	0.8;
	11	1	-0.000202	-0.000101	0	0	1	1	0	4.16	1	1.2	0.8;
	12	1	-0.003366	-0.001683	0	0	1	1	0	4.16	1	1.2	0.8;
	13	1	-0.002798	-0.001399	0	0	1	1	0	4.16	1	1.2	0.8;
	14	1	1e-10	5e-11	0	0	1	1	0	4.16	1	1.2	0.8;
	15	1	-0.003353	-0.0016765	0	0	1	1	0	4.16	1	1.2	0.8;
	16	1	-0.00354	-0.00177	0	0	1	1	0	4.16	1	1.2	0.8;
	17	1	-0.002796	-0.001398	0	0	1	1	0	4.16	1	1.2	0.8;
	18	1	-0.00257	-0.001285	0	0	1	1	0	4.16	1	1.2	0.8;
	19	1	-0.002687	-0.0013435	0	0	1	1	0	4.16	1	1.2	0.8;
	20	1	-0.001849	-0.0009245	0	0	1	1	0	4.16	1	1.2	0.8;
	21	1	-0.003027	-0.0015135	0	0	1	1	0	4.16	1	1.2	0.8;
	22	1	-0.001794	-0.000897	0	0	1	1	0	4.16	1	1.2	0.8;
	23	1	-0.002369	-0.0011845	0	0	1	1	0	4.16	1	1.2	0.8;
	24	1	-0.002718	-0.001359	0	0	1	1	0	4.16	1	1.2	0.8;
	25	1	-0.001913	-0.0009565	0	0	1	1	0	4.16	1	1.2	0.8;
	26	1	0.000293	0.0001465	0	0	1	1	0	4.16	1	1.2	0.8;
	27	1	-0.002136	-0.001068	0	0	1	1	0	4.16	1	1.2	0.8;
	28	1	-0.001156	-0.000578	0	0	1	1	0	4.16	1	1.2	0.8;
	29	1	-0.002546	-0.001273	0	0	1	1	0	4.16	1	1.2	0.8;
	30	1	-0.003022	-0.001511	0	0	1	1	0	4.16	1	1.2	0.8;
	31	1	-0.00284	-0.00142	0	0	1	1	0	4.16	1	1.2	0.8;
	32	1	-0.002516	-0.001258	0	0	1	1	0	4.16	1	1.2	0.8;
	33	1	-0.001966	-0.000983	0	0	1	1	0	4.16	1	1.2	0.8;
	34	1	-0.003759	-0.0018795	0	0	1	1	0	4.16	1	1.2	0.8;
	35	1	-0.002327	-0.0011635	0	0	1	1	0	4.16	1	1.2	0.8;
	36	1	-0.001698	-0.000849	0	0	1	1	0	4.16	1	1.2	0.8;
	37	1	-0.00185	-0.000925	0	0	1	1	0	4.16	1	1.2	0.8;
	38	1	-0.003029	-0.0015145	0	0	1	1	0	4.16	1	1.2	0.8;
	39	1	-0.002842	-0.001421	0	0	1	1	0	4.16	1	1.2	0.8;
	40	1	-0.002374	-0.001187	0	0	1	1	0	4.16	1	1.2	0.8;
	41	1	-0.003663	-0.0018315	0	0	1	1	0	4.16	1	1.2	0.8;
	42	1	-0.003492	-0.001746	0	0	1	1	0	4.16	1	1.2	0.8;
	43	1	-0.003298	-0.001649	0	0	1	1	0	4.16	1	1.2	0.8;
	44	1	-0.002138	-0.001069	0	0	1	1	0	4.16	1	1.2	0.8;
	45	1	1e-10	5e-11	0	0	1	1	0	4.16	1	1.2	0.8;
	46	1	-0.000698	-0.000349	0	0	1	1	0	4.16	1	1.2	0.8;
	47	1	1e-10	5e-11	0	0	1	1	0	4.16	1	1.2	0.8;
	48	1	1e-10	5e-11	0	0	1	1	0	4.16	1	1.2	0.8;
	49	1	0.000901	0.0004505	0	0	1	1	0	4.16	1	1.2	0.8;
	50	1	-0.002986	-0.001493	0	0	1	1	0	4.16	1	1.2	0.8;
	51	1	1e-10	5e-11	0	0	1	1	0	4.16	1	1.2	0.8;
	52	1	1e-10	5e-11	0	0	1	1	0	4.16	1	1.2	0.8;
	53	1	0.001162	0.000581	0	0	1	1	0	4.16	1	1.2	0.8;
	54	1	1e-10	5e-11	0	0	1	1	0	4.16	1	1.2	0.8;
	55	1	1e-10	5e-11	0	0	1	1	0	4.16	1	1.2	0.8;
	56	1	-5.9e-05	-2.95e-05	0	0	1	1	0	4.16	1	1.2	0.8;
	57	1	1e-10	5e-11	0	0	1	1	0	4.16	1	1.2	0.8;
	58	1	1e-10	5e-11	0	0	1	1	0	4.16	1	1.2	0.8;
	59	1	0.000192	9.6e-05	0	0	1	1	0	4.16	1	1.2	0.8;
	60	1	-0.003517	-0.0017585	0	0	1	1	0	4.16	1	1.2	0.8;
];

%% generator data
%	bus	Pg	Qg	Qmax	Qmin	Vg	mBase	status	Pmax	Pmin	Pc1	Pc2	Qc1min	Qc1max	Qc2min	Qc2max	ramp_agc	ramp_10	ramp_30	ramp_q	apf
mpc.gen = [
	1	-0.0972929988	0	200	-200	1	1	1	200	-200	0	0	0	0	0	0	10	0	0	0	0;
];

%% branch data
%	fbus	tbus	r	x	b	rateA	rateB	rateC	ratio	angle	status	angmin	angmax
mpc.branch = [
	1	2	0.0013398623	0.0027450827	3.02770272e-08	100	100	100	0	0	1	-80	80;
	1	2	0.0013398623	0.0027450827	3.02770272e-08	100	100	100	0	0	1	-80	80;
	2	3	0.0013398623	0.0027450827	3.02770272e-08	100	100	100	0	0	1	-80	80;
	3	4	0.0013398623	0.0027450827	3.02770272e-08	100	100	100	0	0	1	-80	80;
	4	5	0.0013398623	0.0027450827	3.02770272e-08	100	100	100	0	0	1	-80	80;
	5	6	0.0013398623	0.0027450827	3.02770272e-08	100	100	100	0	0	1	-80	80;
	6	7	0.0013398623	0.0027450827	3.02770272e-08	100	100	100	0	0	1	-80	80;
	7	8	0.0013398623	0.0027450827	3.02770272e-08	100	100	100	0	0	1	-80	80;
	8	9	0.0013398623	0.0027450827	3.02770272e-08	100	100	100	0	0	1	-80	80;
	9	10	0.0013398623	0.0027450827	3.02770272e-08	100	100	100	0	0	1	-80	80;
	10	11	0.0013398623	0.0027450827	3.02770272e-08	100	100	100	0	0	1	-80	80;
	11	12	0.0013398623	0.0027450827	3.02770272e-08	100	100	100	0	0	1	-80	80;
	12	13	0.0013398623	0.0027450827	3.02770272e-08	100	100	100	0	0	1	-80	80;
	13	14	0.0013398623	0.0027450827	3.02770272e-08	100	100	100	0	0	1	-80	80;
	14	15	0.0013398623	0.0027450827	3.02770272e-08	100	100	100	0	0	1	-80	80;
	15	16	0.0013398623	0.0027450827	3.02770272e-08	100	100	100	0	0	1	-80	80;
	16	17	0.0013398623	0.0027450827	3.02770272e-08	100	100	100	0	0	1	-80	80;
	17	18	0.0013398623	0.0027450827	3.02770272e-08	100	100	100	0	0	1	-80	80;
	18	19	0.0013398623	0.0027450827	3.02770272e-08	100	100	100	0	0	1	-80	80;
	19	20	0.0013398623	0.0027450827	3.02770272e-08	100	100	100	0	0	1	-80	80;
	20	21	0.0013398623	0.0027450827	3.02770272e-08	100	100	100	0	0	1	-80	80;
	21	22	0.0013398623	0.0027450827	3.02770272e-08	100	100	100	0	0	1	-80	80;
	22	23	0.0013398623	0.0027450827	3.02770272e-08	100	100	100	0	0	1	-80	80;
	23	24	0.0013398623	0.0027450827	3.02770272e-08	100	100	100	0	0	1	-80	80;
	24	25	0.0013398623	0.0027450827	3.02770272e-08	100	100	100	0	0	1	-80	80;
	25	26	0.0013398623	0.0027450827	3.02770272e-08	100	100	100	0	0	1	-80	80;
	26	27	0.0013398623	0.0027450827	3.02770272e-08	100	100	100	0	0	1	-80	80;
	27	28	0.0013398623	0.0027450827	3.02770272e-08	100	100	100	0	0	1	-80	80;
	28	29	0.0013398623	0.0027450827	3.02770272e-08	100	100	100	0	0	1	-80	80;
	1	30	0.0013398623	0.0027450827	3.02770272e-08	100	100	100	0	0	1	-80	80;
	30	31	0.0013398623	0.0027450827	3.02770272e-08	100	100	100	0	0	1	-80	80;
	31	32	0.0013398623	0.0027450827	3.02770272e-08	100	100	100	0	0	1	-80	80;
	32	33	0.0013398623	0.0027450827	3.02770272e-08	100	100	100	0	0	1	-80	80;
	33	34	0.0013398623	0.0027450827	3.02770272e-08	100	100	100	0	0	1	-80	80;
	34	35	0.0013398623	0.0027450827	3.02770272e-08	100	100	100	0	0	1	-80	80;
	35	36	0.0013398623	0.0027450827	3.02770272e-08	100	100	100	0	0	1	-80	80;
	36	37	0.0013398623	0.0027450827	3.02770272e-08	100	100	100	0	0	1	-80	80;
	37	38	0.0013398623	0.0027450827	3.02770272e-08	100	100	100	0	0	1	-80	80;
	38	39	0.0013398623	0.0027450827	3.02770272e-08	100	100	100	0	0	1	-80	80;
	39	40	0.0013398623	0.0027450827	3.02770272e-08	100	100	100	0	0	1	-80	80;
	40	41	0.0013398623	0.0027450827	3.02770272e-08	100	100	100	0	0	1	-80	80;
	41	42	0.0013398623	0.0027450827	3.02770272e-08	100	100	100	0	0	1	-80	80;
	42	43	0.0013398623	0.0027450827	3.02770272e-08	100	100	100	0	0	1	-80	80;
	43	44	0.0013398623	0.0027450827	3.02770272e-08	100	100	100	0	0	1	-80	80;
	44	45	0.0013398623	0.0027450827	3.02770272e-08	100	100	100	0	0	1	-80	80;
	45	46	0.0013398623	0.0027450827	3.02770272e-08	100	100	100	0	0	1	-80	80;
	46	47	0.0013398623	0.0027450827	3.02770272e-08	100	100	100	0	0	1	-80	80;
	47	48	0.0013398623	0.0027450827	3.02770272e-08	100	100	100	0	0	1	-80	80;
	48	49	0.0013398623	0.0027450827	3.02770272e-08	100	100	100	0	0	1	-80	80;
	49	50	0.0013398623	0.0027450827	3.02770272e-08	100	100	100	0	0	1	-80	80;
	50	51	0.0013398623	0.0027450827	3.02770272e-08	100	100	100	0	0	1	-80	80;
	51	52	0.0013398623	0.0027450827	3.02770272e-08	100	100	100	0	0	1	-80	80;
	52	53	0.0013398623	0.0027450827	3.02770272e-08	100	100	100	0	0	1	-80	80;
	53	54	0.0013398623	0.0027450827	3.02770272e-08	100	100	100	0	0	1	-80	80;
	54	55	0.0013398623	0.0027450827	3.02770272e-08	100	100	100	0	0	1	-80	80;
	55	56	0.0013398623	0.0027450827	3.02770272e-08	100	100	100	0	0	1	-80	80;
	56	57	0.0013398623	0.0027450827	3.02770272e-08	100	100	100	0	0	1	-80	80;
	57	58	0.0013398623	0.0027450827	3.02770272e-08	100	100	100	0	0	1	-80	80;
	58	59	0.0013398623	0.0027450827	3.02770272e-08	100	100	100	0	0	1	-80	80;
