function mpc = case_ieee123_storage_795
%CASE_IEEE123_STORAGE_795

%% MATPOWER Case Format : Version 2
mpc.version = '2';

%%-----  Power Flow Data  -----%%
%% system MVA base
mpc.baseMVA = 1;

%% bus data
%	bus_i	type	Pd	Qd	Gs	Bs	area	Vm	Va	baseKV	zone	Vmax	Vmin
mpc.bus = [
	1	3	-0.003136	-0.001568	0	0	1	1	0	4.16	1	1.2	0.8;
	2	1	-0.00217	-0.001085	0	0	1	1	0	4.16	1	1.2	0.8;
	3	1	0.000656	0.000328	0	0	1	1	0	4.16	1	1.2	0.8;
	4	1	-0.00213	-0.001065	0	0	1	1	0	4.16	1	1.2	0.8;
	5	1	-0.002189	-0.0010945	0	0	1	1	0	4.16	1	1.2	0.8;
	6	1	1e-10	5e-11	0	0	1	1	0	4.16	1	1.2	0.8;
	7	1	1e-10	5e-11	0	0	1	1	0	4.16	1	1.2	0.8;
	8	1	-0.003492	-0.001746	0	0	1	1	0	4.16	1	1.2	0.8;
	9	1	-0.006958	-0.003479	0	0	1	1	0	4.16	1	1.2	0.8;
	10	1	-0.003907	-0.0019535	0	0	1	1	0	4.16	1	1.2	0.8;
	11	1	-0.003033	-0.0015165	0	0	1	1	0	4.16	1	1.2	0.8;
	12	1	-0.003861	-0.0019305	0	0	1	1	0	4.16	1	1.2	0.8;
	13	1	-0.003216	-0.001608	0	0	1	1	0	4.16	1	1.2	0.8;
	14	1	1e-10	5e-11	0	0	1	1	0	4.16	1	1.2	0.8;
	15	1	-0.003381	-0.0016905	0	0	1	1	0	4.16	1	1.2	0.8;
	16	1	-0.003496	-0.001748	0	0	1	1	0	4.16	1	1.2	0.8;
	17	1	-0.004442	-0.002221	0	0	1	1	0	4.16	1	1.2	0.8;
	18	1	-0.003819	-0.0019095	0	0	1	1	0	4.16	1	1.2	0.8;
	19	1	-0.002363	-0.0011815	0	0	1	1	0	4.16	1	1.2	0.8;
	20	1	-0.002724	-0.001362	0	0	1	1	0	4.16	1	1.2	0.8;
	21	1	-0.003916	-0.001958	0	0	1	1	0	4.16	1	1.2	0.8;
	22	1	-0.002418	-0.001209	0	0	1	1	0	4.16	1	1.2	0.8;
	23	1	-0.003562	-0.001781	0	0	1	1	0	4.16	1	1.2	0.8;
	24	1	-0.002979	-0.0014895	0	0	1	1	0	4.16	1	1.2	0.8;
	25	1	-0.002555	-0.0012775	0	0	1	1	0	4.16	1	1.2	0.8;
	26	1	0.000268	0.000134	0	0	1	1	0	4.16	1	1.2	0.8;
	27	1	0.000544	0.000272	0	0	1	1	0	4.16	1	1.2	0.8;
	28	1	-0.001996	-0.000998	0	0	1	1	0	4.16	1	1.2	0.8;
	29	1	-0.002034	-0.001017	0	0	1	1	0	4.16	1	1.2	0.8;
	30	1	-0.003824	-0.001912	0	0	1	1	0	4.16	1	1.2	0.8;
	31	1	-0.00413	-0.002065	0	0	1	1	0	4.16	1	1.2	0.8;
	32	1	-0.003454	-0.001727	0	0	1	1	0	4.16	1	1.2	0.8;
	33	1	-0.002026	-0.001013	0	0	1	1	0	4.16	1	1.2	0.8;
	34	1	-0.004063	-0.0020315	0	0	1	1	0	4.16	1	1.2	0.8;
	35	1	-0.003006	-0.001503	0	0	1	1	0	4.16	1	1.2	0.8;
	36	1	-0.001431	-0.0007155	0	0	1	1	0	4.16	1	1.2	0.8;
	37	1	-0.003485	-0.0017425	0	0	1	1	0	4.16	1	1.2	0.8;
	38	1	-0.004115	-0.0020575	0	0	1	1	0	4.16	1	1.2	0.8;
	39	1	-0.002983	-0.0014915	0	0	1	1	0	4.16	1	1.2	0.8;
	40	1	-0.002594	-0.001297	0	0	1	1	0	4.16	1	1.2	0.8;
	41	1	-0.00635	-0.003175	0	0	1	1	0	4.16	1	1.2	0.8;
	42	1	-0.00284	-0.00142	0	0	1	1	0	4.16	1	1.2	0.8;
	43	1	-0.003946	-0.001973	0	0	1	1	0	4.16	1	1.2	0.8;
	44	1	-0.004022	-0.002011	0	0	1	1	0	4.16	1	1.2	0.8;
	45	1	1e-10	5e-11	0	0	1	1	0	4.16	1	1.2	0.8;
	46	1	-0.0006	-0.0003	0	0	1	1	0	4.16	1	1.2	0.8;
	47	1	1e-10	5e-11	0	0	1	1	0	4.16	1	1.2	0.8;
	48	1	1e-10	5e-11	0	0	1	1	0	4.16	1	1.2	0.8;
	49	1	0.000999	0.0004995	0	0	1	1	0	4.16	1	1.2	0.8;
	50	1	-0.004245	-0.0021225	0	0	1	1	0	4.16	1	1.2	0.8;
	51	1	1e-10	5e-11	0	0	1	1	0	4.16	1	1.2	0.8;
	52	1	1e-10	5e-11	0	0	1	1	0	4.16	1	1.2	0.8;
	53	1	-0.001258	-0.000629	0	0	1	1	0	4.16	1	1.2	0.8;
	54	1	1e-10	5e-11	0	0	1	1	0	4.16	1	1.2	0.8;
	55	1	1e-10	5e-11	0	0	1	1	0	4.16	1	1.2	0.8;
	56	1	-0.00344	-0.00172	0	0	1	1	0	4.16	1	1.2	0.8;
	57	1	1e-10	5e-11	0	0	1	1	0	4.16	1	1.2	0.8;
	58	1	1e-10	5e-11	0	0	1	1	0	4.16	1	1.2	0.8;
	59	1	0.000204	0.000102	0	0	1	1	0	4.16	1	1.2	0.8;
	60	1	-0.003688	-0.001844	0	0	1	1	0	4.16	1	1.2	0.8;
];

%% generator data
%	bus	Pg	Qg	Qmax	Qmin	Vg	mBase	status	Pmax	Pmin	Pc1	Pc2	Qc1min	Qc1max	Qc2min	Qc2max	ramp_agc	ramp_10	ramp_30	ramp_q	apf
mpc.gen = [
	1	-0.136605999	0	200	-200	1	1	1	200	-200	0	0	0	0	0	0	10	0	0	0	0;
];

%% branch data
%	fbus	tbus	r	x	b	rateA	rateB	rateC	ratio	angle	status	angmin	angmax
mpc.branch = [
	1	2	0.0013398623	0.0027450827	3.02770272e-08	100	100	100	0	0	1	-80	80;
	1	2	0.0013398623	0.0027450827	3.02770272e-08	100	100	100	0	0	1	-80	80;
	2	3	0.0013398623	0.0027450827	3.02770272e-08	100	100	100	0	0	1	-80	80;
	3	4	0.0013398623	0.0027450827	3.02770272e-08	100	100	100	0	0	1	-80	80;
	4	5	0.0013398623	0.0027450827	3.02770272e-08	100	100	100	0	0	1	-80	80;
	5	6	0.0013398623	0.0027450827	3.02770272e-08	100	100	100	0	0	1	-80	80;
	6	7	0.0013398623	0.0027450827	3.02770272e-08	100	100	100	0	0	1	-80	80;
	7	8	0.0013398623	0.0027450827	3.02770272e-08	100	100	100	0	0	1	-80	80;
	8	9	0.0013398623	0.0027450827	3.02770272e-08	100	100	100	0	0	1	-80	80;
	9	10	0.0013398623	0.0027450827	3.02770272e-08	100	100	100	0	0	1	-80	80;
	10	11	0.0013398623	0.0027450827	3.02770272e-08	100	100	100	0	0	1	-80	80;
	11	12	0.0013398623	0.0027450827	3.02770272e-08	100	100	100	0	0	1	-80	80;
	12	13	0.0013398623	0.0027450827	3.02770272e-08	100	100	100	0	0	1	-80	80;
	13	14	0.0013398623	0.0027450827	3.02770272e-08	100	100	100	0	0	1	-80	80;
	14	15	0.0013398623	0.0027450827	3.02770272e-08	100	100	100	0	0	1	-80	80;
	15	16	0.0013398623	0.0027450827	3.02770272e-08	100	100	100	0	0	1	-80	80;
	16	17	0.0013398623	0.0027450827	3.02770272e-08	100	100	100	0	0	1	-80	80;
	17	18	0.0013398623	0.0027450827	3.02770272e-08	100	100	100	0	0	1	-80	80;
	18	19	0.0013398623	0.0027450827	3.02770272e-08	100	100	100	0	0	1	-80	80;
	19	20	0.0013398623	0.0027450827	3.02770272e-08	100	100	100	0	0	1	-80	80;
	20	21	0.0013398623	0.0027450827	3.02770272e-08	100	100	100	0	0	1	-80	80;
	21	22	0.0013398623	0.0027450827	3.02770272e-08	100	100	100	0	0	1	-80	80;
	22	23	0.0013398623	0.0027450827	3.02770272e-08	100	100	100	0	0	1	-80	80;
	23	24	0.0013398623	0.0027450827	3.02770272e-08	100	100	100	0	0	1	-80	80;
	24	25	0.0013398623	0.0027450827	3.02770272e-08	100	100	100	0	0	1	-80	80;
	25	26	0.0013398623	0.0027450827	3.02770272e-08	100	100	100	0	0	1	-80	80;
	26	27	0.0013398623	0.0027450827	3.02770272e-08	100	100	100	0	0	1	-80	80;
	27	28	0.0013398623	0.0027450827	3.02770272e-08	100	100	100	0	0	1	-80	80;
	28	29	0.0013398623	0.0027450827	3.02770272e-08	100	100	100	0	0	1	-80	80;
	1	30	0.0013398623	0.0027450827	3.02770272e-08	100	100	100	0	0	1	-80	80;
	30	31	0.0013398623	0.0027450827	3.02770272e-08	100	100	100	0	0	1	-80	80;
	31	32	0.0013398623	0.0027450827	3.02770272e-08	100	100	100	0	0	1	-80	80;
	32	33	0.0013398623	0.0027450827	3.02770272e-08	100	100	100	0	0	1	-80	80;
	33	34	0.0013398623	0.0027450827	3.02770272e-08	100	100	100	0	0	1	-80	80;
	34	35	0.0013398623	0.0027450827	3.02770272e-08	100	100	100	0	0	1	-80	80;
	35	36	0.0013398623	0.0027450827	3.02770272e-08	100	100	100	0	0	1	-80	80;
	36	37	0.0013398623	0.0027450827	3.02770272e-08	100	100	100	0	0	1	-80	80;
	37	38	0.0013398623	0.0027450827	3.02770272e-08	100	100	100	0	0	1	-80	80;
	38	39	0.0013398623	0.0027450827	3.02770272e-08	100	100	100	0	0	1	-80	80;
	39	40	0.0013398623	0.0027450827	3.02770272e-08	100	100	100	0	0	1	-80	80;
	40	41	0.0013398623	0.0027450827	3.02770272e-08	100	100	100	0	0	1	-80	80;
	41	42	0.0013398623	0.0027450827	3.02770272e-08	100	100	100	0	0	1	-80	80;
	42	43	0.0013398623	0.0027450827	3.02770272e-08	100	100	100	0	0	1	-80	80;
	43	44	0.0013398623	0.0027450827	3.02770272e-08	100	100	100	0	0	1	-80	80;
	44	45	0.0013398623	0.0027450827	3.02770272e-08	100	100	100	0	0	1	-80	80;
	45	46	0.0013398623	0.0027450827	3.02770272e-08	100	100	100	0	0	1	-80	80;
	46	47	0.0013398623	0.0027450827	3.02770272e-08	100	100	100	0	0	1	-80	80;
	47	48	0.0013398623	0.0027450827	3.02770272e-08	100	100	100	0	0	1	-80	80;
	48	49	0.0013398623	0.0027450827	3.02770272e-08	100	100	100	0	0	1	-80	80;
	49	50	0.0013398623	0.0027450827	3.02770272e-08	100	100	100	0	0	1	-80	80;
	50	51	0.0013398623	0.0027450827	3.02770272e-08	100	100	100	0	0	1	-80	80;
	51	52	0.0013398623	0.0027450827	3.02770272e-08	100	100	100	0	0	1	-80	80;
	52	53	0.0013398623	0.0027450827	3.02770272e-08	100	100	100	0	0	1	-80	80;
	53	54	0.0013398623	0.0027450827	3.02770272e-08	100	100	100	0	0	1	-80	80;
	54	55	0.0013398623	0.0027450827	3.02770272e-08	100	100	100	0	0	1	-80	80;
	55	56	0.0013398623	0.0027450827	3.02770272e-08	100	100	100	0	0	1	-80	80;
	56	57	0.0013398623	0.0027450827	3.02770272e-08	100	100	100	0	0	1	-80	80;
	57	58	0.0013398623	0.0027450827	3.02770272e-08	100	100	100	0	0	1	-80	80;
	58	59	0.0013398623	0.0027450827	3.02770272e-08	100	100	100	0	0	1	-80	80;
