function mpc = case_ieee123_storage_642
%CASE_IEEE123_STORAGE_642

%% MATPOWER Case Format : Version 2
mpc.version = '2';

%%-----  Power Flow Data  -----%%
%% system MVA base
mpc.baseMVA = 1;

%% bus data
%	bus_i	type	Pd	Qd	Gs	Bs	area	Vm	Va	baseKV	zone	Vmax	Vmin
mpc.bus = [
	1	3	-0.000777	-0.0003885	0	0	1	1	0	4.16	1	1.2	0.8;
	2	1	0.000844	0.000422	0	0	1	1	0	4.16	1	1.2	0.8;
	3	1	0.001351	0.0006755	0	0	1	1	0	4.16	1	1.2	0.8;
	4	1	0.000349	0.0001745	0	0	1	1	0	4.16	1	1.2	0.8;
	5	1	-0.000405	-0.0002025	0	0	1	1	0	4.16	1	1.2	0.8;
	6	1	1e-10	5e-11	0	0	1	1	0	4.16	1	1.2	0.8;
	7	1	1e-10	5e-11	0	0	1	1	0	4.16	1	1.2	0.8;
	8	1	-0.00078	-0.00039	0	0	1	1	0	4.16	1	1.2	0.8;
	9	1	0.00055	0.000275	0	0	1	1	0	4.16	1	1.2	0.8;
	10	1	0.000254	0.000127	0	0	1	1	0	4.16	1	1.2	0.8;
	11	1	-0.00045	-0.000225	0	0	1	1	0	4.16	1	1.2	0.8;
	12	1	-0.000786	-0.000393	0	0	1	1	0	4.16	1	1.2	0.8;
	13	1	0.001121	0.0005605	0	0	1	1	0	4.16	1	1.2	0.8;
	14	1	1e-10	5e-11	0	0	1	1	0	4.16	1	1.2	0.8;
	15	1	-0.00097	-0.000485	0	0	1	1	0	4.16	1	1.2	0.8;
	16	1	-0.000687	-0.0003435	0	0	1	1	0	4.16	1	1.2	0.8;
	17	1	-0.000626	-0.000313	0	0	1	1	0	4.16	1	1.2	0.8;
	18	1	-0.000916	-0.000458	0	0	1	1	0	4.16	1	1.2	0.8;
	19	1	-0.000383	-0.0001915	0	0	1	1	0	4.16	1	1.2	0.8;
	20	1	-0.00042	-0.00021	0	0	1	1	0	4.16	1	1.2	0.8;
	21	1	-0.000651	-0.0003255	0	0	1	1	0	4.16	1	1.2	0.8;
	22	1	-0.000312	-0.000156	0	0	1	1	0	4.16	1	1.2	0.8;
	23	1	-0.000612	-0.000306	0	0	1	1	0	4.16	1	1.2	0.8;
	24	1	-8.1e-05	-4.05e-05	0	0	1	1	0	4.16	1	1.2	0.8;
	25	1	-0.000383	-0.0001915	0	0	1	1	0	4.16	1	1.2	0.8;
	26	1	0.00019	9.5e-05	0	0	1	1	0	4.16	1	1.2	0.8;
	27	1	0.000294	0.000147	0	0	1	1	0	4.16	1	1.2	0.8;
	28	1	0.000159	7.95e-05	0	0	1	1	0	4.16	1	1.2	0.8;
	29	1	-0.000223	-0.0001115	0	0	1	1	0	4.16	1	1.2	0.8;
	30	1	-0.000529	-0.0002645	0	0	1	1	0	4.16	1	1.2	0.8;
	31	1	-0.00074	-0.00037	0	0	1	1	0	4.16	1	1.2	0.8;
	32	1	0.000364	0.000182	0	0	1	1	0	4.16	1	1.2	0.8;
	33	1	-0.000145	-7.25e-05	0	0	1	1	0	4.16	1	1.2	0.8;
	34	1	-0.001093	-0.0005465	0	0	1	1	0	4.16	1	1.2	0.8;
	35	1	-0.00044	-0.00022	0	0	1	1	0	4.16	1	1.2	0.8;
	36	1	1e-10	5e-11	0	0	1	1	0	4.16	1	1.2	0.8;
	37	1	-0.000781	-0.0003905	0	0	1	1	0	4.16	1	1.2	0.8;
	38	1	-0.000988	-0.000494	0	0	1	1	0	4.16	1	1.2	0.8;
	39	1	-0.00066	-0.00033	0	0	1	1	0	4.16	1	1.2	0.8;
	40	1	-0.000318	-0.000159	0	0	1	1	0	4.16	1	1.2	0.8;
	41	1	-0.00079	-0.000395	0	0	1	1	0	4.16	1	1.2	0.8;
	42	1	-0.000837	-0.0004185	0	0	1	1	0	4.16	1	1.2	0.8;
	43	1	-0.000944	-0.000472	0	0	1	1	0	4.16	1	1.2	0.8;
	44	1	-0.000303	-0.0001515	0	0	1	1	0	4.16	1	1.2	0.8;
	45	1	1e-10	5e-11	0	0	1	1	0	4.16	1	1.2	0.8;
	46	1	4e-05	2e-05	0	0	1	1	0	4.16	1	1.2	0.8;
	47	1	1e-10	5e-11	0	0	1	1	0	4.16	1	1.2	0.8;
	48	1	1e-10	5e-11	0	0	1	1	0	4.16	1	1.2	0.8;
	49	1	0.000868	0.000434	0	0	1	1	0	4.16	1	1.2	0.8;
	50	1	-0.000761	-0.0003805	0	0	1	1	0	4.16	1	1.2	0.8;
	51	1	1e-10	5e-11	0	0	1	1	0	4.16	1	1.2	0.8;
	52	1	1e-10	5e-11	0	0	1	1	0	4.16	1	1.2	0.8;
	53	1	-0.000361	-0.0001805	0	0	1	1	0	4.16	1	1.2	0.8;
	54	1	1e-10	5e-11	0	0	1	1	0	4.16	1	1.2	0.8;
	55	1	1e-10	5e-11	0	0	1	1	0	4.16	1	1.2	0.8;
	56	1	-0.000732	-0.000366	0	0	1	1	0	4.16	1	1.2	0.8;
	57	1	1e-10	5e-11	0	0	1	1	0	4.16	1	1.2	0.8;
	58	1	1e-10	5e-11	0	0	1	1	0	4.16	1	1.2	0.8;
	59	1	7.4e-05	3.7e-05	0	0	1	1	0	4.16	1	1.2	0.8;
	60	1	-0.000801	-0.0004005	0	0	1	1	0	4.16	1	1.2	0.8;
];

%% generator data
%	bus	Pg	Qg	Qmax	Qmin	Vg	mBase	status	Pmax	Pmin	Pc1	Pc2	Qc1min	Qc1max	Qc2min	Qc2max	ramp_agc	ramp_10	ramp_30	ramp_q	apf
mpc.gen = [
	1	-0.0142269987	0	200	-200	1	1	1	200	-200	0	0	0	0	0	0	10	0	0	0	0;
];

%% branch data
%	fbus	tbus	r	x	b	rateA	rateB	rateC	ratio	angle	status	angmin	angmax
mpc.branch = [
	1	2	0.0013398623	0.0027450827	3.02770272e-08	100	100	100	0	0	1	-80	80;
	1	2	0.0013398623	0.0027450827	3.02770272e-08	100	100	100	0	0	1	-80	80;
	2	3	0.0013398623	0.0027450827	3.02770272e-08	100	100	100	0	0	1	-80	80;
	3	4	0.0013398623	0.0027450827	3.02770272e-08	100	100	100	0	0	1	-80	80;
	4	5	0.0013398623	0.0027450827	3.02770272e-08	100	100	100	0	0	1	-80	80;
	5	6	0.0013398623	0.0027450827	3.02770272e-08	100	100	100	0	0	1	-80	80;
	6	7	0.0013398623	0.0027450827	3.02770272e-08	100	100	100	0	0	1	-80	80;
	7	8	0.0013398623	0.0027450827	3.02770272e-08	100	100	100	0	0	1	-80	80;
	8	9	0.0013398623	0.0027450827	3.02770272e-08	100	100	100	0	0	1	-80	80;
	9	10	0.0013398623	0.0027450827	3.02770272e-08	100	100	100	0	0	1	-80	80;
	10	11	0.0013398623	0.0027450827	3.02770272e-08	100	100	100	0	0	1	-80	80;
	11	12	0.0013398623	0.0027450827	3.02770272e-08	100	100	100	0	0	1	-80	80;
	12	13	0.0013398623	0.0027450827	3.02770272e-08	100	100	100	0	0	1	-80	80;
	13	14	0.0013398623	0.0027450827	3.02770272e-08	100	100	100	0	0	1	-80	80;
	14	15	0.0013398623	0.0027450827	3.02770272e-08	100	100	100	0	0	1	-80	80;
	15	16	0.0013398623	0.0027450827	3.02770272e-08	100	100	100	0	0	1	-80	80;
	16	17	0.0013398623	0.0027450827	3.02770272e-08	100	100	100	0	0	1	-80	80;
	17	18	0.0013398623	0.0027450827	3.02770272e-08	100	100	100	0	0	1	-80	80;
	18	19	0.0013398623	0.0027450827	3.02770272e-08	100	100	100	0	0	1	-80	80;
	19	20	0.0013398623	0.0027450827	3.02770272e-08	100	100	100	0	0	1	-80	80;
	20	21	0.0013398623	0.0027450827	3.02770272e-08	100	100	100	0	0	1	-80	80;
	21	22	0.0013398623	0.0027450827	3.02770272e-08	100	100	100	0	0	1	-80	80;
	22	23	0.0013398623	0.0027450827	3.02770272e-08	100	100	100	0	0	1	-80	80;
	23	24	0.0013398623	0.0027450827	3.02770272e-08	100	100	100	0	0	1	-80	80;
	24	25	0.0013398623	0.0027450827	3.02770272e-08	100	100	100	0	0	1	-80	80;
	25	26	0.0013398623	0.0027450827	3.02770272e-08	100	100	100	0	0	1	-80	80;
	26	27	0.0013398623	0.0027450827	3.02770272e-08	100	100	100	0	0	1	-80	80;
	27	28	0.0013398623	0.0027450827	3.02770272e-08	100	100	100	0	0	1	-80	80;
	28	29	0.0013398623	0.0027450827	3.02770272e-08	100	100	100	0	0	1	-80	80;
	1	30	0.0013398623	0.0027450827	3.02770272e-08	100	100	100	0	0	1	-80	80;
	30	31	0.0013398623	0.0027450827	3.02770272e-08	100	100	100	0	0	1	-80	80;
	31	32	0.0013398623	0.0027450827	3.02770272e-08	100	100	100	0	0	1	-80	80;
	32	33	0.0013398623	0.0027450827	3.02770272e-08	100	100	100	0	0	1	-80	80;
	33	34	0.0013398623	0.0027450827	3.02770272e-08	100	100	100	0	0	1	-80	80;
	34	35	0.0013398623	0.0027450827	3.02770272e-08	100	100	100	0	0	1	-80	80;
	35	36	0.0013398623	0.0027450827	3.02770272e-08	100	100	100	0	0	1	-80	80;
	36	37	0.0013398623	0.0027450827	3.02770272e-08	100	100	100	0	0	1	-80	80;
	37	38	0.0013398623	0.0027450827	3.02770272e-08	100	100	100	0	0	1	-80	80;
	38	39	0.0013398623	0.0027450827	3.02770272e-08	100	100	100	0	0	1	-80	80;
	39	40	0.0013398623	0.0027450827	3.02770272e-08	100	100	100	0	0	1	-80	80;
	40	41	0.0013398623	0.0027450827	3.02770272e-08	100	100	100	0	0	1	-80	80;
	41	42	0.0013398623	0.0027450827	3.02770272e-08	100	100	100	0	0	1	-80	80;
	42	43	0.0013398623	0.0027450827	3.02770272e-08	100	100	100	0	0	1	-80	80;
	43	44	0.0013398623	0.0027450827	3.02770272e-08	100	100	100	0	0	1	-80	80;
	44	45	0.0013398623	0.0027450827	3.02770272e-08	100	100	100	0	0	1	-80	80;
	45	46	0.0013398623	0.0027450827	3.02770272e-08	100	100	100	0	0	1	-80	80;
	46	47	0.0013398623	0.0027450827	3.02770272e-08	100	100	100	0	0	1	-80	80;
	47	48	0.0013398623	0.0027450827	3.02770272e-08	100	100	100	0	0	1	-80	80;
	48	49	0.0013398623	0.0027450827	3.02770272e-08	100	100	100	0	0	1	-80	80;
	49	50	0.0013398623	0.0027450827	3.02770272e-08	100	100	100	0	0	1	-80	80;
	50	51	0.0013398623	0.0027450827	3.02770272e-08	100	100	100	0	0	1	-80	80;
	51	52	0.0013398623	0.0027450827	3.02770272e-08	100	100	100	0	0	1	-80	80;
	52	53	0.0013398623	0.0027450827	3.02770272e-08	100	100	100	0	0	1	-80	80;
	53	54	0.0013398623	0.0027450827	3.02770272e-08	100	100	100	0	0	1	-80	80;
	54	55	0.0013398623	0.0027450827	3.02770272e-08	100	100	100	0	0	1	-80	80;
	55	56	0.0013398623	0.0027450827	3.02770272e-08	100	100	100	0	0	1	-80	80;
	56	57	0.0013398623	0.0027450827	3.02770272e-08	100	100	100	0	0	1	-80	80;
	57	58	0.0013398623	0.0027450827	3.02770272e-08	100	100	100	0	0	1	-80	80;
	58	59	0.0013398623	0.0027450827	3.02770272e-08	100	100	100	0	0	1	-80	80;
	59	60	0.0013398623	0.0027450827	3.02770272e-08	100	100	100	0	0	1	-80	80;
];
