function mpc = case_ieee123_storage_1349
%CASE_IEEE123_STORAGE_1349

%% MATPOWER Case Format : Version 2
mpc.version = '2';

%%-----  Power Flow Data  -----%%
%% system MVA base
mpc.baseMVA = 1;

%% bus data
%	bus_i	type	Pd	Qd	Gs	Bs	area	Vm	Va	baseKV	zone	Vmax	Vmin
mpc.bus = [
	1	3	0.00056	0.00028	0	0	1	1	0	4.16	1	1.2	0.8;
	2	1	0.0018	0.0009	0	0	1	1	0	4.16	1	1.2	0.8;
	3	1	0.000367	0.0001835	0	0	1	1	0	4.16	1	1.2	0.8;
	4	1	0.000251	0.0001255	0	0	1	1	0	4.16	1	1.2	0.8;
	5	1	0.000589	0.0002945	0	0	1	1	0	4.16	1	1.2	0.8;
	6	1	1e-10	5e-11	0	0	1	1	0	4.16	1	1.2	0.8;
	7	1	1e-10	5e-11	0	0	1	1	0	4.16	1	1.2	0.8;
	8	1	0.003483	0.0017415	0	0	1	1	0	4.16	1	1.2	0.8;
	9	1	0.002873	0.0014365	0	0	1	1	0	4.16	1	1.2	0.8;
	10	1	0.00038	0.00019	0	0	1	1	0	4.16	1	1.2	0.8;
	11	1	0.000518	0.000259	0	0	1	1	0	4.16	1	1.2	0.8;
	12	1	0.001042	0.000521	0	0	1	1	0	4.16	1	1.2	0.8;
	13	1	0.000569	0.0002845	0	0	1	1	0	4.16	1	1.2	0.8;
	14	1	1e-10	5e-11	0	0	1	1	0	4.16	1	1.2	0.8;
	15	1	0.001766	0.000883	0	0	1	1	0	4.16	1	1.2	0.8;
	16	1	0.000341	0.0001705	0	0	1	1	0	4.16	1	1.2	0.8;
	17	1	0.0006	0.0003	0	0	1	1	0	4.16	1	1.2	0.8;
	18	1	0.000216	0.000108	0	0	1	1	0	4.16	1	1.2	0.8;
	19	1	0.000252	0.000126	0	0	1	1	0	4.16	1	1.2	0.8;
	20	1	0.000657	0.0003285	0	0	1	1	0	4.16	1	1.2	0.8;
	21	1	0.000528	0.000264	0	0	1	1	0	4.16	1	1.2	0.8;
	22	1	0.000365	0.0001825	0	0	1	1	0	4.16	1	1.2	0.8;
	23	1	0.000561	0.0002805	0	0	1	1	0	4.16	1	1.2	0.8;
	24	1	0.000822	0.000411	0	0	1	1	0	4.16	1	1.2	0.8;
	25	1	0.000396	0.000198	0	0	1	1	0	4.16	1	1.2	0.8;
	26	1	0.000271	0.0001355	0	0	1	1	0	4.16	1	1.2	0.8;
	27	1	0.001106	0.000553	0	0	1	1	0	4.16	1	1.2	0.8;
	28	1	0.000686	0.000343	0	0	1	1	0	4.16	1	1.2	0.8;
	29	1	0.001591	0.0007955	0	0	1	1	0	4.16	1	1.2	0.8;
	30	1	0.002639	0.0013195	0	0	1	1	0	4.16	1	1.2	0.8;
	31	1	0.000434	0.000217	0	0	1	1	0	4.16	1	1.2	0.8;
	32	1	0.00139	0.000695	0	0	1	1	0	4.16	1	1.2	0.8;
	33	1	0.000736	0.000368	0	0	1	1	0	4.16	1	1.2	0.8;
	34	1	0.000351	0.0001755	0	0	1	1	0	4.16	1	1.2	0.8;
	35	1	0.003523	0.0017615	0	0	1	1	0	4.16	1	1.2	0.8;
	36	1	0.000178	8.9e-05	0	0	1	1	0	4.16	1	1.2	0.8;
	37	1	0.00162	0.00081	0	0	1	1	0	4.16	1	1.2	0.8;
	38	1	0.000123	6.15e-05	0	0	1	1	0	4.16	1	1.2	0.8;
	39	1	0.000975	0.0004875	0	0	1	1	0	4.16	1	1.2	0.8;
	40	1	0.001003	0.0005015	0	0	1	1	0	4.16	1	1.2	0.8;
	41	1	0.000779	0.0003895	0	0	1	1	0	4.16	1	1.2	0.8;
	42	1	0.003723	0.0018615	0	0	1	1	0	4.16	1	1.2	0.8;
	43	1	0.000321	0.0001605	0	0	1	1	0	4.16	1	1.2	0.8;
	44	1	0.000407	0.0002035	0	0	1	1	0	4.16	1	1.2	0.8;
	45	1	1e-10	5e-11	0	0	1	1	0	4.16	1	1.2	0.8;
	46	1	0.000513	0.0002565	0	0	1	1	0	4.16	1	1.2	0.8;
	47	1	1e-10	5e-11	0	0	1	1	0	4.16	1	1.2	0.8;
	48	1	1e-10	5e-11	0	0	1	1	0	4.16	1	1.2	0.8;
	49	1	0.000711	0.0003555	0	0	1	1	0	4.16	1	1.2	0.8;
	50	1	0.000531	0.0002655	0	0	1	1	0	4.16	1	1.2	0.8;
	51	1	1e-10	5e-11	0	0	1	1	0	4.16	1	1.2	0.8;
	52	1	1e-10	5e-11	0	0	1	1	0	4.16	1	1.2	0.8;
	53	1	0.000317	0.0001585	0	0	1	1	0	4.16	1	1.2	0.8;
	54	1	1e-10	5e-11	0	0	1	1	0	4.16	1	1.2	0.8;
	55	1	1e-10	5e-11	0	0	1	1	0	4.16	1	1.2	0.8;
	56	1	0.003454	0.001727	0	0	1	1	0	4.16	1	1.2	0.8;
	57	1	1e-10	5e-11	0	0	1	1	0	4.16	1	1.2	0.8;
	58	1	1e-10	5e-11	0	0	1	1	0	4.16	1	1.2	0.8;
	59	1	0.000211	0.0001055	0	0	1	1	0	4.16	1	1.2	0.8;
	60	1	0.000381	0.0001905	0	0	1	1	0	4.16	1	1.2	0.8;
];

%% generator data
%	bus	Pg	Qg	Qmax	Qmin	Vg	mBase	status	Pmax	Pmin	Pc1	Pc2	Qc1min	Qc1max	Qc2min	Qc2max	ramp_agc	ramp_10	ramp_30	ramp_q	apf
mpc.gen = [
	1	0.0469100012	0	200	-200	1	1	1	200	-200	0	0	0	0	0	0	10	0	0	0	0;
];

%% branch data
%	fbus	tbus	r	x	b	rateA	rateB	rateC	ratio	angle	status	angmin	angmax
mpc.branch = [
	1	2	0.0013398623	0.0027450827	3.02770272e-08	100	100	100	0	0	1	-80	80;
	1	2	0.0013398623	0.0027450827	3.02770272e-08	100	100	100	0	0	1	-80	80;
	2	3	0.0013398623	0.0027450827	3.02770272e-08	100	100	100	0	0	1	-80	80;
	3	4	0.0013398623	0.0027450827	3.02770272e-08	100	100	100	0	0	1	-80	80;
	4	5	0.0013398623	0.0027450827	3.02770272e-08	100	100	100	0	0	1	-80	80;
	5	6	0.0013398623	0.0027450827	3.02770272e-08	100	100	100	0	0	1	-80	80;
	6	7	0.0013398623	0.0027450827	3.02770272e-08	100	100	100	0	0	1	-80	80;
	7	8	0.0013398623	0.0027450827	3.02770272e-08	100	100	100	0	0	1	-80	80;
	8	9	0.0013398623	0.0027450827	3.02770272e-08	100	100	100	0	0	1	-80	80;
	9	10	0.0013398623	0.0027450827	3.02770272e-08	100	100	100	0	0	1	-80	80;
	10	11	0.0013398623	0.0027450827	3.02770272e-08	100	100	100	0	0	1	-80	80;
	11	12	0.0013398623	0.0027450827	3.02770272e-08	100	100	100	0	0	1	-80	80;
	12	13	0.0013398623	0.0027450827	3.02770272e-08	100	100	100	0	0	1	-80	80;
	13	14	0.0013398623	0.0027450827	3.02770272e-08	100	100	100	0	0	1	-80	80;
	14	15	0.0013398623	0.0027450827	3.02770272e-08	100	100	100	0	0	1	-80	80;
	15	16	0.0013398623	0.0027450827	3.02770272e-08	100	100	100	0	0	1	-80	80;
	16	17	0.0013398623	0.0027450827	3.02770272e-08	100	100	100	0	0	1	-80	80;
	17	18	0.0013398623	0.0027450827	3.02770272e-08	100	100	100	0	0	1	-80	80;
	18	19	0.0013398623	0.0027450827	3.02770272e-08	100	100	100	0	0	1	-80	80;
	19	20	0.0013398623	0.0027450827	3.02770272e-08	100	100	100	0	0	1	-80	80;
	20	21	0.0013398623	0.0027450827	3.02770272e-08	100	100	100	0	0	1	-80	80;
	21	22	0.0013398623	0.0027450827	3.02770272e-08	100	100	100	0	0	1	-80	80;
	22	23	0.0013398623	0.0027450827	3.02770272e-08	100	100	100	0	0	1	-80	80;
	23	24	0.0013398623	0.0027450827	3.02770272e-08	100	100	100	0	0	1	-80	80;
	24	25	0.0013398623	0.0027450827	3.02770272e-08	100	100	100	0	0	1	-80	80;
	25	26	0.0013398623	0.0027450827	3.02770272e-08	100	100	100	0	0	1	-80	80;
	26	27	0.0013398623	0.0027450827	3.02770272e-08	100	100	100	0	0	1	-80	80;
	27	28	0.0013398623	0.0027450827	3.02770272e-08	100	100	100	0	0	1	-80	80;
	28	29	0.0013398623	0.0027450827	3.02770272e-08	100	100	100	0	0	1	-80	80;
	1	30	0.0013398623	0.0027450827	3.02770272e-08	100	100	100	0	0	1	-80	80;
	30	31	0.0013398623	0.0027450827	3.02770272e-08	100	100	100	0	0	1	-80	80;
	31	32	0.0013398623	0.0027450827	3.02770272e-08	100	100	100	0	0	1	-80	80;
	32	33	0.0013398623	0.0027450827	3.02770272e-08	100	100	100	0	0	1	-80	80;
	33	34	0.0013398623	0.0027450827	3.02770272e-08	100	100	100	0	0	1	-80	80;
	34	35	0.0013398623	0.0027450827	3.02770272e-08	100	100	100	0	0	1	-80	80;
	35	36	0.0013398623	0.0027450827	3.02770272e-08	100	100	100	0	0	1	-80	80;
	36	37	0.0013398623	0.0027450827	3.02770272e-08	100	100	100	0	0	1	-80	80;
	37	38	0.0013398623	0.0027450827	3.02770272e-08	100	100	100	0	0	1	-80	80;
	38	39	0.0013398623	0.0027450827	3.02770272e-08	100	100	100	0	0	1	-80	80;
	39	40	0.0013398623	0.0027450827	3.02770272e-08	100	100	100	0	0	1	-80	80;
	40	41	0.0013398623	0.0027450827	3.02770272e-08	100	100	100	0	0	1	-80	80;
	41	42	0.0013398623	0.0027450827	3.02770272e-08	100	100	100	0	0	1	-80	80;
	42	43	0.0013398623	0.0027450827	3.02770272e-08	100	100	100	0	0	1	-80	80;
	43	44	0.0013398623	0.0027450827	3.02770272e-08	100	100	100	0	0	1	-80	80;
	44	45	0.0013398623	0.0027450827	3.02770272e-08	100	100	100	0	0	1	-80	80;
	45	46	0.0013398623	0.0027450827	3.02770272e-08	100	100	100	0	0	1	-80	80;
	46	47	0.0013398623	0.0027450827	3.02770272e-08	100	100	100	0	0	1	-80	80;
	47	48	0.0013398623	0.0027450827	3.02770272e-08	100	100	100	0	0	1	-80	80;
	48	49	0.0013398623	0.0027450827	3.02770272e-08	100	100	100	0	0	1	-80	80;
	49	50	0.0013398623	0.0027450827	3.02770272e-08	100	100	100	0	0	1	-80	80;
	50	51	0.0013398623	0.0027450827	3.02770272e-08	100	100	100	0	0	1	-80	80;
	51	52	0.0013398623	0.0027450827	3.02770272e-08	100	100	100	0	0	1	-80	80;
	52	53	0.0013398623	0.0027450827	3.02770272e-08	100	100	100	0	0	1	-80	80;
	53	54	0.0013398623	0.0027450827	3.02770272e-08	100	100	100	0	0	1	-80	80;
	54	55	0.0013398623	0.0027450827	3.02770272e-08	100	100	100	0	0	1	-80	80;
	55	56	0.0013398623	0.0027450827	3.02770272e-08	100	100	100	0	0	1	-80	80;
	56	57	0.0013398623	0.0027450827	3.02770272e-08	100	100	100	0	0	1	-80	80;
	57	58	0.0013398623	0.0027450827	3.02770272e-08	100	100	100	0	0	1	-80	80;
	58	59	0.0013398623	0.0027450827	3.02770272e-08	100	100	100	0	0	1	-80	80;
	59	60	0.0013398623	0.0027450827	3.02770272e-08	100	100	100	0	0	1	-80	80;
];
