function mpc = case_ieee123_storage_816
%CASE_IEEE123_STORAGE_816

%% MATPOWER Case Format : Version 2
mpc.version = '2';

%%-----  Power Flow Data  -----%%
%% system MVA base
mpc.baseMVA = 1;

%% bus data
%	bus_i	type	Pd	Qd	Gs	Bs	area	Vm	Va	baseKV	zone	Vmax	Vmin
mpc.bus = [
	1	3	-0.003224	-0.001612	0	0	1	1	0	4.16	1	1.2	0.8;
	2	1	-0.002091	-0.0010455	0	0	1	1	0	4.16	1	1.2	0.8;
	3	1	0.000744	0.000372	0	0	1	1	0	4.16	1	1.2	0.8;
	4	1	-0.002213	-0.0011065	0	0	1	1	0	4.16	1	1.2	0.8;
	5	1	-0.00241	-0.001205	0	0	1	1	0	4.16	1	1.2	0.8;
	6	1	1e-10	5e-11	0	0	1	1	0	4.16	1	1.2	0.8;
	7	1	1e-10	5e-11	0	0	1	1	0	4.16	1	1.2	0.8;
	8	1	-0.003615	-0.0018075	0	0	1	1	0	4.16	1	1.2	0.8;
	9	1	-0.007263	-0.0036315	0	0	1	1	0	4.16	1	1.2	0.8;
	10	1	-0.003467	-0.0017335	0	0	1	1	0	4.16	1	1.2	0.8;
	11	1	-0.003358	-0.001679	0	0	1	1	0	4.16	1	1.2	0.8;
	12	1	-0.004044	-0.002022	0	0	1	1	0	4.16	1	1.2	0.8;
	13	1	-0.003177	-0.0015885	0	0	1	1	0	4.16	1	1.2	0.8;
	14	1	1e-10	5e-11	0	0	1	1	0	4.16	1	1.2	0.8;
	15	1	-0.003576	-0.001788	0	0	1	1	0	4.16	1	1.2	0.8;
	16	1	-0.003666	-0.001833	0	0	1	1	0	4.16	1	1.2	0.8;
	17	1	-0.004418	-0.002209	0	0	1	1	0	4.16	1	1.2	0.8;
	18	1	-0.003944	-0.001972	0	0	1	1	0	4.16	1	1.2	0.8;
	19	1	-0.002527	-0.0012635	0	0	1	1	0	4.16	1	1.2	0.8;
	20	1	-0.002876	-0.001438	0	0	1	1	0	4.16	1	1.2	0.8;
	21	1	-0.004027	-0.0020135	0	0	1	1	0	4.16	1	1.2	0.8;
	22	1	-0.002503	-0.0012515	0	0	1	1	0	4.16	1	1.2	0.8;
	23	1	-0.003609	-0.0018045	0	0	1	1	0	4.16	1	1.2	0.8;
	24	1	-0.000799	-0.0003995	0	0	1	1	0	4.16	1	1.2	0.8;
	25	1	-0.002639	-0.0013195	0	0	1	1	0	4.16	1	1.2	0.8;
	26	1	0.000126	6.3e-05	0	0	1	1	0	4.16	1	1.2	0.8;
	27	1	0.000417	0.0002085	0	0	1	1	0	4.16	1	1.2	0.8;
	28	1	-0.001953	-0.0009765	0	0	1	1	0	4.16	1	1.2	0.8;
	29	1	-0.002129	-0.0010645	0	0	1	1	0	4.16	1	1.2	0.8;
	30	1	-0.003924	-0.001962	0	0	1	1	0	4.16	1	1.2	0.8;
	31	1	-0.004042	-0.002021	0	0	1	1	0	4.16	1	1.2	0.8;
	32	1	-0.003605	-0.0018025	0	0	1	1	0	4.16	1	1.2	0.8;
	33	1	-0.002032	-0.001016	0	0	1	1	0	4.16	1	1.2	0.8;
	34	1	-0.004039	-0.0020195	0	0	1	1	0	4.16	1	1.2	0.8;
	35	1	-0.003235	-0.0016175	0	0	1	1	0	4.16	1	1.2	0.8;
	36	1	-0.001734	-0.000867	0	0	1	1	0	4.16	1	1.2	0.8;
	37	1	-0.003639	-0.0018195	0	0	1	1	0	4.16	1	1.2	0.8;
	38	1	-0.00435	-0.002175	0	0	1	1	0	4.16	1	1.2	0.8;
	39	1	-0.003193	-0.0015965	0	0	1	1	0	4.16	1	1.2	0.8;
	40	1	-0.002763	-0.0013815	0	0	1	1	0	4.16	1	1.2	0.8;
	41	1	-0.006227	-0.0031135	0	0	1	1	0	4.16	1	1.2	0.8;
	42	1	-0.003081	-0.0015405	0	0	1	1	0	4.16	1	1.2	0.8;
	43	1	-0.004067	-0.0020335	0	0	1	1	0	4.16	1	1.2	0.8;
	44	1	-0.003984	-0.001992	0	0	1	1	0	4.16	1	1.2	0.8;
	45	1	1e-10	5e-11	0	0	1	1	0	4.16	1	1.2	0.8;
	46	1	-0.00012	-6e-05	0	0	1	1	0	4.16	1	1.2	0.8;
	47	1	1e-10	5e-11	0	0	1	1	0	4.16	1	1.2	0.8;
	48	1	1e-10	5e-11	0	0	1	1	0	4.16	1	1.2	0.8;
	49	1	0.00084	0.00042	0	0	1	1	0	4.16	1	1.2	0.8;
	50	1	-0.004199	-0.0020995	0	0	1	1	0	4.16	1	1.2	0.8;
	51	1	1e-10	5e-11	0	0	1	1	0	4.16	1	1.2	0.8;
	52	1	1e-10	5e-11	0	0	1	1	0	4.16	1	1.2	0.8;
	53	1	-0.002131	-0.0010655	0	0	1	1	0	4.16	1	1.2	0.8;
	54	1	1e-10	5e-11	0	0	1	1	0	4.16	1	1.2	0.8;
	55	1	1e-10	5e-11	0	0	1	1	0	4.16	1	1.2	0.8;
	56	1	-0.00309	-0.001545	0	0	1	1	0	4.16	1	1.2	0.8;
	57	1	1e-10	5e-11	0	0	1	1	0	4.16	1	1.2	0.8;
	58	1	1e-10	5e-11	0	0	1	1	0	4.16	1	1.2	0.8;
	59	1	0.000192	9.6e-05	0	0	1	1	0	4.16	1	1.2	0.8;
	60	1	-0.003715	-0.0018575	0	0	1	1	0	4.16	1	1.2	0.8;
];

%% generator data
%	bus	Pg	Qg	Qmax	Qmin	Vg	mBase	status	Pmax	Pmin	Pc1	Pc2	Qc1min	Qc1max	Qc2min	Qc2max	ramp_agc	ramp_10	ramp_30	ramp_q	apf
mpc.gen = [
	1	-0.138378999	0	200	-200	1	1	1	200	-200	0	0	0	0	0	0	10	0	0	0	0;
];

%% branch data
%	fbus	tbus	r	x	b	rateA	rateB	rateC	ratio	angle	status	angmin	angmax
mpc.branch = [
	1	2	0.0013398623	0.0027450827	3.02770272e-08	100	100	100	0	0	1	-80	80;
	1	2	0.0013398623	0.0027450827	3.02770272e-08	100	100	100	0	0	1	-80	80;
	2	3	0.0013398623	0.0027450827	3.02770272e-08	100	100	100	0	0	1	-80	80;
	3	4	0.0013398623	0.0027450827	3.02770272e-08	100	100	100	0	0	1	-80	80;
	4	5	0.0013398623	0.0027450827	3.02770272e-08	100	100	100	0	0	1	-80	80;
	5	6	0.0013398623	0.0027450827	3.02770272e-08	100	100	100	0	0	1	-80	80;
	6	7	0.0013398623	0.0027450827	3.02770272e-08	100	100	100	0	0	1	-80	80;
	7	8	0.0013398623	0.0027450827	3.02770272e-08	100	100	100	0	0	1	-80	80;
	8	9	0.0013398623	0.0027450827	3.02770272e-08	100	100	100	0	0	1	-80	80;
	9	10	0.0013398623	0.0027450827	3.02770272e-08	100	100	100	0	0	1	-80	80;
	10	11	0.0013398623	0.0027450827	3.02770272e-08	100	100	100	0	0	1	-80	80;
	11	12	0.0013398623	0.0027450827	3.02770272e-08	100	100	100	0	0	1	-80	80;
	12	13	0.0013398623	0.0027450827	3.02770272e-08	100	100	100	0	0	1	-80	80;
	13	14	0.0013398623	0.0027450827	3.02770272e-08	100	100	100	0	0	1	-80	80;
	14	15	0.0013398623	0.0027450827	3.02770272e-08	100	100	100	0	0	1	-80	80;
	15	16	0.0013398623	0.0027450827	3.02770272e-08	100	100	100	0	0	1	-80	80;
	16	17	0.0013398623	0.0027450827	3.02770272e-08	100	100	100	0	0	1	-80	80;
	17	18	0.0013398623	0.0027450827	3.02770272e-08	100	100	100	0	0	1	-80	80;
	18	19	0.0013398623	0.0027450827	3.02770272e-08	100	100	100	0	0	1	-80	80;
	19	20	0.0013398623	0.0027450827	3.02770272e-08	100	100	100	0	0	1	-80	80;
	20	21	0.0013398623	0.0027450827	3.02770272e-08	100	100	100	0	0	1	-80	80;
	21	22	0.0013398623	0.0027450827	3.02770272e-08	100	100	100	0	0	1	-80	80;
	22	23	0.0013398623	0.0027450827	3.02770272e-08	100	100	100	0	0	1	-80	80;
	23	24	0.0013398623	0.0027450827	3.02770272e-08	100	100	100	0	0	1	-80	80;
	24	25	0.0013398623	0.0027450827	3.02770272e-08	100	100	100	0	0	1	-80	80;
	25	26	0.0013398623	0.0027450827	3.02770272e-08	100	100	100	0	0	1	-80	80;
	26	27	0.0013398623	0.0027450827	3.02770272e-08	100	100	100	0	0	1	-80	80;
	27	28	0.0013398623	0.0027450827	3.02770272e-08	100	100	100	0	0	1	-80	80;
	28	29	0.0013398623	0.0027450827	3.02770272e-08	100	100	100	0	0	1	-80	80;
	1	30	0.0013398623	0.0027450827	3.02770272e-08	100	100	100	0	0	1	-80	80;
	30	31	0.0013398623	0.0027450827	3.02770272e-08	100	100	100	0	0	1	-80	80;
	31	32	0.0013398623	0.0027450827	3.02770272e-08	100	100	100	0	0	1	-80	80;
	32	33	0.0013398623	0.0027450827	3.02770272e-08	100	100	100	0	0	1	-80	80;
	33	34	0.0013398623	0.0027450827	3.02770272e-08	100	100	100	0	0	1	-80	80;
	34	35	0.0013398623	0.0027450827	3.02770272e-08	100	100	100	0	0	1	-80	80;
	35	36	0.0013398623	0.0027450827	3.02770272e-08	100	100	100	0	0	1	-80	80;
	36	37	0.0013398623	0.0027450827	3.02770272e-08	100	100	100	0	0	1	-80	80;
	37	38	0.0013398623	0.0027450827	3.02770272e-08	100	100	100	0	0	1	-80	80;
	38	39	0.0013398623	0.0027450827	3.02770272e-08	100	100	100	0	0	1	-80	80;
	39	40	0.0013398623	0.0027450827	3.02770272e-08	100	100	100	0	0	1	-80	80;
	40	41	0.0013398623	0.0027450827	3.02770272e-08	100	100	100	0	0	1	-80	80;
	41	42	0.0013398623	0.0027450827	3.02770272e-08	100	100	100	0	0	1	-80	80;
	42	43	0.0013398623	0.0027450827	3.02770272e-08	100	100	100	0	0	1	-80	80;
	43	44	0.0013398623	0.0027450827	3.02770272e-08	100	100	100	0	0	1	-80	80;
	44	45	0.0013398623	0.0027450827	3.02770272e-08	100	100	100	0	0	1	-80	80;
	45	46	0.0013398623	0.0027450827	3.02770272e-08	100	100	100	0	0	1	-80	80;
	46	47	0.0013398623	0.0027450827	3.02770272e-08	100	100	100	0	0	1	-80	80;
	47	48	0.0013398623	0.0027450827	3.02770272e-08	100	100	100	0	0	1	-80	80;
	48	49	0.0013398623	0.0027450827	3.02770272e-08	100	100	100	0	0	1	-80	80;
	49	50	0.0013398623	0.0027450827	3.02770272e-08	100	100	100	0	0	1	-80	80;
	50	51	0.0013398623	0.0027450827	3.02770272e-08	100	100	100	0	0	1	-80	80;
	51	52	0.0013398623	0.0027450827	3.02770272e-08	100	100	100	0	0	1	-80	80;
	52	53	0.0013398623	0.0027450827	3.02770272e-08	100	100	100	0	0	1	-80	80;
	53	54	0.0013398623	0.0027450827	3.02770272e-08	100	100	100	0	0	1	-80	80;
	54	55	0.0013398623	0.0027450827	3.02770272e-08	100	100	100	0	0	1	-80	80;
	55	56	0.0013398623	0.0027450827	3.02770272e-08	100	100	100	0	0	1	-80	80;
	56	57	0.0013398623	0.0027450827	3.02770272e-08	100	100	100	0	0	1	-80	80;
	57	58	0.0013398623	0.0027450827	3.02770272e-08	100	100	100	0	0	1	-80	80;
	58	59	0.0013398623	0.0027450827	3.02770272e-08	100	100	100	0	0	1	-80	80;
