function mpc = case_ieee123_storage_843
%CASE_IEEE123_STORAGE_843

%% MATPOWER Case Format : Version 2
mpc.version = '2';

%%-----  Power Flow Data  -----%%
%% system MVA base
mpc.baseMVA = 1;

%% bus data
%	bus_i	type	Pd	Qd	Gs	Bs	area	Vm	Va	baseKV	zone	Vmax	Vmin
mpc.bus = [
	1	3	-0.003559	-0.0017795	0	0	1	1	0	4.16	1	1.2	0.8;
	2	1	-0.002267	-0.0011335	0	0	1	1	0	4.16	1	1.2	0.8;
	3	1	0.000397	0.0001985	0	0	1	1	0	4.16	1	1.2	0.8;
	4	1	-0.002695	-0.0013475	0	0	1	1	0	4.16	1	1.2	0.8;
	5	1	-0.002325	-0.0011625	0	0	1	1	0	4.16	1	1.2	0.8;
	6	1	1e-10	5e-11	0	0	1	1	0	4.16	1	1.2	0.8;
	7	1	1e-10	5e-11	0	0	1	1	0	4.16	1	1.2	0.8;
	8	1	-0.003621	-0.0018105	0	0	1	1	0	4.16	1	1.2	0.8;
	9	1	-0.005471	-0.0027355	0	0	1	1	0	4.16	1	1.2	0.8;
	10	1	-0.003702	-0.001851	0	0	1	1	0	4.16	1	1.2	0.8;
	11	1	-0.003308	-0.001654	0	0	1	1	0	4.16	1	1.2	0.8;
	12	1	-0.004056	-0.002028	0	0	1	1	0	4.16	1	1.2	0.8;
	13	1	-0.003384	-0.001692	0	0	1	1	0	4.16	1	1.2	0.8;
	14	1	1e-10	5e-11	0	0	1	1	0	4.16	1	1.2	0.8;
	15	1	-0.003249	-0.0016245	0	0	1	1	0	4.16	1	1.2	0.8;
	16	1	-0.003787	-0.0018935	0	0	1	1	0	4.16	1	1.2	0.8;
	17	1	-0.004462	-0.002231	0	0	1	1	0	4.16	1	1.2	0.8;
	18	1	-0.004088	-0.002044	0	0	1	1	0	4.16	1	1.2	0.8;
	19	1	-0.002619	-0.0013095	0	0	1	1	0	4.16	1	1.2	0.8;
	20	1	-0.00261	-0.001305	0	0	1	1	0	4.16	1	1.2	0.8;
	21	1	-0.003941	-0.0019705	0	0	1	1	0	4.16	1	1.2	0.8;
	22	1	-0.002452	-0.001226	0	0	1	1	0	4.16	1	1.2	0.8;
	23	1	-0.003486	-0.001743	0	0	1	1	0	4.16	1	1.2	0.8;
	24	1	-0.00333	-0.001665	0	0	1	1	0	4.16	1	1.2	0.8;
	25	1	-0.002635	-0.0013175	0	0	1	1	0	4.16	1	1.2	0.8;
	26	1	0.000264	0.000132	0	0	1	1	0	4.16	1	1.2	0.8;
	27	1	0.000413	0.0002065	0	0	1	1	0	4.16	1	1.2	0.8;
	28	1	-0.001898	-0.000949	0	0	1	1	0	4.16	1	1.2	0.8;
	29	1	-0.002286	-0.001143	0	0	1	1	0	4.16	1	1.2	0.8;
	30	1	-0.00391	-0.001955	0	0	1	1	0	4.16	1	1.2	0.8;
	31	1	-0.004099	-0.0020495	0	0	1	1	0	4.16	1	1.2	0.8;
	32	1	-0.003704	-0.001852	0	0	1	1	0	4.16	1	1.2	0.8;
	33	1	-0.00224	-0.00112	0	0	1	1	0	4.16	1	1.2	0.8;
	34	1	-0.004209	-0.0021045	0	0	1	1	0	4.16	1	1.2	0.8;
	35	1	-0.003239	-0.0016195	0	0	1	1	0	4.16	1	1.2	0.8;
	36	1	1e-10	5e-11	0	0	1	1	0	4.16	1	1.2	0.8;
	37	1	-0.003621	-0.0018105	0	0	1	1	0	4.16	1	1.2	0.8;
	38	1	-0.004314	-0.002157	0	0	1	1	0	4.16	1	1.2	0.8;
	39	1	-0.003155	-0.0015775	0	0	1	1	0	4.16	1	1.2	0.8;
	40	1	-0.00269	-0.001345	0	0	1	1	0	4.16	1	1.2	0.8;
	41	1	-0.006231	-0.0031155	0	0	1	1	0	4.16	1	1.2	0.8;
	42	1	-0.003108	-0.001554	0	0	1	1	0	4.16	1	1.2	0.8;
	43	1	-0.003991	-0.0019955	0	0	1	1	0	4.16	1	1.2	0.8;
	44	1	-0.004044	-0.002022	0	0	1	1	0	4.16	1	1.2	0.8;
	45	1	1e-10	5e-11	0	0	1	1	0	4.16	1	1.2	0.8;
	46	1	-0.001696	-0.000848	0	0	1	1	0	4.16	1	1.2	0.8;
	47	1	1e-10	5e-11	0	0	1	1	0	4.16	1	1.2	0.8;
	48	1	1e-10	5e-11	0	0	1	1	0	4.16	1	1.2	0.8;
	49	1	0.000401	0.0002005	0	0	1	1	0	4.16	1	1.2	0.8;
	50	1	-0.004288	-0.002144	0	0	1	1	0	4.16	1	1.2	0.8;
	51	1	1e-10	5e-11	0	0	1	1	0	4.16	1	1.2	0.8;
	52	1	1e-10	5e-11	0	0	1	1	0	4.16	1	1.2	0.8;
	53	1	-0.002256	-0.001128	0	0	1	1	0	4.16	1	1.2	0.8;
	54	1	1e-10	5e-11	0	0	1	1	0	4.16	1	1.2	0.8;
	55	1	1e-10	5e-11	0	0	1	1	0	4.16	1	1.2	0.8;
	56	1	-0.003306	-0.001653	0	0	1	1	0	4.16	1	1.2	0.8;
	57	1	1e-10	5e-11	0	0	1	1	0	4.16	1	1.2	0.8;
	58	1	1e-10	5e-11	0	0	1	1	0	4.16	1	1.2	0.8;
	59	1	6.5e-05	3.25e-05	0	0	1	1	0	4.16	1	1.2	0.8;
	60	1	-0.003666	-0.001833	0	0	1	1	0	4.16	1	1.2	0.8;
];

%% generator data
%	bus	Pg	Qg	Qmax	Qmin	Vg	mBase	status	Pmax	Pmin	Pc1	Pc2	Qc1min	Qc1max	Qc2min	Qc2max	ramp_agc	ramp_10	ramp_30	ramp_q	apf
mpc.gen = [
	1	-0.141457999	0	200	-200	1	1	1	200	-200	0	0	0	0	0	0	10	0	0	0	0;
];

%% branch data
%	fbus	tbus	r	x	b	rateA	rateB	rateC	ratio	angle	status	angmin	angmax
mpc.branch = [
	1	2	0.0013398623	0.0027450827	3.02770272e-08	100	100	100	0	0	1	-80	80;
	1	2	0.0013398623	0.0027450827	3.02770272e-08	100	100	100	0	0	1	-80	80;
	2	3	0.0013398623	0.0027450827	3.02770272e-08	100	100	100	0	0	1	-80	80;
	3	4	0.0013398623	0.0027450827	3.02770272e-08	100	100	100	0	0	1	-80	80;
	4	5	0.0013398623	0.0027450827	3.02770272e-08	100	100	100	0	0	1	-80	80;
	5	6	0.0013398623	0.0027450827	3.02770272e-08	100	100	100	0	0	1	-80	80;
	6	7	0.0013398623	0.0027450827	3.02770272e-08	100	100	100	0	0	1	-80	80;
	7	8	0.0013398623	0.0027450827	3.02770272e-08	100	100	100	0	0	1	-80	80;
	8	9	0.0013398623	0.0027450827	3.02770272e-08	100	100	100	0	0	1	-80	80;
	9	10	0.0013398623	0.0027450827	3.02770272e-08	100	100	100	0	0	1	-80	80;
	10	11	0.0013398623	0.0027450827	3.02770272e-08	100	100	100	0	0	1	-80	80;
	11	12	0.0013398623	0.0027450827	3.02770272e-08	100	100	100	0	0	1	-80	80;
	12	13	0.0013398623	0.0027450827	3.02770272e-08	100	100	100	0	0	1	-80	80;
	13	14	0.0013398623	0.0027450827	3.02770272e-08	100	100	100	0	0	1	-80	80;
	14	15	0.0013398623	0.0027450827	3.02770272e-08	100	100	100	0	0	1	-80	80;
	15	16	0.0013398623	0.0027450827	3.02770272e-08	100	100	100	0	0	1	-80	80;
	16	17	0.0013398623	0.0027450827	3.02770272e-08	100	100	100	0	0	1	-80	80;
	17	18	0.0013398623	0.0027450827	3.02770272e-08	100	100	100	0	0	1	-80	80;
	18	19	0.0013398623	0.0027450827	3.02770272e-08	100	100	100	0	0	1	-80	80;
	19	20	0.0013398623	0.0027450827	3.02770272e-08	100	100	100	0	0	1	-80	80;
	20	21	0.0013398623	0.0027450827	3.02770272e-08	100	100	100	0	0	1	-80	80;
	21	22	0.0013398623	0.0027450827	3.02770272e-08	100	100	100	0	0	1	-80	80;
	22	23	0.0013398623	0.0027450827	3.02770272e-08	100	100	100	0	0	1	-80	80;
	23	24	0.0013398623	0.0027450827	3.02770272e-08	100	100	100	0	0	1	-80	80;
	24	25	0.0013398623	0.0027450827	3.02770272e-08	100	100	100	0	0	1	-80	80;
	25	26	0.0013398623	0.0027450827	3.02770272e-08	100	100	100	0	0	1	-80	80;
	26	27	0.0013398623	0.0027450827	3.02770272e-08	100	100	100	0	0	1	-80	80;
	27	28	0.0013398623	0.0027450827	3.02770272e-08	100	100	100	0	0	1	-80	80;
	28	29	0.0013398623	0.0027450827	3.02770272e-08	100	100	100	0	0	1	-80	80;
	1	30	0.0013398623	0.0027450827	3.02770272e-08	100	100	100	0	0	1	-80	80;
	30	31	0.0013398623	0.0027450827	3.02770272e-08	100	100	100	0	0	1	-80	80;
	31	32	0.0013398623	0.0027450827	3.02770272e-08	100	100	100	0	0	1	-80	80;
	32	33	0.0013398623	0.0027450827	3.02770272e-08	100	100	100	0	0	1	-80	80;
	33	34	0.0013398623	0.0027450827	3.02770272e-08	100	100	100	0	0	1	-80	80;
	34	35	0.0013398623	0.0027450827	3.02770272e-08	100	100	100	0	0	1	-80	80;
	35	36	0.0013398623	0.0027450827	3.02770272e-08	100	100	100	0	0	1	-80	80;
	36	37	0.0013398623	0.0027450827	3.02770272e-08	100	100	100	0	0	1	-80	80;
	37	38	0.0013398623	0.0027450827	3.02770272e-08	100	100	100	0	0	1	-80	80;
	38	39	0.0013398623	0.0027450827	3.02770272e-08	100	100	100	0	0	1	-80	80;
	39	40	0.0013398623	0.0027450827	3.02770272e-08	100	100	100	0	0	1	-80	80;
	40	41	0.0013398623	0.0027450827	3.02770272e-08	100	100	100	0	0	1	-80	80;
	41	42	0.0013398623	0.0027450827	3.02770272e-08	100	100	100	0	0	1	-80	80;
	42	43	0.0013398623	0.0027450827	3.02770272e-08	100	100	100	0	0	1	-80	80;
	43	44	0.0013398623	0.0027450827	3.02770272e-08	100	100	100	0	0	1	-80	80;
	44	45	0.0013398623	0.0027450827	3.02770272e-08	100	100	100	0	0	1	-80	80;
	45	46	0.0013398623	0.0027450827	3.02770272e-08	100	100	100	0	0	1	-80	80;
	46	47	0.0013398623	0.0027450827	3.02770272e-08	100	100	100	0	0	1	-80	80;
	47	48	0.0013398623	0.0027450827	3.02770272e-08	100	100	100	0	0	1	-80	80;
	48	49	0.0013398623	0.0027450827	3.02770272e-08	100	100	100	0	0	1	-80	80;
	49	50	0.0013398623	0.0027450827	3.02770272e-08	100	100	100	0	0	1	-80	80;
	50	51	0.0013398623	0.0027450827	3.02770272e-08	100	100	100	0	0	1	-80	80;
	51	52	0.0013398623	0.0027450827	3.02770272e-08	100	100	100	0	0	1	-80	80;
	52	53	0.0013398623	0.0027450827	3.02770272e-08	100	100	100	0	0	1	-80	80;
	53	54	0.0013398623	0.0027450827	3.02770272e-08	100	100	100	0	0	1	-80	80;
	54	55	0.0013398623	0.0027450827	3.02770272e-08	100	100	100	0	0	1	-80	80;
	55	56	0.0013398623	0.0027450827	3.02770272e-08	100	100	100	0	0	1	-80	80;
	56	57	0.0013398623	0.0027450827	3.02770272e-08	100	100	100	0	0	1	-80	80;
	57	58	0.0013398623	0.0027450827	3.02770272e-08	100	100	100	0	0	1	-80	80;
	58	59	0.0013398623	0.0027450827	3.02770272e-08	100	100	100	0	0	1	-80	80;
