function mpc = case_ieee123_storage_163
%CASE_IEEE123_STORAGE_163

%% MATPOWER Case Format : Version 2
mpc.version = '2';

%%-----  Power Flow Data  -----%%
%% system MVA base
mpc.baseMVA = 1;

%% bus data
%	bus_i	type	Pd	Qd	Gs	Bs	area	Vm	Va	baseKV	zone	Vmax	Vmin
mpc.bus = [
	1	3	0.000199	9.95e-05	0	0	1	1	0	4.16	1	1.2	0.8;
	2	1	0.000937	0.0004685	0	0	1	1	0	4.16	1	1.2	0.8;
	3	1	0.000441	0.0002205	0	0	1	1	0	4.16	1	1.2	0.8;
	4	1	0.000304	0.000152	0	0	1	1	0	4.16	1	1.2	0.8;
	5	1	0.000194	9.7e-05	0	0	1	1	0	4.16	1	1.2	0.8;
	6	1	1e-10	5e-11	0	0	1	1	0	4.16	1	1.2	0.8;
	7	1	1e-10	5e-11	0	0	1	1	0	4.16	1	1.2	0.8;
	8	1	0.000517	0.0002585	0	0	1	1	0	4.16	1	1.2	0.8;
	9	1	0.002342	0.001171	0	0	1	1	0	4.16	1	1.2	0.8;
	10	1	0.000279	0.0001395	0	0	1	1	0	4.16	1	1.2	0.8;
	11	1	0.001516	0.000758	0	0	1	1	0	4.16	1	1.2	0.8;
	12	1	0.000476	0.000238	0	0	1	1	0	4.16	1	1.2	0.8;
	13	1	0.0003	0.00015	0	0	1	1	0	4.16	1	1.2	0.8;
	14	1	1e-10	5e-11	0	0	1	1	0	4.16	1	1.2	0.8;
	15	1	0.000123	6.15e-05	0	0	1	1	0	4.16	1	1.2	0.8;
	16	1	0.000255	0.0001275	0	0	1	1	0	4.16	1	1.2	0.8;
	17	1	0.000388	0.000194	0	0	1	1	0	4.16	1	1.2	0.8;
	18	1	0.000218	0.000109	0	0	1	1	0	4.16	1	1.2	0.8;
	19	1	0.000167	8.35e-05	0	0	1	1	0	4.16	1	1.2	0.8;
	20	1	0.000144	7.2e-05	0	0	1	1	0	4.16	1	1.2	0.8;
	21	1	0.000356	0.000178	0	0	1	1	0	4.16	1	1.2	0.8;
	22	1	0.000222	0.000111	0	0	1	1	0	4.16	1	1.2	0.8;
	23	1	0.000256	0.000128	0	0	1	1	0	4.16	1	1.2	0.8;
	24	1	0.000377	0.0001885	0	0	1	1	0	4.16	1	1.2	0.8;
	25	1	0.000334	0.000167	0	0	1	1	0	4.16	1	1.2	0.8;
	26	1	0.000261	0.0001305	0	0	1	1	0	4.16	1	1.2	0.8;
	27	1	0.000931	0.0004655	0	0	1	1	0	4.16	1	1.2	0.8;
	28	1	0.000599	0.0002995	0	0	1	1	0	4.16	1	1.2	0.8;
	29	1	0.000497	0.0002485	0	0	1	1	0	4.16	1	1.2	0.8;
	30	1	0.000153	7.65e-05	0	0	1	1	0	4.16	1	1.2	0.8;
	31	1	0.000489	0.0002445	0	0	1	1	0	4.16	1	1.2	0.8;
	32	1	0.000344	0.000172	0	0	1	1	0	4.16	1	1.2	0.8;
	33	1	0.000412	0.000206	0	0	1	1	0	4.16	1	1.2	0.8;
	34	1	0.000322	0.000161	0	0	1	1	0	4.16	1	1.2	0.8;
	35	1	0.000655	0.0003275	0	0	1	1	0	4.16	1	1.2	0.8;
	36	1	1e-10	5e-11	0	0	1	1	0	4.16	1	1.2	0.8;
	37	1	0.000229	0.0001145	0	0	1	1	0	4.16	1	1.2	0.8;
	38	1	0.000258	0.000129	0	0	1	1	0	4.16	1	1.2	0.8;
	39	1	0.000533	0.0002665	0	0	1	1	0	4.16	1	1.2	0.8;
	40	1	0.000314	0.000157	0	0	1	1	0	4.16	1	1.2	0.8;
	41	1	0.000494	0.000247	0	0	1	1	0	4.16	1	1.2	0.8;
	42	1	0.000296	0.000148	0	0	1	1	0	4.16	1	1.2	0.8;
	43	1	0.006902	0.003451	0	0	1	1	0	4.16	1	1.2	0.8;
	44	1	0.000403	0.0002015	0	0	1	1	0	4.16	1	1.2	0.8;
	45	1	0.000514	0.000257	0	0	1	1	0	4.16	1	1.2	0.8;
	46	1	0.000479	0.0002395	0	0	1	1	0	4.16	1	1.2	0.8;
	47	1	1e-10	5e-11	0	0	1	1	0	4.16	1	1.2	0.8;
	48	1	1e-10	5e-11	0	0	1	1	0	4.16	1	1.2	0.8;
	49	1	0.000569	0.0002845	0	0	1	1	0	4.16	1	1.2	0.8;
	50	1	0.000325	0.0001625	0	0	1	1	0	4.16	1	1.2	0.8;
	51	1	1e-10	5e-11	0	0	1	1	0	4.16	1	1.2	0.8;
	52	1	1e-10	5e-11	0	0	1	1	0	4.16	1	1.2	0.8;
	53	1	0.000425	0.0002125	0	0	1	1	0	4.16	1	1.2	0.8;
	54	1	1e-10	5e-11	0	0	1	1	0	4.16	1	1.2	0.8;
	55	1	0.000219	0.0001095	0	0	1	1	0	4.16	1	1.2	0.8;
	56	1	0.000203	0.0001015	0	0	1	1	0	4.16	1	1.2	0.8;
	57	1	0.000825	0.0004125	0	0	1	1	0	4.16	1	1.2	0.8;
	58	1	1e-10	5e-11	0	0	1	1	0	4.16	1	1.2	0.8;
	59	1	6.6e-05	3.3e-05	0	0	1	1	0	4.16	1	1.2	0.8;
	60	1	0.000247	0.0001235	0	0	1	1	0	4.16	1	1.2	0.8;
];

%% generator data
%	bus	Pg	Qg	Qmax	Qmin	Vg	mBase	status	Pmax	Pmin	Pc1	Pc2	Qc1min	Qc1max	Qc2min	Qc2max	ramp_agc	ramp_10	ramp_30	ramp_q	apf
mpc.gen = [
	1	0.028309001	0	200	-200	1	1	1	200	-200	0	0	0	0	0	0	10	0	0	0	0;
];

%% branch data
%	fbus	tbus	r	x	b	rateA	rateB	rateC	ratio	angle	status	angmin	angmax
mpc.branch = [
	1	2	0.0013398623	0.0027450827	3.02770272e-08	100	100	100	0	0	1	-80	80;
	1	2	0.0013398623	0.0027450827	3.02770272e-08	100	100	100	0	0	1	-80	80;
	2	3	0.0013398623	0.0027450827	3.02770272e-08	100	100	100	0	0	1	-80	80;
	3	4	0.0013398623	0.0027450827	3.02770272e-08	100	100	100	0	0	1	-80	80;
	4	5	0.0013398623	0.0027450827	3.02770272e-08	100	100	100	0	0	1	-80	80;
	5	6	0.0013398623	0.0027450827	3.02770272e-08	100	100	100	0	0	1	-80	80;
	6	7	0.0013398623	0.0027450827	3.02770272e-08	100	100	100	0	0	1	-80	80;
	7	8	0.0013398623	0.0027450827	3.02770272e-08	100	100	100	0	0	1	-80	80;
	8	9	0.0013398623	0.0027450827	3.02770272e-08	100	100	100	0	0	1	-80	80;
	9	10	0.0013398623	0.0027450827	3.02770272e-08	100	100	100	0	0	1	-80	80;
	10	11	0.0013398623	0.0027450827	3.02770272e-08	100	100	100	0	0	1	-80	80;
	11	12	0.0013398623	0.0027450827	3.02770272e-08	100	100	100	0	0	1	-80	80;
	12	13	0.0013398623	0.0027450827	3.02770272e-08	100	100	100	0	0	1	-80	80;
	13	14	0.0013398623	0.0027450827	3.02770272e-08	100	100	100	0	0	1	-80	80;
	14	15	0.0013398623	0.0027450827	3.02770272e-08	100	100	100	0	0	1	-80	80;
	15	16	0.0013398623	0.0027450827	3.02770272e-08	100	100	100	0	0	1	-80	80;
	16	17	0.0013398623	0.0027450827	3.02770272e-08	100	100	100	0	0	1	-80	80;
	17	18	0.0013398623	0.0027450827	3.02770272e-08	100	100	100	0	0	1	-80	80;
	18	19	0.0013398623	0.0027450827	3.02770272e-08	100	100	100	0	0	1	-80	80;
	19	20	0.0013398623	0.0027450827	3.02770272e-08	100	100	100	0	0	1	-80	80;
	20	21	0.0013398623	0.0027450827	3.02770272e-08	100	100	100	0	0	1	-80	80;
	21	22	0.0013398623	0.0027450827	3.02770272e-08	100	100	100	0	0	1	-80	80;
	22	23	0.0013398623	0.0027450827	3.02770272e-08	100	100	100	0	0	1	-80	80;
	23	24	0.0013398623	0.0027450827	3.02770272e-08	100	100	100	0	0	1	-80	80;
	24	25	0.0013398623	0.0027450827	3.02770272e-08	100	100	100	0	0	1	-80	80;
	25	26	0.0013398623	0.0027450827	3.02770272e-08	100	100	100	0	0	1	-80	80;
	26	27	0.0013398623	0.0027450827	3.02770272e-08	100	100	100	0	0	1	-80	80;
	27	28	0.0013398623	0.0027450827	3.02770272e-08	100	100	100	0	0	1	-80	80;
	28	29	0.0013398623	0.0027450827	3.02770272e-08	100	100	100	0	0	1	-80	80;
	1	30	0.0013398623	0.0027450827	3.02770272e-08	100	100	100	0	0	1	-80	80;
	30	31	0.0013398623	0.0027450827	3.02770272e-08	100	100	100	0	0	1	-80	80;
	31	32	0.0013398623	0.0027450827	3.02770272e-08	100	100	100	0	0	1	-80	80;
	32	33	0.0013398623	0.0027450827	3.02770272e-08	100	100	100	0	0	1	-80	80;
	33	34	0.0013398623	0.0027450827	3.02770272e-08	100	100	100	0	0	1	-80	80;
	34	35	0.0013398623	0.0027450827	3.02770272e-08	100	100	100	0	0	1	-80	80;
	35	36	0.0013398623	0.0027450827	3.02770272e-08	100	100	100	0	0	1	-80	80;
	36	37	0.0013398623	0.0027450827	3.02770272e-08	100	100	100	0	0	1	-80	80;
	37	38	0.0013398623	0.0027450827	3.02770272e-08	100	100	100	0	0	1	-80	80;
	38	39	0.0013398623	0.0027450827	3.02770272e-08	100	100	100	0	0	1	-80	80;
	39	40	0.0013398623	0.0027450827	3.02770272e-08	100	100	100	0	0	1	-80	80;
	40	41	0.0013398623	0.0027450827	3.02770272e-08	100	100	100	0	0	1	-80	80;
	41	42	0.0013398623	0.0027450827	3.02770272e-08	100	100	100	0	0	1	-80	80;
	42	43	0.0013398623	0.0027450827	3.02770272e-08	100	100	100	0	0	1	-80	80;
	43	44	0.0013398623	0.0027450827	3.02770272e-08	100	100	100	0	0	1	-80	80;
	44	45	0.0013398623	0.0027450827	3.02770272e-08	100	100	100	0	0	1	-80	80;
	45	46	0.0013398623	0.0027450827	3.02770272e-08	100	100	100	0	0	1	-80	80;
	46	47	0.0013398623	0.0027450827	3.02770272e-08	100	100	100	0	0	1	-80	80;
	47	48	0.0013398623	0.0027450827	3.02770272e-08	100	100	100	0	0	1	-80	80;
	48	49	0.0013398623	0.0027450827	3.02770272e-08	100	100	100	0	0	1	-80	80;
	49	50	0.0013398623	0.0027450827	3.02770272e-08	100	100	100	0	0	1	-80	80;
	50	51	0.0013398623	0.0027450827	3.02770272e-08	100	100	100	0	0	1	-80	80;
	51	52	0.0013398623	0.0027450827	3.02770272e-08	100	100	100	0	0	1	-80	80;
	52	53	0.0013398623	0.0027450827	3.02770272e-08	100	100	100	0	0	1	-80	80;
	53	54	0.0013398623	0.0027450827	3.02770272e-08	100	100	100	0	0	1	-80	80;
	54	55	0.0013398623	0.0027450827	3.02770272e-08	100	100	100	0	0	1	-80	80;
	55	56	0.0013398623	0.0027450827	3.02770272e-08	100	100	100	0	0	1	-80	80;
	56	57	0.0013398623	0.0027450827	3.02770272e-08	100	100	100	0	0	1	-80	80;
	57	58	0.0013398623	0.0027450827	3.02770272e-08	100	100	100	0	0	1	-80	80;
	58	59	0.0013398623	0.0027450827	3.02770272e-08	100	100	100	0	0	1	-80	80;
	59	60	0.0013398623	0.0027450827	3.02770272e-08	100	100	100	0	0	1	-80	80;
];
