function mpc = case_ieee123_storage_800
%CASE_IEEE123_STORAGE_800

%% MATPOWER Case Format : Version 2
mpc.version = '2';

%%-----  Power Flow Data  -----%%
%% system MVA base
mpc.baseMVA = 1;

%% bus data
%	bus_i	type	Pd	Qd	Gs	Bs	area	Vm	Va	baseKV	zone	Vmax	Vmin
mpc.bus = [
	1	3	-0.003197	-0.0015985	0	0	1	1	0	4.16	1	1.2	0.8;
	2	1	-0.002203	-0.0011015	0	0	1	1	0	4.16	1	1.2	0.8;
	3	1	0.000533	0.0002665	0	0	1	1	0	4.16	1	1.2	0.8;
	4	1	-0.002168	-0.001084	0	0	1	1	0	4.16	1	1.2	0.8;
	5	1	-0.002347	-0.0011735	0	0	1	1	0	4.16	1	1.2	0.8;
	6	1	1e-10	5e-11	0	0	1	1	0	4.16	1	1.2	0.8;
	7	1	1e-10	5e-11	0	0	1	1	0	4.16	1	1.2	0.8;
	8	1	-0.003519	-0.0017595	0	0	1	1	0	4.16	1	1.2	0.8;
	9	1	-0.006944	-0.003472	0	0	1	1	0	4.16	1	1.2	0.8;
	10	1	-0.003863	-0.0019315	0	0	1	1	0	4.16	1	1.2	0.8;
	11	1	-0.003047	-0.0015235	0	0	1	1	0	4.16	1	1.2	0.8;
	12	1	-0.003896	-0.001948	0	0	1	1	0	4.16	1	1.2	0.8;
	13	1	-0.003272	-0.001636	0	0	1	1	0	4.16	1	1.2	0.8;
	14	1	1e-10	5e-11	0	0	1	1	0	4.16	1	1.2	0.8;
	15	1	-0.003416	-0.001708	0	0	1	1	0	4.16	1	1.2	0.8;
	16	1	-0.003539	-0.0017695	0	0	1	1	0	4.16	1	1.2	0.8;
	17	1	-0.004379	-0.0021895	0	0	1	1	0	4.16	1	1.2	0.8;
	18	1	-0.003826	-0.001913	0	0	1	1	0	4.16	1	1.2	0.8;
	19	1	-0.002408	-0.001204	0	0	1	1	0	4.16	1	1.2	0.8;
	20	1	-0.002754	-0.001377	0	0	1	1	0	4.16	1	1.2	0.8;
	21	1	-0.003909	-0.0019545	0	0	1	1	0	4.16	1	1.2	0.8;
	22	1	-0.00244	-0.00122	0	0	1	1	0	4.16	1	1.2	0.8;
	23	1	-0.003564	-0.001782	0	0	1	1	0	4.16	1	1.2	0.8;
	24	1	-0.003019	-0.0015095	0	0	1	1	0	4.16	1	1.2	0.8;
	25	1	-0.002629	-0.0013145	0	0	1	1	0	4.16	1	1.2	0.8;
	26	1	0.000254	0.000127	0	0	1	1	0	4.16	1	1.2	0.8;
	27	1	0.001024	0.000512	0	0	1	1	0	4.16	1	1.2	0.8;
	28	1	-0.002002	-0.001001	0	0	1	1	0	4.16	1	1.2	0.8;
	29	1	-0.002075	-0.0010375	0	0	1	1	0	4.16	1	1.2	0.8;
	30	1	-0.00386	-0.00193	0	0	1	1	0	4.16	1	1.2	0.8;
	31	1	-0.004143	-0.0020715	0	0	1	1	0	4.16	1	1.2	0.8;
	32	1	-0.003456	-0.001728	0	0	1	1	0	4.16	1	1.2	0.8;
	33	1	-0.002046	-0.001023	0	0	1	1	0	4.16	1	1.2	0.8;
	34	1	-0.004097	-0.0020485	0	0	1	1	0	4.16	1	1.2	0.8;
	35	1	-0.003004	-0.001502	0	0	1	1	0	4.16	1	1.2	0.8;
	36	1	-0.001458	-0.000729	0	0	1	1	0	4.16	1	1.2	0.8;
	37	1	-0.003625	-0.0018125	0	0	1	1	0	4.16	1	1.2	0.8;
	38	1	-0.004147	-0.0020735	0	0	1	1	0	4.16	1	1.2	0.8;
	39	1	-0.003203	-0.0016015	0	0	1	1	0	4.16	1	1.2	0.8;
	40	1	-0.002552	-0.001276	0	0	1	1	0	4.16	1	1.2	0.8;
	41	1	-0.006355	-0.0031775	0	0	1	1	0	4.16	1	1.2	0.8;
	42	1	-0.002916	-0.001458	0	0	1	1	0	4.16	1	1.2	0.8;
	43	1	-0.003998	-0.001999	0	0	1	1	0	4.16	1	1.2	0.8;
	44	1	-0.004035	-0.0020175	0	0	1	1	0	4.16	1	1.2	0.8;
	45	1	1e-10	5e-11	0	0	1	1	0	4.16	1	1.2	0.8;
	46	1	-0.001683	-0.0008415	0	0	1	1	0	4.16	1	1.2	0.8;
	47	1	1e-10	5e-11	0	0	1	1	0	4.16	1	1.2	0.8;
	48	1	1e-10	5e-11	0	0	1	1	0	4.16	1	1.2	0.8;
	49	1	0.000588	0.000294	0	0	1	1	0	4.16	1	1.2	0.8;
	50	1	-0.004204	-0.002102	0	0	1	1	0	4.16	1	1.2	0.8;
	51	1	1e-10	5e-11	0	0	1	1	0	4.16	1	1.2	0.8;
	52	1	1e-10	5e-11	0	0	1	1	0	4.16	1	1.2	0.8;
	53	1	-0.001482	-0.000741	0	0	1	1	0	4.16	1	1.2	0.8;
	54	1	1e-10	5e-11	0	0	1	1	0	4.16	1	1.2	0.8;
	55	1	1e-10	5e-11	0	0	1	1	0	4.16	1	1.2	0.8;
	56	1	-0.003361	-0.0016805	0	0	1	1	0	4.16	1	1.2	0.8;
	57	1	1e-10	5e-11	0	0	1	1	0	4.16	1	1.2	0.8;
	58	1	1e-10	5e-11	0	0	1	1	0	4.16	1	1.2	0.8;
	59	1	0.000199	9.95e-05	0	0	1	1	0	4.16	1	1.2	0.8;
	60	1	-0.003741	-0.0018705	0	0	1	1	0	4.16	1	1.2	0.8;
];

%% generator data
%	bus	Pg	Qg	Qmax	Qmin	Vg	mBase	status	Pmax	Pmin	Pc1	Pc2	Qc1min	Qc1max	Qc2min	Qc2max	ramp_agc	ramp_10	ramp_30	ramp_q	apf
mpc.gen = [
	1	-0.139183999	0	200	-200	1	1	1	200	-200	0	0	0	0	0	0	10	0	0	0	0;
];

%% branch data
%	fbus	tbus	r	x	b	rateA	rateB	rateC	ratio	angle	status	angmin	angmax
mpc.branch = [
	1	2	0.0013398623	0.0027450827	3.02770272e-08	100	100	100	0	0	1	-80	80;
	1	2	0.0013398623	0.0027450827	3.02770272e-08	100	100	100	0	0	1	-80	80;
	2	3	0.0013398623	0.0027450827	3.02770272e-08	100	100	100	0	0	1	-80	80;
	3	4	0.0013398623	0.0027450827	3.02770272e-08	100	100	100	0	0	1	-80	80;
	4	5	0.0013398623	0.0027450827	3.02770272e-08	100	100	100	0	0	1	-80	80;
	5	6	0.0013398623	0.0027450827	3.02770272e-08	100	100	100	0	0	1	-80	80;
	6	7	0.0013398623	0.0027450827	3.02770272e-08	100	100	100	0	0	1	-80	80;
	7	8	0.0013398623	0.0027450827	3.02770272e-08	100	100	100	0	0	1	-80	80;
	8	9	0.0013398623	0.0027450827	3.02770272e-08	100	100	100	0	0	1	-80	80;
	9	10	0.0013398623	0.0027450827	3.02770272e-08	100	100	100	0	0	1	-80	80;
	10	11	0.0013398623	0.0027450827	3.02770272e-08	100	100	100	0	0	1	-80	80;
	11	12	0.0013398623	0.0027450827	3.02770272e-08	100	100	100	0	0	1	-80	80;
	12	13	0.0013398623	0.0027450827	3.02770272e-08	100	100	100	0	0	1	-80	80;
	13	14	0.0013398623	0.0027450827	3.02770272e-08	100	100	100	0	0	1	-80	80;
	14	15	0.0013398623	0.0027450827	3.02770272e-08	100	100	100	0	0	1	-80	80;
	15	16	0.0013398623	0.0027450827	3.02770272e-08	100	100	100	0	0	1	-80	80;
	16	17	0.0013398623	0.0027450827	3.02770272e-08	100	100	100	0	0	1	-80	80;
	17	18	0.0013398623	0.0027450827	3.02770272e-08	100	100	100	0	0	1	-80	80;
	18	19	0.0013398623	0.0027450827	3.02770272e-08	100	100	100	0	0	1	-80	80;
	19	20	0.0013398623	0.0027450827	3.02770272e-08	100	100	100	0	0	1	-80	80;
	20	21	0.0013398623	0.0027450827	3.02770272e-08	100	100	100	0	0	1	-80	80;
	21	22	0.0013398623	0.0027450827	3.02770272e-08	100	100	100	0	0	1	-80	80;
	22	23	0.0013398623	0.0027450827	3.02770272e-08	100	100	100	0	0	1	-80	80;
	23	24	0.0013398623	0.0027450827	3.02770272e-08	100	100	100	0	0	1	-80	80;
	24	25	0.0013398623	0.0027450827	3.02770272e-08	100	100	100	0	0	1	-80	80;
	25	26	0.0013398623	0.0027450827	3.02770272e-08	100	100	100	0	0	1	-80	80;
	26	27	0.0013398623	0.0027450827	3.02770272e-08	100	100	100	0	0	1	-80	80;
	27	28	0.0013398623	0.0027450827	3.02770272e-08	100	100	100	0	0	1	-80	80;
	28	29	0.0013398623	0.0027450827	3.02770272e-08	100	100	100	0	0	1	-80	80;
	1	30	0.0013398623	0.0027450827	3.02770272e-08	100	100	100	0	0	1	-80	80;
	30	31	0.0013398623	0.0027450827	3.02770272e-08	100	100	100	0	0	1	-80	80;
	31	32	0.0013398623	0.0027450827	3.02770272e-08	100	100	100	0	0	1	-80	80;
	32	33	0.0013398623	0.0027450827	3.02770272e-08	100	100	100	0	0	1	-80	80;
	33	34	0.0013398623	0.0027450827	3.02770272e-08	100	100	100	0	0	1	-80	80;
	34	35	0.0013398623	0.0027450827	3.02770272e-08	100	100	100	0	0	1	-80	80;
	35	36	0.0013398623	0.0027450827	3.02770272e-08	100	100	100	0	0	1	-80	80;
	36	37	0.0013398623	0.0027450827	3.02770272e-08	100	100	100	0	0	1	-80	80;
	37	38	0.0013398623	0.0027450827	3.02770272e-08	100	100	100	0	0	1	-80	80;
	38	39	0.0013398623	0.0027450827	3.02770272e-08	100	100	100	0	0	1	-80	80;
	39	40	0.0013398623	0.0027450827	3.02770272e-08	100	100	100	0	0	1	-80	80;
	40	41	0.0013398623	0.0027450827	3.02770272e-08	100	100	100	0	0	1	-80	80;
	41	42	0.0013398623	0.0027450827	3.02770272e-08	100	100	100	0	0	1	-80	80;
	42	43	0.0013398623	0.0027450827	3.02770272e-08	100	100	100	0	0	1	-80	80;
	43	44	0.0013398623	0.0027450827	3.02770272e-08	100	100	100	0	0	1	-80	80;
	44	45	0.0013398623	0.0027450827	3.02770272e-08	100	100	100	0	0	1	-80	80;
	45	46	0.0013398623	0.0027450827	3.02770272e-08	100	100	100	0	0	1	-80	80;
	46	47	0.0013398623	0.0027450827	3.02770272e-08	100	100	100	0	0	1	-80	80;
	47	48	0.0013398623	0.0027450827	3.02770272e-08	100	100	100	0	0	1	-80	80;
	48	49	0.0013398623	0.0027450827	3.02770272e-08	100	100	100	0	0	1	-80	80;
	49	50	0.0013398623	0.0027450827	3.02770272e-08	100	100	100	0	0	1	-80	80;
	50	51	0.0013398623	0.0027450827	3.02770272e-08	100	100	100	0	0	1	-80	80;
	51	52	0.0013398623	0.0027450827	3.02770272e-08	100	100	100	0	0	1	-80	80;
	52	53	0.0013398623	0.0027450827	3.02770272e-08	100	100	100	0	0	1	-80	80;
	53	54	0.0013398623	0.0027450827	3.02770272e-08	100	100	100	0	0	1	-80	80;
	54	55	0.0013398623	0.0027450827	3.02770272e-08	100	100	100	0	0	1	-80	80;
	55	56	0.0013398623	0.0027450827	3.02770272e-08	100	100	100	0	0	1	-80	80;
	56	57	0.0013398623	0.0027450827	3.02770272e-08	100	100	100	0	0	1	-80	80;
	57	58	0.0013398623	0.0027450827	3.02770272e-08	100	100	100	0	0	1	-80	80;
	58	59	0.0013398623	0.0027450827	3.02770272e-08	100	100	100	0	0	1	-80	80;
