function mpc = case_ieee123_storage_686
%CASE_IEEE123_STORAGE_686

%% MATPOWER Case Format : Version 2
mpc.version = '2';

%%-----  Power Flow Data  -----%%
%% system MVA base
mpc.baseMVA = 1;

%% bus data
%	bus_i	type	Pd	Qd	Gs	Bs	area	Vm	Va	baseKV	zone	Vmax	Vmin
mpc.bus = [
	1	3	-0.002317	-0.0011585	0	0	1	1	0	4.16	1	1.2	0.8;
	2	1	0.000405	0.0002025	0	0	1	1	0	4.16	1	1.2	0.8;
	3	1	0.000749	0.0003745	0	0	1	1	0	4.16	1	1.2	0.8;
	4	1	0.000385	0.0001925	0	0	1	1	0	4.16	1	1.2	0.8;
	5	1	-0.001035	-0.0005175	0	0	1	1	0	4.16	1	1.2	0.8;
	6	1	1e-10	5e-11	0	0	1	1	0	4.16	1	1.2	0.8;
	7	1	1e-10	5e-11	0	0	1	1	0	4.16	1	1.2	0.8;
	8	1	-0.001461	-0.0007305	0	0	1	1	0	4.16	1	1.2	0.8;
	9	1	-0.005512	-0.002756	0	0	1	1	0	4.16	1	1.2	0.8;
	10	1	-0.004296	-0.002148	0	0	1	1	0	4.16	1	1.2	0.8;
	11	1	-0.002018	-0.001009	0	0	1	1	0	4.16	1	1.2	0.8;
	12	1	-0.003393	-0.0016965	0	0	1	1	0	4.16	1	1.2	0.8;
	13	1	0.000364	0.000182	0	0	1	1	0	4.16	1	1.2	0.8;
	14	1	1e-10	5e-11	0	0	1	1	0	4.16	1	1.2	0.8;
	15	1	-0.002103	-0.0010515	0	0	1	1	0	4.16	1	1.2	0.8;
	16	1	-0.001726	-0.000863	0	0	1	1	0	4.16	1	1.2	0.8;
	17	1	-0.003727	-0.0018635	0	0	1	1	0	4.16	1	1.2	0.8;
	18	1	-0.003326	-0.001663	0	0	1	1	0	4.16	1	1.2	0.8;
	19	1	-0.001264	-0.000632	0	0	1	1	0	4.16	1	1.2	0.8;
	20	1	-0.002417	-0.0012085	0	0	1	1	0	4.16	1	1.2	0.8;
	21	1	-0.001344	-0.000672	0	0	1	1	0	4.16	1	1.2	0.8;
	22	1	-0.0019	-0.00095	0	0	1	1	0	4.16	1	1.2	0.8;
	23	1	-0.001383	-0.0006915	0	0	1	1	0	4.16	1	1.2	0.8;
	24	1	-0.001232	-0.000616	0	0	1	1	0	4.16	1	1.2	0.8;
	25	1	-0.002407	-0.0012035	0	0	1	1	0	4.16	1	1.2	0.8;
	26	1	0.000172	8.6e-05	0	0	1	1	0	4.16	1	1.2	0.8;
	27	1	0.001002	0.000501	0	0	1	1	0	4.16	1	1.2	0.8;
	28	1	-0.000658	-0.000329	0	0	1	1	0	4.16	1	1.2	0.8;
	29	1	-0.000113	-5.65e-05	0	0	1	1	0	4.16	1	1.2	0.8;
	30	1	-0.001373	-0.0006865	0	0	1	1	0	4.16	1	1.2	0.8;
	31	1	-0.003887	-0.0019435	0	0	1	1	0	4.16	1	1.2	0.8;
	32	1	-0.001308	-0.000654	0	0	1	1	0	4.16	1	1.2	0.8;
	33	1	-0.001386	-0.000693	0	0	1	1	0	4.16	1	1.2	0.8;
	34	1	-0.002768	-0.001384	0	0	1	1	0	4.16	1	1.2	0.8;
	35	1	-0.001737	-0.0008685	0	0	1	1	0	4.16	1	1.2	0.8;
	36	1	1e-10	5e-11	0	0	1	1	0	4.16	1	1.2	0.8;
	37	1	-0.001979	-0.0009895	0	0	1	1	0	4.16	1	1.2	0.8;
	38	1	-0.001749	-0.0008745	0	0	1	1	0	4.16	1	1.2	0.8;
	39	1	-0.001112	-0.000556	0	0	1	1	0	4.16	1	1.2	0.8;
	40	1	-0.001004	-0.000502	0	0	1	1	0	4.16	1	1.2	0.8;
	41	1	-0.006018	-0.003009	0	0	1	1	0	4.16	1	1.2	0.8;
	42	1	-0.0001	-5e-05	0	0	1	1	0	4.16	1	1.2	0.8;
	43	1	-0.003066	-0.001533	0	0	1	1	0	4.16	1	1.2	0.8;
	44	1	-0.00152	-0.00076	0	0	1	1	0	4.16	1	1.2	0.8;
	45	1	1e-10	5e-11	0	0	1	1	0	4.16	1	1.2	0.8;
	46	1	-0.000246	-0.000123	0	0	1	1	0	4.16	1	1.2	0.8;
	47	1	1e-10	5e-11	0	0	1	1	0	4.16	1	1.2	0.8;
	48	1	1e-10	5e-11	0	0	1	1	0	4.16	1	1.2	0.8;
	49	1	0.00552	0.00276	0	0	1	1	0	4.16	1	1.2	0.8;
	50	1	-0.001839	-0.0009195	0	0	1	1	0	4.16	1	1.2	0.8;
	51	1	1e-10	5e-11	0	0	1	1	0	4.16	1	1.2	0.8;
	52	1	1e-10	5e-11	0	0	1	1	0	4.16	1	1.2	0.8;
	53	1	-0.000565	-0.0002825	0	0	1	1	0	4.16	1	1.2	0.8;
	54	1	1e-10	5e-11	0	0	1	1	0	4.16	1	1.2	0.8;
	55	1	1e-10	5e-11	0	0	1	1	0	4.16	1	1.2	0.8;
	56	1	-0.001382	-0.000691	0	0	1	1	0	4.16	1	1.2	0.8;
	57	1	1e-10	5e-11	0	0	1	1	0	4.16	1	1.2	0.8;
	58	1	1e-10	5e-11	0	0	1	1	0	4.16	1	1.2	0.8;
	59	1	6.5e-05	3.25e-05	0	0	1	1	0	4.16	1	1.2	0.8;
	60	1	-0.002515	-0.0012575	0	0	1	1	0	4.16	1	1.2	0.8;
];

%% generator data
%	bus	Pg	Qg	Qmax	Qmin	Vg	mBase	status	Pmax	Pmin	Pc1	Pc2	Qc1min	Qc1max	Qc2min	Qc2max	ramp_agc	ramp_10	ramp_30	ramp_q	apf
mpc.gen = [
	1	-0.0705239987	0	200	-200	1	1	1	200	-200	0	0	0	0	0	0	10	0	0	0	0;
];

%% branch data
%	fbus	tbus	r	x	b	rateA	rateB	rateC	ratio	angle	status	angmin	angmax
mpc.branch = [
	1	2	0.0013398623	0.0027450827	3.02770272e-08	100	100	100	0	0	1	-80	80;
	1	2	0.0013398623	0.0027450827	3.02770272e-08	100	100	100	0	0	1	-80	80;
	2	3	0.0013398623	0.0027450827	3.02770272e-08	100	100	100	0	0	1	-80	80;
	3	4	0.0013398623	0.0027450827	3.02770272e-08	100	100	100	0	0	1	-80	80;
	4	5	0.0013398623	0.0027450827	3.02770272e-08	100	100	100	0	0	1	-80	80;
	5	6	0.0013398623	0.0027450827	3.02770272e-08	100	100	100	0	0	1	-80	80;
	6	7	0.0013398623	0.0027450827	3.02770272e-08	100	100	100	0	0	1	-80	80;
	7	8	0.0013398623	0.0027450827	3.02770272e-08	100	100	100	0	0	1	-80	80;
	8	9	0.0013398623	0.0027450827	3.02770272e-08	100	100	100	0	0	1	-80	80;
	9	10	0.0013398623	0.0027450827	3.02770272e-08	100	100	100	0	0	1	-80	80;
	10	11	0.0013398623	0.0027450827	3.02770272e-08	100	100	100	0	0	1	-80	80;
	11	12	0.0013398623	0.0027450827	3.02770272e-08	100	100	100	0	0	1	-80	80;
	12	13	0.0013398623	0.0027450827	3.02770272e-08	100	100	100	0	0	1	-80	80;
	13	14	0.0013398623	0.0027450827	3.02770272e-08	100	100	100	0	0	1	-80	80;
	14	15	0.0013398623	0.0027450827	3.02770272e-08	100	100	100	0	0	1	-80	80;
	15	16	0.0013398623	0.0027450827	3.02770272e-08	100	100	100	0	0	1	-80	80;
	16	17	0.0013398623	0.0027450827	3.02770272e-08	100	100	100	0	0	1	-80	80;
	17	18	0.0013398623	0.0027450827	3.02770272e-08	100	100	100	0	0	1	-80	80;
	18	19	0.0013398623	0.0027450827	3.02770272e-08	100	100	100	0	0	1	-80	80;
	19	20	0.0013398623	0.0027450827	3.02770272e-08	100	100	100	0	0	1	-80	80;
	20	21	0.0013398623	0.0027450827	3.02770272e-08	100	100	100	0	0	1	-80	80;
	21	22	0.0013398623	0.0027450827	3.02770272e-08	100	100	100	0	0	1	-80	80;
	22	23	0.0013398623	0.0027450827	3.02770272e-08	100	100	100	0	0	1	-80	80;
	23	24	0.0013398623	0.0027450827	3.02770272e-08	100	100	100	0	0	1	-80	80;
	24	25	0.0013398623	0.0027450827	3.02770272e-08	100	100	100	0	0	1	-80	80;
	25	26	0.0013398623	0.0027450827	3.02770272e-08	100	100	100	0	0	1	-80	80;
	26	27	0.0013398623	0.0027450827	3.02770272e-08	100	100	100	0	0	1	-80	80;
	27	28	0.0013398623	0.0027450827	3.02770272e-08	100	100	100	0	0	1	-80	80;
	28	29	0.0013398623	0.0027450827	3.02770272e-08	100	100	100	0	0	1	-80	80;
	1	30	0.0013398623	0.0027450827	3.02770272e-08	100	100	100	0	0	1	-80	80;
	30	31	0.0013398623	0.0027450827	3.02770272e-08	100	100	100	0	0	1	-80	80;
	31	32	0.0013398623	0.0027450827	3.02770272e-08	100	100	100	0	0	1	-80	80;
	32	33	0.0013398623	0.0027450827	3.02770272e-08	100	100	100	0	0	1	-80	80;
	33	34	0.0013398623	0.0027450827	3.02770272e-08	100	100	100	0	0	1	-80	80;
	34	35	0.0013398623	0.0027450827	3.02770272e-08	100	100	100	0	0	1	-80	80;
	35	36	0.0013398623	0.0027450827	3.02770272e-08	100	100	100	0	0	1	-80	80;
	36	37	0.0013398623	0.0027450827	3.02770272e-08	100	100	100	0	0	1	-80	80;
	37	38	0.0013398623	0.0027450827	3.02770272e-08	100	100	100	0	0	1	-80	80;
	38	39	0.0013398623	0.0027450827	3.02770272e-08	100	100	100	0	0	1	-80	80;
	39	40	0.0013398623	0.0027450827	3.02770272e-08	100	100	100	0	0	1	-80	80;
	40	41	0.0013398623	0.0027450827	3.02770272e-08	100	100	100	0	0	1	-80	80;
	41	42	0.0013398623	0.0027450827	3.02770272e-08	100	100	100	0	0	1	-80	80;
	42	43	0.0013398623	0.0027450827	3.02770272e-08	100	100	100	0	0	1	-80	80;
	43	44	0.0013398623	0.0027450827	3.02770272e-08	100	100	100	0	0	1	-80	80;
	44	45	0.0013398623	0.0027450827	3.02770272e-08	100	100	100	0	0	1	-80	80;
	45	46	0.0013398623	0.0027450827	3.02770272e-08	100	100	100	0	0	1	-80	80;
	46	47	0.0013398623	0.0027450827	3.02770272e-08	100	100	100	0	0	1	-80	80;
	47	48	0.0013398623	0.0027450827	3.02770272e-08	100	100	100	0	0	1	-80	80;
	48	49	0.0013398623	0.0027450827	3.02770272e-08	100	100	100	0	0	1	-80	80;
	49	50	0.0013398623	0.0027450827	3.02770272e-08	100	100	100	0	0	1	-80	80;
	50	51	0.0013398623	0.0027450827	3.02770272e-08	100	100	100	0	0	1	-80	80;
	51	52	0.0013398623	0.0027450827	3.02770272e-08	100	100	100	0	0	1	-80	80;
	52	53	0.0013398623	0.0027450827	3.02770272e-08	100	100	100	0	0	1	-80	80;
	53	54	0.0013398623	0.0027450827	3.02770272e-08	100	100	100	0	0	1	-80	80;
	54	55	0.0013398623	0.0027450827	3.02770272e-08	100	100	100	0	0	1	-80	80;
	55	56	0.0013398623	0.0027450827	3.02770272e-08	100	100	100	0	0	1	-80	80;
	56	57	0.0013398623	0.0027450827	3.02770272e-08	100	100	100	0	0	1	-80	80;
	57	58	0.0013398623	0.0027450827	3.02770272e-08	100	100	100	0	0	1	-80	80;
	58	59	0.0013398623	0.0027450827	3.02770272e-08	100	100	100	0	0	1	-80	80;
