function mpc = case_ieee123_storage_1054
%CASE_IEEE123_STORAGE_1054

%% MATPOWER Case Format : Version 2
mpc.version = '2';

%%-----  Power Flow Data  -----%%
%% system MVA base
mpc.baseMVA = 1;

%% bus data
%	bus_i	type	Pd	Qd	Gs	Bs	area	Vm	Va	baseKV	zone	Vmax	Vmin
mpc.bus = [
	1	3	-0.002443	-0.0012215	0	0	1	1	0	4.16	1	1.2	0.8;
	2	1	0.004053	0.0020265	0	0	1	1	0	4.16	1	1.2	0.8;
	3	1	0.000393	0.0001965	0	0	1	1	0	4.16	1	1.2	0.8;
	4	1	-0.000336	-0.000168	0	0	1	1	0	4.16	1	1.2	0.8;
	5	1	-0.00144	-0.00072	0	0	1	1	0	4.16	1	1.2	0.8;
	6	1	1e-10	5e-11	0	0	1	1	0	4.16	1	1.2	0.8;
	7	1	1e-10	5e-11	0	0	1	1	0	4.16	1	1.2	0.8;
	8	1	-0.002349	-0.0011745	0	0	1	1	0	4.16	1	1.2	0.8;
	9	1	-0.002939	-0.0014695	0	0	1	1	0	4.16	1	1.2	0.8;
	10	1	-0.000857	-0.0004285	0	0	1	1	0	4.16	1	1.2	0.8;
	11	1	-0.001792	-0.000896	0	0	1	1	0	4.16	1	1.2	0.8;
	12	1	-0.001702	-0.000851	0	0	1	1	0	4.16	1	1.2	0.8;
	13	1	-0.001238	-0.000619	0	0	1	1	0	4.16	1	1.2	0.8;
	14	1	1e-10	5e-11	0	0	1	1	0	4.16	1	1.2	0.8;
	15	1	-0.001343	-0.0006715	0	0	1	1	0	4.16	1	1.2	0.8;
	16	1	-0.001812	-0.000906	0	0	1	1	0	4.16	1	1.2	0.8;
	17	1	-0.001551	-0.0007755	0	0	1	1	0	4.16	1	1.2	0.8;
	18	1	-0.001261	-0.0006305	0	0	1	1	0	4.16	1	1.2	0.8;
	19	1	-0.002239	-0.0011195	0	0	1	1	0	4.16	1	1.2	0.8;
	20	1	-0.000703	-0.0003515	0	0	1	1	0	4.16	1	1.2	0.8;
	21	1	-0.001895	-0.0009475	0	0	1	1	0	4.16	1	1.2	0.8;
	22	1	-0.000727	-0.0003635	0	0	1	1	0	4.16	1	1.2	0.8;
	23	1	-0.001506	-0.000753	0	0	1	1	0	4.16	1	1.2	0.8;
	24	1	-0.001683	-0.0008415	0	0	1	1	0	4.16	1	1.2	0.8;
	25	1	-0.00116	-0.00058	0	0	1	1	0	4.16	1	1.2	0.8;
	26	1	0.000249	0.0001245	0	0	1	1	0	4.16	1	1.2	0.8;
	27	1	-0.001512	-0.000756	0	0	1	1	0	4.16	1	1.2	0.8;
	28	1	5.7e-05	2.85e-05	0	0	1	1	0	4.16	1	1.2	0.8;
	29	1	-0.002045	-0.0010225	0	0	1	1	0	4.16	1	1.2	0.8;
	30	1	0.001199	0.0005995	0	0	1	1	0	4.16	1	1.2	0.8;
	31	1	-0.000729	-0.0003645	0	0	1	1	0	4.16	1	1.2	0.8;
	32	1	-0.001393	-0.0006965	0	0	1	1	0	4.16	1	1.2	0.8;
	33	1	-0.001034	-0.000517	0	0	1	1	0	4.16	1	1.2	0.8;
	34	1	-0.002667	-0.0013335	0	0	1	1	0	4.16	1	1.2	0.8;
	35	1	-0.001352	-0.000676	0	0	1	1	0	4.16	1	1.2	0.8;
	36	1	-0.001194	-0.000597	0	0	1	1	0	4.16	1	1.2	0.8;
	37	1	-0.000355	-0.0001775	0	0	1	1	0	4.16	1	1.2	0.8;
	38	1	-0.001867	-0.0009335	0	0	1	1	0	4.16	1	1.2	0.8;
	39	1	-0.002333	-0.0011665	0	0	1	1	0	4.16	1	1.2	0.8;
	40	1	-0.00104	-0.00052	0	0	1	1	0	4.16	1	1.2	0.8;
	41	1	-0.002229	-0.0011145	0	0	1	1	0	4.16	1	1.2	0.8;
	42	1	0.000453	0.0002265	0	0	1	1	0	4.16	1	1.2	0.8;
	43	1	-0.002179	-0.0010895	0	0	1	1	0	4.16	1	1.2	0.8;
	44	1	-0.000805	-0.0004025	0	0	1	1	0	4.16	1	1.2	0.8;
	45	1	1e-10	5e-11	0	0	1	1	0	4.16	1	1.2	0.8;
	46	1	-0.000219	-0.0001095	0	0	1	1	0	4.16	1	1.2	0.8;
	47	1	1e-10	5e-11	0	0	1	1	0	4.16	1	1.2	0.8;
	48	1	1e-10	5e-11	0	0	1	1	0	4.16	1	1.2	0.8;
	49	1	0.001014	0.000507	0	0	1	1	0	4.16	1	1.2	0.8;
	50	1	-0.001765	-0.0008825	0	0	1	1	0	4.16	1	1.2	0.8;
	51	1	1e-10	5e-11	0	0	1	1	0	4.16	1	1.2	0.8;
	52	1	1e-10	5e-11	0	0	1	1	0	4.16	1	1.2	0.8;
	53	1	-0.001477	-0.0007385	0	0	1	1	0	4.16	1	1.2	0.8;
	54	1	1e-10	5e-11	0	0	1	1	0	4.16	1	1.2	0.8;
	55	1	1e-10	5e-11	0	0	1	1	0	4.16	1	1.2	0.8;
	56	1	0.00314	0.00157	0	0	1	1	0	4.16	1	1.2	0.8;
	57	1	1e-10	5e-11	0	0	1	1	0	4.16	1	1.2	0.8;
	58	1	1e-10	5e-11	0	0	1	1	0	4.16	1	1.2	0.8;
	59	1	0.000208	0.000104	0	0	1	1	0	4.16	1	1.2	0.8;
	60	1	-0.002697	-0.0013485	0	0	1	1	0	4.16	1	1.2	0.8;
];

%% generator data
%	bus	Pg	Qg	Qmax	Qmin	Vg	mBase	status	Pmax	Pmin	Pc1	Pc2	Qc1min	Qc1max	Qc2min	Qc2max	ramp_agc	ramp_10	ramp_30	ramp_q	apf
mpc.gen = [
	1	-0.0491019988	0	200	-200	1	1	1	200	-200	0	0	0	0	0	0	10	0	0	0	0;
];

%% branch data
%	fbus	tbus	r	x	b	rateA	rateB	rateC	ratio	angle	status	angmin	angmax
mpc.branch = [
	1	2	0.0013398623	0.0027450827	3.02770272e-08	100	100	100	0	0	1	-80	80;
	1	2	0.0013398623	0.0027450827	3.02770272e-08	100	100	100	0	0	1	-80	80;
	2	3	0.0013398623	0.0027450827	3.02770272e-08	100	100	100	0	0	1	-80	80;
	3	4	0.0013398623	0.0027450827	3.02770272e-08	100	100	100	0	0	1	-80	80;
	4	5	0.0013398623	0.0027450827	3.02770272e-08	100	100	100	0	0	1	-80	80;
	5	6	0.0013398623	0.0027450827	3.02770272e-08	100	100	100	0	0	1	-80	80;
	6	7	0.0013398623	0.0027450827	3.02770272e-08	100	100	100	0	0	1	-80	80;
	7	8	0.0013398623	0.0027450827	3.02770272e-08	100	100	100	0	0	1	-80	80;
	8	9	0.0013398623	0.0027450827	3.02770272e-08	100	100	100	0	0	1	-80	80;
	9	10	0.0013398623	0.0027450827	3.02770272e-08	100	100	100	0	0	1	-80	80;
	10	11	0.0013398623	0.0027450827	3.02770272e-08	100	100	100	0	0	1	-80	80;
	11	12	0.0013398623	0.0027450827	3.02770272e-08	100	100	100	0	0	1	-80	80;
	12	13	0.0013398623	0.0027450827	3.02770272e-08	100	100	100	0	0	1	-80	80;
	13	14	0.0013398623	0.0027450827	3.02770272e-08	100	100	100	0	0	1	-80	80;
	14	15	0.0013398623	0.0027450827	3.02770272e-08	100	100	100	0	0	1	-80	80;
	15	16	0.0013398623	0.0027450827	3.02770272e-08	100	100	100	0	0	1	-80	80;
	16	17	0.0013398623	0.0027450827	3.02770272e-08	100	100	100	0	0	1	-80	80;
	17	18	0.0013398623	0.0027450827	3.02770272e-08	100	100	100	0	0	1	-80	80;
	18	19	0.0013398623	0.0027450827	3.02770272e-08	100	100	100	0	0	1	-80	80;
	19	20	0.0013398623	0.0027450827	3.02770272e-08	100	100	100	0	0	1	-80	80;
	20	21	0.0013398623	0.0027450827	3.02770272e-08	100	100	100	0	0	1	-80	80;
	21	22	0.0013398623	0.0027450827	3.02770272e-08	100	100	100	0	0	1	-80	80;
	22	23	0.0013398623	0.0027450827	3.02770272e-08	100	100	100	0	0	1	-80	80;
	23	24	0.0013398623	0.0027450827	3.02770272e-08	100	100	100	0	0	1	-80	80;
	24	25	0.0013398623	0.0027450827	3.02770272e-08	100	100	100	0	0	1	-80	80;
	25	26	0.0013398623	0.0027450827	3.02770272e-08	100	100	100	0	0	1	-80	80;
	26	27	0.0013398623	0.0027450827	3.02770272e-08	100	100	100	0	0	1	-80	80;
	27	28	0.0013398623	0.0027450827	3.02770272e-08	100	100	100	0	0	1	-80	80;
	28	29	0.0013398623	0.0027450827	3.02770272e-08	100	100	100	0	0	1	-80	80;
	1	30	0.0013398623	0.0027450827	3.02770272e-08	100	100	100	0	0	1	-80	80;
	30	31	0.0013398623	0.0027450827	3.02770272e-08	100	100	100	0	0	1	-80	80;
	31	32	0.0013398623	0.0027450827	3.02770272e-08	100	100	100	0	0	1	-80	80;
	32	33	0.0013398623	0.0027450827	3.02770272e-08	100	100	100	0	0	1	-80	80;
	33	34	0.0013398623	0.0027450827	3.02770272e-08	100	100	100	0	0	1	-80	80;
	34	35	0.0013398623	0.0027450827	3.02770272e-08	100	100	100	0	0	1	-80	80;
	35	36	0.0013398623	0.0027450827	3.02770272e-08	100	100	100	0	0	1	-80	80;
	36	37	0.0013398623	0.0027450827	3.02770272e-08	100	100	100	0	0	1	-80	80;
	37	38	0.0013398623	0.0027450827	3.02770272e-08	100	100	100	0	0	1	-80	80;
	38	39	0.0013398623	0.0027450827	3.02770272e-08	100	100	100	0	0	1	-80	80;
	39	40	0.0013398623	0.0027450827	3.02770272e-08	100	100	100	0	0	1	-80	80;
	40	41	0.0013398623	0.0027450827	3.02770272e-08	100	100	100	0	0	1	-80	80;
	41	42	0.0013398623	0.0027450827	3.02770272e-08	100	100	100	0	0	1	-80	80;
	42	43	0.0013398623	0.0027450827	3.02770272e-08	100	100	100	0	0	1	-80	80;
	43	44	0.0013398623	0.0027450827	3.02770272e-08	100	100	100	0	0	1	-80	80;
	44	45	0.0013398623	0.0027450827	3.02770272e-08	100	100	100	0	0	1	-80	80;
	45	46	0.0013398623	0.0027450827	3.02770272e-08	100	100	100	0	0	1	-80	80;
	46	47	0.0013398623	0.0027450827	3.02770272e-08	100	100	100	0	0	1	-80	80;
	47	48	0.0013398623	0.0027450827	3.02770272e-08	100	100	100	0	0	1	-80	80;
	48	49	0.0013398623	0.0027450827	3.02770272e-08	100	100	100	0	0	1	-80	80;
	49	50	0.0013398623	0.0027450827	3.02770272e-08	100	100	100	0	0	1	-80	80;
	50	51	0.0013398623	0.0027450827	3.02770272e-08	100	100	100	0	0	1	-80	80;
	51	52	0.0013398623	0.0027450827	3.02770272e-08	100	100	100	0	0	1	-80	80;
	52	53	0.0013398623	0.0027450827	3.02770272e-08	100	100	100	0	0	1	-80	80;
	53	54	0.0013398623	0.0027450827	3.02770272e-08	100	100	100	0	0	1	-80	80;
	54	55	0.0013398623	0.0027450827	3.02770272e-08	100	100	100	0	0	1	-80	80;
	55	56	0.0013398623	0.0027450827	3.02770272e-08	100	100	100	0	0	1	-80	80;
	56	57	0.0013398623	0.0027450827	3.02770272e-08	100	100	100	0	0	1	-80	80;
	57	58	0.0013398623	0.0027450827	3.02770272e-08	100	100	100	0	0	1	-80	80;
	58	59	0.0013398623	0.0027450827	3.02770272e-08	100	100	100	0	0	1	-80	80;
