function mpc = case_ieee123_storage_1035
%CASE_IEEE123_STORAGE_1035

%% MATPOWER Case Format : Version 2
mpc.version = '2';

%%-----  Power Flow Data  -----%%
%% system MVA base
mpc.baseMVA = 1;

%% bus data
%	bus_i	type	Pd	Qd	Gs	Bs	area	Vm	Va	baseKV	zone	Vmax	Vmin
mpc.bus = [
	1	3	-0.002985	-0.0014925	0	0	1	1	0	4.16	1	1.2	0.8;
	2	1	0.002837	0.0014185	0	0	1	1	0	4.16	1	1.2	0.8;
	3	1	0.000589	0.0002945	0	0	1	1	0	4.16	1	1.2	0.8;
	4	1	-0.000658	-0.000329	0	0	1	1	0	4.16	1	1.2	0.8;
	5	1	-0.001722	-0.000861	0	0	1	1	0	4.16	1	1.2	0.8;
	6	1	1e-10	5e-11	0	0	1	1	0	4.16	1	1.2	0.8;
	7	1	1e-10	5e-11	0	0	1	1	0	4.16	1	1.2	0.8;
	8	1	-0.002681	-0.0013405	0	0	1	1	0	4.16	1	1.2	0.8;
	9	1	-0.003097	-0.0015485	0	0	1	1	0	4.16	1	1.2	0.8;
	10	1	-0.001997	-0.0009985	0	0	1	1	0	4.16	1	1.2	0.8;
	11	1	-0.001805	-0.0009025	0	0	1	1	0	4.16	1	1.2	0.8;
	12	1	-0.002345	-0.0011725	0	0	1	1	0	4.16	1	1.2	0.8;
	13	1	-0.002145	-0.0010725	0	0	1	1	0	4.16	1	1.2	0.8;
	14	1	1e-10	5e-11	0	0	1	1	0	4.16	1	1.2	0.8;
	15	1	-0.00139	-0.000695	0	0	1	1	0	4.16	1	1.2	0.8;
	16	1	-0.002985	-0.0014925	0	0	1	1	0	4.16	1	1.2	0.8;
	17	1	-0.001884	-0.000942	0	0	1	1	0	4.16	1	1.2	0.8;
	18	1	-0.001937	-0.0009685	0	0	1	1	0	4.16	1	1.2	0.8;
	19	1	-0.002445	-0.0012225	0	0	1	1	0	4.16	1	1.2	0.8;
	20	1	-0.00093	-0.000465	0	0	1	1	0	4.16	1	1.2	0.8;
	21	1	-0.002244	-0.001122	0	0	1	1	0	4.16	1	1.2	0.8;
	22	1	-0.00142	-0.00071	0	0	1	1	0	4.16	1	1.2	0.8;
	23	1	-0.001962	-0.000981	0	0	1	1	0	4.16	1	1.2	0.8;
	24	1	0.000499	0.0002495	0	0	1	1	0	4.16	1	1.2	0.8;
	25	1	-0.001407	-0.0007035	0	0	1	1	0	4.16	1	1.2	0.8;
	26	1	0.000125	6.25e-05	0	0	1	1	0	4.16	1	1.2	0.8;
	27	1	-0.00175	-0.000875	0	0	1	1	0	4.16	1	1.2	0.8;
	28	1	0.001675	0.0008375	0	0	1	1	0	4.16	1	1.2	0.8;
	29	1	-0.002326	-0.001163	0	0	1	1	0	4.16	1	1.2	0.8;
	30	1	-0.001199	-0.0005995	0	0	1	1	0	4.16	1	1.2	0.8;
	31	1	-0.00215	-0.001075	0	0	1	1	0	4.16	1	1.2	0.8;
	32	1	-0.00184	-0.00092	0	0	1	1	0	4.16	1	1.2	0.8;
	33	1	-0.001462	-0.000731	0	0	1	1	0	4.16	1	1.2	0.8;
	34	1	-0.003099	-0.0015495	0	0	1	1	0	4.16	1	1.2	0.8;
	35	1	-0.001575	-0.0007875	0	0	1	1	0	4.16	1	1.2	0.8;
	36	1	-0.001463	-0.0007315	0	0	1	1	0	4.16	1	1.2	0.8;
	37	1	-0.001143	-0.0005715	0	0	1	1	0	4.16	1	1.2	0.8;
	38	1	-0.002138	-0.001069	0	0	1	1	0	4.16	1	1.2	0.8;
	39	1	-0.002631	-0.0013155	0	0	1	1	0	4.16	1	1.2	0.8;
	40	1	-0.00174	-0.00087	0	0	1	1	0	4.16	1	1.2	0.8;
	41	1	-0.002642	-0.001321	0	0	1	1	0	4.16	1	1.2	0.8;
	42	1	-0.00248	-0.00124	0	0	1	1	0	4.16	1	1.2	0.8;
	43	1	-0.0024	-0.0012	0	0	1	1	0	4.16	1	1.2	0.8;
	44	1	-0.001389	-0.0006945	0	0	1	1	0	4.16	1	1.2	0.8;
	45	1	1e-10	5e-11	0	0	1	1	0	4.16	1	1.2	0.8;
	46	1	-0.000498	-0.000249	0	0	1	1	0	4.16	1	1.2	0.8;
	47	1	1e-10	5e-11	0	0	1	1	0	4.16	1	1.2	0.8;
	48	1	1e-10	5e-11	0	0	1	1	0	4.16	1	1.2	0.8;
	49	1	0.000783	0.0003915	0	0	1	1	0	4.16	1	1.2	0.8;
	50	1	-0.002217	-0.0011085	0	0	1	1	0	4.16	1	1.2	0.8;
	51	1	1e-10	5e-11	0	0	1	1	0	4.16	1	1.2	0.8;
	52	1	1e-10	5e-11	0	0	1	1	0	4.16	1	1.2	0.8;
	53	1	-0.001681	-0.0008405	0	0	1	1	0	4.16	1	1.2	0.8;
	54	1	1e-10	5e-11	0	0	1	1	0	4.16	1	1.2	0.8;
	55	1	1e-10	5e-11	0	0	1	1	0	4.16	1	1.2	0.8;
	56	1	0.000726	0.000363	0	0	1	1	0	4.16	1	1.2	0.8;
	57	1	1e-10	5e-11	0	0	1	1	0	4.16	1	1.2	0.8;
	58	1	1e-10	5e-11	0	0	1	1	0	4.16	1	1.2	0.8;
	59	1	6.6e-05	3.3e-05	0	0	1	1	0	4.16	1	1.2	0.8;
	60	1	-0.002871	-0.0014355	0	0	1	1	0	4.16	1	1.2	0.8;
];

%% generator data
%	bus	Pg	Qg	Qmax	Qmin	Vg	mBase	status	Pmax	Pmin	Pc1	Pc2	Qc1min	Qc1max	Qc2min	Qc2max	ramp_agc	ramp_10	ramp_30	ramp_q	apf
mpc.gen = [
	1	-0.0714329988	0	200	-200	1	1	1	200	-200	0	0	0	0	0	0	10	0	0	0	0;
];

%% branch data
%	fbus	tbus	r	x	b	rateA	rateB	rateC	ratio	angle	status	angmin	angmax
mpc.branch = [
	1	2	0.0013398623	0.0027450827	3.02770272e-08	100	100	100	0	0	1	-80	80;
	1	2	0.0013398623	0.0027450827	3.02770272e-08	100	100	100	0	0	1	-80	80;
	2	3	0.0013398623	0.0027450827	3.02770272e-08	100	100	100	0	0	1	-80	80;
	3	4	0.0013398623	0.0027450827	3.02770272e-08	100	100	100	0	0	1	-80	80;
	4	5	0.0013398623	0.0027450827	3.02770272e-08	100	100	100	0	0	1	-80	80;
	5	6	0.0013398623	0.0027450827	3.02770272e-08	100	100	100	0	0	1	-80	80;
	6	7	0.0013398623	0.0027450827	3.02770272e-08	100	100	100	0	0	1	-80	80;
	7	8	0.0013398623	0.0027450827	3.02770272e-08	100	100	100	0	0	1	-80	80;
	8	9	0.0013398623	0.0027450827	3.02770272e-08	100	100	100	0	0	1	-80	80;
	9	10	0.0013398623	0.0027450827	3.02770272e-08	100	100	100	0	0	1	-80	80;
	10	11	0.0013398623	0.0027450827	3.02770272e-08	100	100	100	0	0	1	-80	80;
	11	12	0.0013398623	0.0027450827	3.02770272e-08	100	100	100	0	0	1	-80	80;
	12	13	0.0013398623	0.0027450827	3.02770272e-08	100	100	100	0	0	1	-80	80;
	13	14	0.0013398623	0.0027450827	3.02770272e-08	100	100	100	0	0	1	-80	80;
	14	15	0.0013398623	0.0027450827	3.02770272e-08	100	100	100	0	0	1	-80	80;
	15	16	0.0013398623	0.0027450827	3.02770272e-08	100	100	100	0	0	1	-80	80;
	16	17	0.0013398623	0.0027450827	3.02770272e-08	100	100	100	0	0	1	-80	80;
	17	18	0.0013398623	0.0027450827	3.02770272e-08	100	100	100	0	0	1	-80	80;
	18	19	0.0013398623	0.0027450827	3.02770272e-08	100	100	100	0	0	1	-80	80;
	19	20	0.0013398623	0.0027450827	3.02770272e-08	100	100	100	0	0	1	-80	80;
	20	21	0.0013398623	0.0027450827	3.02770272e-08	100	100	100	0	0	1	-80	80;
	21	22	0.0013398623	0.0027450827	3.02770272e-08	100	100	100	0	0	1	-80	80;
	22	23	0.0013398623	0.0027450827	3.02770272e-08	100	100	100	0	0	1	-80	80;
	23	24	0.0013398623	0.0027450827	3.02770272e-08	100	100	100	0	0	1	-80	80;
	24	25	0.0013398623	0.0027450827	3.02770272e-08	100	100	100	0	0	1	-80	80;
	25	26	0.0013398623	0.0027450827	3.02770272e-08	100	100	100	0	0	1	-80	80;
	26	27	0.0013398623	0.0027450827	3.02770272e-08	100	100	100	0	0	1	-80	80;
	27	28	0.0013398623	0.0027450827	3.02770272e-08	100	100	100	0	0	1	-80	80;
	28	29	0.0013398623	0.0027450827	3.02770272e-08	100	100	100	0	0	1	-80	80;
	1	30	0.0013398623	0.0027450827	3.02770272e-08	100	100	100	0	0	1	-80	80;
	30	31	0.0013398623	0.0027450827	3.02770272e-08	100	100	100	0	0	1	-80	80;
	31	32	0.0013398623	0.0027450827	3.02770272e-08	100	100	100	0	0	1	-80	80;
	32	33	0.0013398623	0.0027450827	3.02770272e-08	100	100	100	0	0	1	-80	80;
	33	34	0.0013398623	0.0027450827	3.02770272e-08	100	100	100	0	0	1	-80	80;
	34	35	0.0013398623	0.0027450827	3.02770272e-08	100	100	100	0	0	1	-80	80;
	35	36	0.0013398623	0.0027450827	3.02770272e-08	100	100	100	0	0	1	-80	80;
	36	37	0.0013398623	0.0027450827	3.02770272e-08	100	100	100	0	0	1	-80	80;
	37	38	0.0013398623	0.0027450827	3.02770272e-08	100	100	100	0	0	1	-80	80;
	38	39	0.0013398623	0.0027450827	3.02770272e-08	100	100	100	0	0	1	-80	80;
	39	40	0.0013398623	0.0027450827	3.02770272e-08	100	100	100	0	0	1	-80	80;
	40	41	0.0013398623	0.0027450827	3.02770272e-08	100	100	100	0	0	1	-80	80;
	41	42	0.0013398623	0.0027450827	3.02770272e-08	100	100	100	0	0	1	-80	80;
	42	43	0.0013398623	0.0027450827	3.02770272e-08	100	100	100	0	0	1	-80	80;
	43	44	0.0013398623	0.0027450827	3.02770272e-08	100	100	100	0	0	1	-80	80;
	44	45	0.0013398623	0.0027450827	3.02770272e-08	100	100	100	0	0	1	-80	80;
	45	46	0.0013398623	0.0027450827	3.02770272e-08	100	100	100	0	0	1	-80	80;
	46	47	0.0013398623	0.0027450827	3.02770272e-08	100	100	100	0	0	1	-80	80;
	47	48	0.0013398623	0.0027450827	3.02770272e-08	100	100	100	0	0	1	-80	80;
	48	49	0.0013398623	0.0027450827	3.02770272e-08	100	100	100	0	0	1	-80	80;
	49	50	0.0013398623	0.0027450827	3.02770272e-08	100	100	100	0	0	1	-80	80;
	50	51	0.0013398623	0.0027450827	3.02770272e-08	100	100	100	0	0	1	-80	80;
	51	52	0.0013398623	0.0027450827	3.02770272e-08	100	100	100	0	0	1	-80	80;
	52	53	0.0013398623	0.0027450827	3.02770272e-08	100	100	100	0	0	1	-80	80;
	53	54	0.0013398623	0.0027450827	3.02770272e-08	100	100	100	0	0	1	-80	80;
	54	55	0.0013398623	0.0027450827	3.02770272e-08	100	100	100	0	0	1	-80	80;
	55	56	0.0013398623	0.0027450827	3.02770272e-08	100	100	100	0	0	1	-80	80;
	56	57	0.0013398623	0.0027450827	3.02770272e-08	100	100	100	0	0	1	-80	80;
	57	58	0.0013398623	0.0027450827	3.02770272e-08	100	100	100	0	0	1	-80	80;
	58	59	0.0013398623	0.0027450827	3.02770272e-08	100	100	100	0	0	1	-80	80;
