function mpc = case_ieee123_storage_647
%CASE_IEEE123_STORAGE_647

%% MATPOWER Case Format : Version 2
mpc.version = '2';

%%-----  Power Flow Data  -----%%
%% system MVA base
mpc.baseMVA = 1;

%% bus data
%	bus_i	type	Pd	Qd	Gs	Bs	area	Vm	Va	baseKV	zone	Vmax	Vmin
mpc.bus = [
	1	3	-0.000298	-0.000149	0	0	1	1	0	4.16	1	1.2	0.8;
	2	1	0.001734	0.000867	0	0	1	1	0	4.16	1	1.2	0.8;
	3	1	0.001277	0.0006385	0	0	1	1	0	4.16	1	1.2	0.8;
	4	1	2.1e-05	1.05e-05	0	0	1	1	0	4.16	1	1.2	0.8;
	5	1	0.000163	8.15e-05	0	0	1	1	0	4.16	1	1.2	0.8;
	6	1	1e-10	5e-11	0	0	1	1	0	4.16	1	1.2	0.8;
	7	1	1e-10	5e-11	0	0	1	1	0	4.16	1	1.2	0.8;
	8	1	-0.000334	-0.000167	0	0	1	1	0	4.16	1	1.2	0.8;
	9	1	-0.000353	-0.0001765	0	0	1	1	0	4.16	1	1.2	0.8;
	10	1	-0.000427	-0.0002135	0	0	1	1	0	4.16	1	1.2	0.8;
	11	1	1e-10	5e-11	0	0	1	1	0	4.16	1	1.2	0.8;
	12	1	0.000671	0.0003355	0	0	1	1	0	4.16	1	1.2	0.8;
	13	1	-0.000317	-0.0001585	0	0	1	1	0	4.16	1	1.2	0.8;
	14	1	-0.000306	-0.000153	0	0	1	1	0	4.16	1	1.2	0.8;
	15	1	-0.000353	-0.0001765	0	0	1	1	0	4.16	1	1.2	0.8;
	16	1	1e-10	5e-11	0	0	1	1	0	4.16	1	1.2	0.8;
	17	1	-0.000301	-0.0001505	0	0	1	1	0	4.16	1	1.2	0.8;
	18	1	-0.000239	-0.0001195	0	0	1	1	0	4.16	1	1.2	0.8;
	19	1	-0.000267	-0.0001335	0	0	1	1	0	4.16	1	1.2	0.8;
	20	1	-0.000494	-0.000247	0	0	1	1	0	4.16	1	1.2	0.8;
	21	1	0.000208	0.000104	0	0	1	1	0	4.16	1	1.2	0.8;
	22	1	0.00029	0.000145	0	0	1	1	0	4.16	1	1.2	0.8;
	23	1	-0.000111	-5.55e-05	0	0	1	1	0	4.16	1	1.2	0.8;
	24	1	0.002447	0.0012235	0	0	1	1	0	4.16	1	1.2	0.8;
	25	1	-0.000188	-9.4e-05	0	0	1	1	0	4.16	1	1.2	0.8;
	26	1	0.000254	0.000127	0	0	1	1	0	4.16	1	1.2	0.8;
	27	1	-0.000139	-6.95e-05	0	0	1	1	0	4.16	1	1.2	0.8;
	28	1	-0.000102	-5.1e-05	0	0	1	1	0	4.16	1	1.2	0.8;
	29	1	1e-10	5e-11	0	0	1	1	0	4.16	1	1.2	0.8;
	30	1	-3e-05	-1.5e-05	0	0	1	1	0	4.16	1	1.2	0.8;
	31	1	0.000239	0.0001195	0	0	1	1	0	4.16	1	1.2	0.8;
	32	1	6.7e-05	3.35e-05	0	0	1	1	0	4.16	1	1.2	0.8;
	33	1	0.001388	0.000694	0	0	1	1	0	4.16	1	1.2	0.8;
	34	1	0.000603	0.0003015	0	0	1	1	0	4.16	1	1.2	0.8;
	35	1	0.000387	0.0001935	0	0	1	1	0	4.16	1	1.2	0.8;
	36	1	1e-10	5e-11	0	0	1	1	0	4.16	1	1.2	0.8;
	37	1	-0.00049	-0.000245	0	0	1	1	0	4.16	1	1.2	0.8;
	38	1	1e-10	5e-11	0	0	1	1	0	4.16	1	1.2	0.8;
	39	1	-0.000179	-8.95e-05	0	0	1	1	0	4.16	1	1.2	0.8;
	40	1	0.000162	8.1e-05	0	0	1	1	0	4.16	1	1.2	0.8;
	41	1	-0.000114	-5.7e-05	0	0	1	1	0	4.16	1	1.2	0.8;
	42	1	-0.000389	-0.0001945	0	0	1	1	0	4.16	1	1.2	0.8;
	43	1	-0.000763	-0.0003815	0	0	1	1	0	4.16	1	1.2	0.8;
	44	1	0.001533	0.0007665	0	0	1	1	0	4.16	1	1.2	0.8;
	45	1	0.006457	0.0032285	0	0	1	1	0	4.16	1	1.2	0.8;
	46	1	0.001025	0.0005125	0	0	1	1	0	4.16	1	1.2	0.8;
	47	1	0.001701	0.0008505	0	0	1	1	0	4.16	1	1.2	0.8;
	48	1	-2.5e-05	-1.25e-05	0	0	1	1	0	4.16	1	1.2	0.8;
	49	1	2.1e-05	1.05e-05	0	0	1	1	0	4.16	1	1.2	0.8;
	50	1	-7e-06	-3.5e-06	0	0	1	1	0	4.16	1	1.2	0.8;
	51	1	1e-10	5e-11	0	0	1	1	0	4.16	1	1.2	0.8;
	52	1	-0.000391	-0.0001955	0	0	1	1	0	4.16	1	1.2	0.8;
	53	1	0.000551	0.0002755	0	0	1	1	0	4.16	1	1.2	0.8;
	54	1	-0.000191	-9.55e-05	0	0	1	1	0	4.16	1	1.2	0.8;
	55	1	5.7e-05	2.85e-05	0	0	1	1	0	4.16	1	1.2	0.8;
	56	1	3.7e-05	1.85e-05	0	0	1	1	0	4.16	1	1.2	0.8;
	57	1	1e-10	5e-11	0	0	1	1	0	4.16	1	1.2	0.8;
	58	1	-0.000335	-0.0001675	0	0	1	1	0	4.16	1	1.2	0.8;
	59	1	-0.000103	-5.15e-05	0	0	1	1	0	4.16	1	1.2	0.8;
	60	1	0.000117	5.85e-05	0	0	1	1	0	4.16	1	1.2	0.8;
	61	1	-0.001785	-0.0008925	0	0	1	1	0	4.16	1	1.2	0.8;
	62	1	-0.001733	-0.0008665	0	0	1	1	0	4.16	1	1.2	0.8;
	63	1	-9.1e-05	-4.55e-05	0	0	1	1	0	4.16	1	1.2	0.8;
	64	1	0.001007	0.0005035	0	0	1	1	0	4.16	1	1.2	0.8;
	65	1	0.000264	0.000132	0	0	1	1	0	4.16	1	1.2	0.8;
	66	1	0.000283	0.0001415	0	0	1	1	0	4.16	1	1.2	0.8;
	67	1	0.001353	0.0006765	0	0	1	1	0	4.16	1	1.2	0.8;
	68	1	-6.2e-05	-3.1e-05	0	0	1	1	0	4.16	1	1.2	0.8;
	69	1	1e-10	5e-11	0	0	1	1	0	4.16	1	1.2	0.8;
	70	1	-0.004315	-0.0021575	0	0	1	1	0	4.16	1	1.2	0.8;
	71	1	-0.00036	-0.00018	0	0	1	1	0	4.16	1	1.2	0.8;
	72	1	0.000149	7.45e-05	0	0	1	1	0	4.16	1	1.2	0.8;
	73	1	0.000153	7.65e-05	0	0	1	1	0	4.16	1	1.2	0.8;
	74	1	-5.2e-05	-2.6e-05	0	0	1	1	0	4.16	1	1.2	0.8;
	75	1	-0.000261	-0.0001305	0	0	1	1	0	4.16	1	1.2	0.8;
	76	1	0.0007	0.00035	0	0	1	1	0	4.16	1	1.2	0.8;
	77	1	0.000136	6.8e-05	0	0	1	1	0	4.16	1	1.2	0.8;
	78	1	0.001276	0.000638	0	0	1	1	0	4.16	1	1.2	0.8;
	79	1	0.001814	0.000907	0	0	1	1	0	4.16	1	1.2	0.8;
	80	1	0.000459	0.0002295	0	0	1	1	0	4.16	1	1.2	0.8;
	81	1	-0.00011	-5.5e-05	0	0	1	1	0	4.16	1	1.2	0.8;
	82	1	-0.000112	-5.6e-05	0	0	1	1	0	4.16	1	1.2	0.8;
	83	1	-3.2e-05	-1.6e-05	0	0	1	1	0	4.16	1	1.2	0.8;
	84	1	0.001454	0.000727	0	0	1	1	0	4.16	1	1.2	0.8;
	85	1	-0.00189	-0.000945	0	0	1	1	0	4.16	1	1.2	0.8;
	86	1	0.000308	0.000154	0	0	1	1	0	4.16	1	1.2	0.8;
	87	1	-0.000447	-0.0002235	0	0	1	1	0	4.16	1	1.2	0.8;
	88	1	-0.000161	-8.05e-05	0	0	1	1	0	4.16	1	1.2	0.8;
	89	1	0.00302	0.00151	0	0	1	1	0	4.16	1	1.2	0.8;
	90	1	0.000863	0.0004315	0	0	1	1	0	4.16	1	1.2	0.8;
	91	1	0.000185	9.25e-05	0	0	1	1	0	4.16	1	1.2	0.8;
	92	1	0.002599	0.0012995	0	0	1	1	0	4.16	1	1.2	0.8;
	93	1	0.001611	0.0008055	0	0	1	1	0	4.16	1	1.2	0.8;
	94	1	0.010496	0.005248	0	0	1	1	0	4.16	1	1.2	0.8;
	95	1	0.005926	0.002963	0	0	1	1	0	4.16	1	1.2	0.8;
	96	1	0.000178	8.9e-05	0	0	1	1	0	4.16	1	1.2	0.8;
	97	1	0.000621	0.0003105	0	0	1	1	0	4.16	1	1.2	0.8;
	98	1	0.002613	0.0013065	0	0	1	1	0	4.16	1	1.2	0.8;
	99	1	6.5e-05	3.25e-05	0	0	1	1	0	4.16	1	1.2	0.8;
	100	1	0.00052	0.00026	0	0	1	1	0	4.16	1	1.2	0.8;
	101	1	1e-10	5e-11	0	0	1	1	0	4.16	1	1.2	0.8;
	102	1	0.000538	0.000269	0	0	1	1	0	4.16	1	1.2	0.8;
	103	1	0.000911	0.0004555	0	0	1	1	0	4.16	1	1.2	0.8;
	104	1	-0.001426	-0.000713	0	0	1	1	0	4.16	1	1.2	0.8;
	105	1	0.001954	0.000977	0	0	1	1	0	4.16	1	1.2	0.8;
	106	1	1e-10	5e-11	0	0	1	1	0	4.16	1	1.2	0.8;
	107	1	1e-10	5e-11	0	0	1	1	0	4.16	1	1.2	0.8;
	108	1	0.000985	0.0004925	0	0	1	1	0	4.16	1	1.2	0.8;
	109	1	-0.000421	-0.0002105	0	0	1	1	0	4.16	1	1.2	0.8;
];

%% generator data
%	bus	Pg	Qg	Qmax	Qmin	Vg	mBase	status	Pmax	Pmin	Pc1	Pc2	Qc1min	Qc1max	Qc2min	Qc2max	ramp_agc	ramp_10	ramp_30	ramp_q	apf
mpc.gen = [
	1	17.068	0	200	-200	1	1	1	200	-200	0	0	0	0	0	0	10	0	0	0	0;
];

%% branch data
%	fbus	tbus	r	x	b	rateA	rateB	rateC	ratio	angle	status	angmin	angmax
