function mpc = case_ieee123_storage_896
%CASE_IEEE123_STORAGE_896

%% MATPOWER Case Format : Version 2
mpc.version = '2';

%%-----  Power Flow Data  -----%%
%% system MVA base
mpc.baseMVA = 1;

%% bus data
%	bus_i	type	Pd	Qd	Gs	Bs	area	Vm	Va	baseKV	zone	Vmax	Vmin
mpc.bus = [
	1	3	-0.003911	-0.0019555	0	0	1	1	0	4.16	1	1.2	0.8;
	2	1	0.001074	0.000537	0	0	1	1	0	4.16	1	1.2	0.8;
	3	1	0.000233	0.0001165	0	0	1	1	0	4.16	1	1.2	0.8;
	4	1	-0.00273	-0.001365	0	0	1	1	0	4.16	1	1.2	0.8;
	5	1	-0.002583	-0.0012915	0	0	1	1	0	4.16	1	1.2	0.8;
	6	1	1e-10	5e-11	0	0	1	1	0	4.16	1	1.2	0.8;
	7	1	1e-10	5e-11	0	0	1	1	0	4.16	1	1.2	0.8;
	8	1	-0.003767	-0.0018835	0	0	1	1	0	4.16	1	1.2	0.8;
	9	1	-0.006907	-0.0034535	0	0	1	1	0	4.16	1	1.2	0.8;
	10	1	0.00032	0.00016	0	0	1	1	0	4.16	1	1.2	0.8;
	11	1	-0.00354	-0.00177	0	0	1	1	0	4.16	1	1.2	0.8;
	12	1	-0.004259	-0.0021295	0	0	1	1	0	4.16	1	1.2	0.8;
	13	1	-0.003345	-0.0016725	0	0	1	1	0	4.16	1	1.2	0.8;
	14	1	1e-10	5e-11	0	0	1	1	0	4.16	1	1.2	0.8;
	15	1	-0.003856	-0.001928	0	0	1	1	0	4.16	1	1.2	0.8;
	16	1	-0.004022	-0.002011	0	0	1	1	0	4.16	1	1.2	0.8;
	17	1	-0.004108	-0.002054	0	0	1	1	0	4.16	1	1.2	0.8;
	18	1	-0.004247	-0.0021235	0	0	1	1	0	4.16	1	1.2	0.8;
	19	1	-0.002819	-0.0014095	0	0	1	1	0	4.16	1	1.2	0.8;
	20	1	-0.002749	-0.0013745	0	0	1	1	0	4.16	1	1.2	0.8;
	21	1	-0.004085	-0.0020425	0	0	1	1	0	4.16	1	1.2	0.8;
	22	1	-0.002565	-0.0012825	0	0	1	1	0	4.16	1	1.2	0.8;
	23	1	-0.003444	-0.001722	0	0	1	1	0	4.16	1	1.2	0.8;
	24	1	-0.003501	-0.0017505	0	0	1	1	0	4.16	1	1.2	0.8;
	25	1	-0.002634	-0.001317	0	0	1	1	0	4.16	1	1.2	0.8;
	26	1	0.000251	0.0001255	0	0	1	1	0	4.16	1	1.2	0.8;
	27	1	0.000788	0.000394	0	0	1	1	0	4.16	1	1.2	0.8;
	28	1	-0.001989	-0.0009945	0	0	1	1	0	4.16	1	1.2	0.8;
	29	1	-0.002589	-0.0012945	0	0	1	1	0	4.16	1	1.2	0.8;
	30	1	-0.004045	-0.0020225	0	0	1	1	0	4.16	1	1.2	0.8;
	31	1	-0.004195	-0.0020975	0	0	1	1	0	4.16	1	1.2	0.8;
	32	1	-0.003652	-0.001826	0	0	1	1	0	4.16	1	1.2	0.8;
	33	1	-0.002358	-0.001179	0	0	1	1	0	4.16	1	1.2	0.8;
	34	1	-0.004341	-0.0021705	0	0	1	1	0	4.16	1	1.2	0.8;
	35	1	-0.00298	-0.00149	0	0	1	1	0	4.16	1	1.2	0.8;
	36	1	1e-10	5e-11	0	0	1	1	0	4.16	1	1.2	0.8;
	37	1	-0.003567	-0.0017835	0	0	1	1	0	4.16	1	1.2	0.8;
	38	1	-0.004265	-0.0021325	0	0	1	1	0	4.16	1	1.2	0.8;
	39	1	-0.003499	-0.0017495	0	0	1	1	0	4.16	1	1.2	0.8;
	40	1	-0.002932	-0.001466	0	0	1	1	0	4.16	1	1.2	0.8;
	41	1	-0.006159	-0.0030795	0	0	1	1	0	4.16	1	1.2	0.8;
	42	1	-0.003702	-0.001851	0	0	1	1	0	4.16	1	1.2	0.8;
	43	1	-0.004097	-0.0020485	0	0	1	1	0	4.16	1	1.2	0.8;
	44	1	-0.003896	-0.001948	0	0	1	1	0	4.16	1	1.2	0.8;
	45	1	1e-10	5e-11	0	0	1	1	0	4.16	1	1.2	0.8;
	46	1	-0.001428	-0.000714	0	0	1	1	0	4.16	1	1.2	0.8;
	47	1	1e-10	5e-11	0	0	1	1	0	4.16	1	1.2	0.8;
	48	1	1e-10	5e-11	0	0	1	1	0	4.16	1	1.2	0.8;
	49	1	0.000503	0.0002515	0	0	1	1	0	4.16	1	1.2	0.8;
	50	1	-0.004191	-0.0020955	0	0	1	1	0	4.16	1	1.2	0.8;
	51	1	1e-10	5e-11	0	0	1	1	0	4.16	1	1.2	0.8;
	52	1	1e-10	5e-11	0	0	1	1	0	4.16	1	1.2	0.8;
	53	1	-0.002584	-0.001292	0	0	1	1	0	4.16	1	1.2	0.8;
	54	1	1e-10	5e-11	0	0	1	1	0	4.16	1	1.2	0.8;
	55	1	1e-10	5e-11	0	0	1	1	0	4.16	1	1.2	0.8;
	56	1	-0.002009	-0.0010045	0	0	1	1	0	4.16	1	1.2	0.8;
	57	1	1e-10	5e-11	0	0	1	1	0	4.16	1	1.2	0.8;
	58	1	1e-10	5e-11	0	0	1	1	0	4.16	1	1.2	0.8;
	59	1	0.000195	9.75e-05	0	0	1	1	0	4.16	1	1.2	0.8;
	60	1	-0.003806	-0.001903	0	0	1	1	0	4.16	1	1.2	0.8;
];

%% generator data
%	bus	Pg	Qg	Qmax	Qmin	Vg	mBase	status	Pmax	Pmin	Pc1	Pc2	Qc1min	Qc1max	Qc2min	Qc2max	ramp_agc	ramp_10	ramp_30	ramp_q	apf
mpc.gen = [
	1	-0.137991999	0	200	-200	1	1	1	200	-200	0	0	0	0	0	0	10	0	0	0	0;
];

%% branch data
%	fbus	tbus	r	x	b	rateA	rateB	rateC	ratio	angle	status	angmin	angmax
mpc.branch = [
	1	2	0.0013398623	0.0027450827	3.02770272e-08	100	100	100	0	0	1	-80	80;
	1	2	0.0013398623	0.0027450827	3.02770272e-08	100	100	100	0	0	1	-80	80;
	2	3	0.0013398623	0.0027450827	3.02770272e-08	100	100	100	0	0	1	-80	80;
	3	4	0.0013398623	0.0027450827	3.02770272e-08	100	100	100	0	0	1	-80	80;
	4	5	0.0013398623	0.0027450827	3.02770272e-08	100	100	100	0	0	1	-80	80;
	5	6	0.0013398623	0.0027450827	3.02770272e-08	100	100	100	0	0	1	-80	80;
	6	7	0.0013398623	0.0027450827	3.02770272e-08	100	100	100	0	0	1	-80	80;
	7	8	0.0013398623	0.0027450827	3.02770272e-08	100	100	100	0	0	1	-80	80;
	8	9	0.0013398623	0.0027450827	3.02770272e-08	100	100	100	0	0	1	-80	80;
	9	10	0.0013398623	0.0027450827	3.02770272e-08	100	100	100	0	0	1	-80	80;
	10	11	0.0013398623	0.0027450827	3.02770272e-08	100	100	100	0	0	1	-80	80;
	11	12	0.0013398623	0.0027450827	3.02770272e-08	100	100	100	0	0	1	-80	80;
	12	13	0.0013398623	0.0027450827	3.02770272e-08	100	100	100	0	0	1	-80	80;
	13	14	0.0013398623	0.0027450827	3.02770272e-08	100	100	100	0	0	1	-80	80;
	14	15	0.0013398623	0.0027450827	3.02770272e-08	100	100	100	0	0	1	-80	80;
	15	16	0.0013398623	0.0027450827	3.02770272e-08	100	100	100	0	0	1	-80	80;
	16	17	0.0013398623	0.0027450827	3.02770272e-08	100	100	100	0	0	1	-80	80;
	17	18	0.0013398623	0.0027450827	3.02770272e-08	100	100	100	0	0	1	-80	80;
	18	19	0.0013398623	0.0027450827	3.02770272e-08	100	100	100	0	0	1	-80	80;
	19	20	0.0013398623	0.0027450827	3.02770272e-08	100	100	100	0	0	1	-80	80;
	20	21	0.0013398623	0.0027450827	3.02770272e-08	100	100	100	0	0	1	-80	80;
	21	22	0.0013398623	0.0027450827	3.02770272e-08	100	100	100	0	0	1	-80	80;
	22	23	0.0013398623	0.0027450827	3.02770272e-08	100	100	100	0	0	1	-80	80;
	23	24	0.0013398623	0.0027450827	3.02770272e-08	100	100	100	0	0	1	-80	80;
	24	25	0.0013398623	0.0027450827	3.02770272e-08	100	100	100	0	0	1	-80	80;
	25	26	0.0013398623	0.0027450827	3.02770272e-08	100	100	100	0	0	1	-80	80;
	26	27	0.0013398623	0.0027450827	3.02770272e-08	100	100	100	0	0	1	-80	80;
	27	28	0.0013398623	0.0027450827	3.02770272e-08	100	100	100	0	0	1	-80	80;
	28	29	0.0013398623	0.0027450827	3.02770272e-08	100	100	100	0	0	1	-80	80;
	1	30	0.0013398623	0.0027450827	3.02770272e-08	100	100	100	0	0	1	-80	80;
	30	31	0.0013398623	0.0027450827	3.02770272e-08	100	100	100	0	0	1	-80	80;
	31	32	0.0013398623	0.0027450827	3.02770272e-08	100	100	100	0	0	1	-80	80;
	32	33	0.0013398623	0.0027450827	3.02770272e-08	100	100	100	0	0	1	-80	80;
	33	34	0.0013398623	0.0027450827	3.02770272e-08	100	100	100	0	0	1	-80	80;
	34	35	0.0013398623	0.0027450827	3.02770272e-08	100	100	100	0	0	1	-80	80;
	35	36	0.0013398623	0.0027450827	3.02770272e-08	100	100	100	0	0	1	-80	80;
	36	37	0.0013398623	0.0027450827	3.02770272e-08	100	100	100	0	0	1	-80	80;
	37	38	0.0013398623	0.0027450827	3.02770272e-08	100	100	100	0	0	1	-80	80;
	38	39	0.0013398623	0.0027450827	3.02770272e-08	100	100	100	0	0	1	-80	80;
	39	40	0.0013398623	0.0027450827	3.02770272e-08	100	100	100	0	0	1	-80	80;
	40	41	0.0013398623	0.0027450827	3.02770272e-08	100	100	100	0	0	1	-80	80;
	41	42	0.0013398623	0.0027450827	3.02770272e-08	100	100	100	0	0	1	-80	80;
	42	43	0.0013398623	0.0027450827	3.02770272e-08	100	100	100	0	0	1	-80	80;
	43	44	0.0013398623	0.0027450827	3.02770272e-08	100	100	100	0	0	1	-80	80;
	44	45	0.0013398623	0.0027450827	3.02770272e-08	100	100	100	0	0	1	-80	80;
	45	46	0.0013398623	0.0027450827	3.02770272e-08	100	100	100	0	0	1	-80	80;
	46	47	0.0013398623	0.0027450827	3.02770272e-08	100	100	100	0	0	1	-80	80;
	47	48	0.0013398623	0.0027450827	3.02770272e-08	100	100	100	0	0	1	-80	80;
	48	49	0.0013398623	0.0027450827	3.02770272e-08	100	100	100	0	0	1	-80	80;
	49	50	0.0013398623	0.0027450827	3.02770272e-08	100	100	100	0	0	1	-80	80;
	50	51	0.0013398623	0.0027450827	3.02770272e-08	100	100	100	0	0	1	-80	80;
	51	52	0.0013398623	0.0027450827	3.02770272e-08	100	100	100	0	0	1	-80	80;
	52	53	0.0013398623	0.0027450827	3.02770272e-08	100	100	100	0	0	1	-80	80;
	53	54	0.0013398623	0.0027450827	3.02770272e-08	100	100	100	0	0	1	-80	80;
	54	55	0.0013398623	0.0027450827	3.02770272e-08	100	100	100	0	0	1	-80	80;
	55	56	0.0013398623	0.0027450827	3.02770272e-08	100	100	100	0	0	1	-80	80;
	56	57	0.0013398623	0.0027450827	3.02770272e-08	100	100	100	0	0	1	-80	80;
	57	58	0.0013398623	0.0027450827	3.02770272e-08	100	100	100	0	0	1	-80	80;
	58	59	0.0013398623	0.0027450827	3.02770272e-08	100	100	100	0	0	1	-80	80;
