function mpc = case_ieee123_storage_959
%CASE_IEEE123_STORAGE_959

%% MATPOWER Case Format : Version 2
mpc.version = '2';

%%-----  Power Flow Data  -----%%
%% system MVA base
mpc.baseMVA = 1;

%% bus data
%	bus_i	type	Pd	Qd	Gs	Bs	area	Vm	Va	baseKV	zone	Vmax	Vmin
mpc.bus = [
	1	3	-0.000566	-0.000283	0	0	1	1	0	4.16	1	1.2	0.8;
	2	1	0.002474	0.001237	0	0	1	1	0	4.16	1	1.2	0.8;
	3	1	0.000752	0.000376	0	0	1	1	0	4.16	1	1.2	0.8;
	4	1	-0.000197	-9.85e-05	0	0	1	1	0	4.16	1	1.2	0.8;
	5	1	-0.000219	-0.0001095	0	0	1	1	0	4.16	1	1.2	0.8;
	6	1	1e-10	5e-11	0	0	1	1	0	4.16	1	1.2	0.8;
	7	1	1e-10	5e-11	0	0	1	1	0	4.16	1	1.2	0.8;
	8	1	-0.000294	-0.000147	0	0	1	1	0	4.16	1	1.2	0.8;
	9	1	0.000367	0.0001835	0	0	1	1	0	4.16	1	1.2	0.8;
	10	1	-0.000808	-0.000404	0	0	1	1	0	4.16	1	1.2	0.8;
	11	1	1e-10	5e-11	0	0	1	1	0	4.16	1	1.2	0.8;
	12	1	0.000213	0.0001065	0	0	1	1	0	4.16	1	1.2	0.8;
	13	1	-0.000822	-0.000411	0	0	1	1	0	4.16	1	1.2	0.8;
	14	1	5.9e-05	2.95e-05	0	0	1	1	0	4.16	1	1.2	0.8;
	15	1	-0.000487	-0.0002435	0	0	1	1	0	4.16	1	1.2	0.8;
	16	1	1e-10	5e-11	0	0	1	1	0	4.16	1	1.2	0.8;
	17	1	-0.000815	-0.0004075	0	0	1	1	0	4.16	1	1.2	0.8;
	18	1	-0.000772	-0.000386	0	0	1	1	0	4.16	1	1.2	0.8;
	19	1	-0.0007	-0.00035	0	0	1	1	0	4.16	1	1.2	0.8;
	20	1	-0.000906	-0.000453	0	0	1	1	0	4.16	1	1.2	0.8;
	21	1	-0.000376	-0.000188	0	0	1	1	0	4.16	1	1.2	0.8;
	22	1	0.000568	0.000284	0	0	1	1	0	4.16	1	1.2	0.8;
	23	1	-0.00027	-0.000135	0	0	1	1	0	4.16	1	1.2	0.8;
	24	1	-0.000167	-8.35e-05	0	0	1	1	0	4.16	1	1.2	0.8;
	25	1	-2e-06	-1e-06	0	0	1	1	0	4.16	1	1.2	0.8;
	26	1	0.000137	6.85e-05	0	0	1	1	0	4.16	1	1.2	0.8;
	27	1	-0.000654	-0.000327	0	0	1	1	0	4.16	1	1.2	0.8;
	28	1	-0.000306	-0.000153	0	0	1	1	0	4.16	1	1.2	0.8;
	29	1	1e-10	5e-11	0	0	1	1	0	4.16	1	1.2	0.8;
	30	1	-0.000513	-0.0002565	0	0	1	1	0	4.16	1	1.2	0.8;
	31	1	0.000127	6.35e-05	0	0	1	1	0	4.16	1	1.2	0.8;
	32	1	0.002814	0.001407	0	0	1	1	0	4.16	1	1.2	0.8;
	33	1	0.006493	0.0032465	0	0	1	1	0	4.16	1	1.2	0.8;
	34	1	-0.000247	-0.0001235	0	0	1	1	0	4.16	1	1.2	0.8;
	35	1	0.00035	0.000175	0	0	1	1	0	4.16	1	1.2	0.8;
	36	1	1e-10	5e-11	0	0	1	1	0	4.16	1	1.2	0.8;
	37	1	-0.00053	-0.000265	0	0	1	1	0	4.16	1	1.2	0.8;
	38	1	0.004693	0.0023465	0	0	1	1	0	4.16	1	1.2	0.8;
	39	1	0.000395	0.0001975	0	0	1	1	0	4.16	1	1.2	0.8;
	40	1	-0.000102	-5.1e-05	0	0	1	1	0	4.16	1	1.2	0.8;
	41	1	0.000878	0.000439	0	0	1	1	0	4.16	1	1.2	0.8;
	42	1	-0.000738	-0.000369	0	0	1	1	0	4.16	1	1.2	0.8;
	43	1	0.000435	0.0002175	0	0	1	1	0	4.16	1	1.2	0.8;
	44	1	0.000605	0.0003025	0	0	1	1	0	4.16	1	1.2	0.8;
	45	1	0.003253	0.0016265	0	0	1	1	0	4.16	1	1.2	0.8;
	46	1	0.00072	0.00036	0	0	1	1	0	4.16	1	1.2	0.8;
	47	1	0.000886	0.000443	0	0	1	1	0	4.16	1	1.2	0.8;
	48	1	0.000342	0.000171	0	0	1	1	0	4.16	1	1.2	0.8;
	49	1	-0.000655	-0.0003275	0	0	1	1	0	4.16	1	1.2	0.8;
	50	1	2.1e-05	1.05e-05	0	0	1	1	0	4.16	1	1.2	0.8;
	51	1	1e-10	5e-11	0	0	1	1	0	4.16	1	1.2	0.8;
	52	1	-0.000991	-0.0004955	0	0	1	1	0	4.16	1	1.2	0.8;
	53	1	0.000532	0.000266	0	0	1	1	0	4.16	1	1.2	0.8;
	54	1	-0.000431	-0.0002155	0	0	1	1	0	4.16	1	1.2	0.8;
	55	1	-0.000122	-6.1e-05	0	0	1	1	0	4.16	1	1.2	0.8;
	56	1	-0.000135	-6.75e-05	0	0	1	1	0	4.16	1	1.2	0.8;
	57	1	-0.000283	-0.0001415	0	0	1	1	0	4.16	1	1.2	0.8;
	58	1	-7.3e-05	-3.65e-05	0	0	1	1	0	4.16	1	1.2	0.8;
	59	1	-0.000743	-0.0003715	0	0	1	1	0	4.16	1	1.2	0.8;
	60	1	0.000171	8.55e-05	0	0	1	1	0	4.16	1	1.2	0.8;
	61	1	-0.001817	-0.0009085	0	0	1	1	0	4.16	1	1.2	0.8;
	62	1	0.006103	0.0030515	0	0	1	1	0	4.16	1	1.2	0.8;
	63	1	-0.000579	-0.0002895	0	0	1	1	0	4.16	1	1.2	0.8;
	64	1	0.004705	0.0023525	0	0	1	1	0	4.16	1	1.2	0.8;
	65	1	-0.000122	-6.1e-05	0	0	1	1	0	4.16	1	1.2	0.8;
	66	1	0.001272	0.000636	0	0	1	1	0	4.16	1	1.2	0.8;
	67	1	0.001187	0.0005935	0	0	1	1	0	4.16	1	1.2	0.8;
	68	1	-0.000663	-0.0003315	0	0	1	1	0	4.16	1	1.2	0.8;
	69	1	1e-10	5e-11	0	0	1	1	0	4.16	1	1.2	0.8;
	70	1	-0.00077	-0.000385	0	0	1	1	0	4.16	1	1.2	0.8;
	71	1	-0.000455	-0.0002275	0	0	1	1	0	4.16	1	1.2	0.8;
	72	1	-0.000508	-0.000254	0	0	1	1	0	4.16	1	1.2	0.8;
	73	1	0.001699	0.0008495	0	0	1	1	0	4.16	1	1.2	0.8;
	74	1	-0.000596	-0.000298	0	0	1	1	0	4.16	1	1.2	0.8;
	75	1	-0.000573	-0.0002865	0	0	1	1	0	4.16	1	1.2	0.8;
	76	1	0.00038	0.00019	0	0	1	1	0	4.16	1	1.2	0.8;
	77	1	4.8e-05	2.4e-05	0	0	1	1	0	4.16	1	1.2	0.8;
	78	1	0.000959	0.0004795	0	0	1	1	0	4.16	1	1.2	0.8;
	79	1	0.004364	0.002182	0	0	1	1	0	4.16	1	1.2	0.8;
	80	1	0.000413	0.0002065	0	0	1	1	0	4.16	1	1.2	0.8;
	81	1	-0.000605	-0.0003025	0	0	1	1	0	4.16	1	1.2	0.8;
	82	1	-0.000113	-5.65e-05	0	0	1	1	0	4.16	1	1.2	0.8;
	83	1	-2.2e-05	-1.1e-05	0	0	1	1	0	4.16	1	1.2	0.8;
	84	1	0.000456	0.000228	0	0	1	1	0	4.16	1	1.2	0.8;
	85	1	-0.00018	-9e-05	0	0	1	1	0	4.16	1	1.2	0.8;
	86	1	-0.000178	-8.9e-05	0	0	1	1	0	4.16	1	1.2	0.8;
	87	1	-0.00071	-0.000355	0	0	1	1	0	4.16	1	1.2	0.8;
	88	1	-0.000842	-0.000421	0	0	1	1	0	4.16	1	1.2	0.8;
	89	1	-0.000247	-0.0001235	0	0	1	1	0	4.16	1	1.2	0.8;
	90	1	0.00068	0.00034	0	0	1	1	0	4.16	1	1.2	0.8;
	91	1	0.000574	0.000287	0	0	1	1	0	4.16	1	1.2	0.8;
	92	1	0.007529	0.0037645	0	0	1	1	0	4.16	1	1.2	0.8;
	93	1	0.000841	0.0004205	0	0	1	1	0	4.16	1	1.2	0.8;
	94	1	0.003962	0.001981	0	0	1	1	0	4.16	1	1.2	0.8;
	95	1	0.000564	0.000282	0	0	1	1	0	4.16	1	1.2	0.8;
	96	1	0.000432	0.000216	0	0	1	1	0	4.16	1	1.2	0.8;
	97	1	0.00331	0.001655	0	0	1	1	0	4.16	1	1.2	0.8;
	98	1	0.002063	0.0010315	0	0	1	1	0	4.16	1	1.2	0.8;
	99	1	0.00103	0.000515	0	0	1	1	0	4.16	1	1.2	0.8;
	100	1	0.000379	0.0001895	0	0	1	1	0	4.16	1	1.2	0.8;
	101	1	0.000309	0.0001545	0	0	1	1	0	4.16	1	1.2	0.8;
	102	1	0.000178	8.9e-05	0	0	1	1	0	4.16	1	1.2	0.8;
	103	1	0.000771	0.0003855	0	0	1	1	0	4.16	1	1.2	0.8;
	104	1	-0.000114	-5.7e-05	0	0	1	1	0	4.16	1	1.2	0.8;
	105	1	0.003739	0.0018695	0	0	1	1	0	4.16	1	1.2	0.8;
	106	1	1e-10	5e-11	0	0	1	1	0	4.16	1	1.2	0.8;
	107	1	1e-10	5e-11	0	0	1	1	0	4.16	1	1.2	0.8;
	108	1	0.000632	0.000316	0	0	1	1	0	4.16	1	1.2	0.8;
	109	1	-0.000618	-0.000309	0	0	1	1	0	4.16	1	1.2	0.8;
];

%% generator data
%	bus	Pg	Qg	Qmax	Qmin	Vg	mBase	status	Pmax	Pmin	Pc1	Pc2	Qc1min	Qc1max	Qc2min	Qc2max	ramp_agc	ramp_10	ramp_30	ramp_q	apf
mpc.gen = [
	1	17.068	0	200	-200	1	1	1	200	-200	0	0	0	0	0	0	10	0	0	0	0;
];

%% branch data
%	fbus	tbus	r	x	b	rateA	rateB	rateC	ratio	angle	status	angmin	angmax
