function mpc = case_ieee123_storage_636
%CASE_IEEE123_STORAGE_636

%% MATPOWER Case Format : Version 2
mpc.version = '2';

%%-----  Power Flow Data  -----%%
%% system MVA base
mpc.baseMVA = 1;

%% bus data
%	bus_i	type	Pd	Qd	Gs	Bs	area	Vm	Va	baseKV	zone	Vmax	Vmin
mpc.bus = [
	1	3	-0.001555	-0.0007775	0	0	1	1	0	4.16	1	1.2	0.8;
	2	1	0.000821	0.0004105	0	0	1	1	0	4.16	1	1.2	0.8;
	3	1	0.001298	0.000649	0	0	1	1	0	4.16	1	1.2	0.8;
	4	1	-0.00087	-0.000435	0	0	1	1	0	4.16	1	1.2	0.8;
	5	1	-0.000565	-0.0002825	0	0	1	1	0	4.16	1	1.2	0.8;
	6	1	1e-10	5e-11	0	0	1	1	0	4.16	1	1.2	0.8;
	7	1	1e-10	5e-11	0	0	1	1	0	4.16	1	1.2	0.8;
	8	1	-0.001368	-0.000684	0	0	1	1	0	4.16	1	1.2	0.8;
	9	1	-0.003138	-0.001569	0	0	1	1	0	4.16	1	1.2	0.8;
	10	1	-0.002015	-0.0010075	0	0	1	1	0	4.16	1	1.2	0.8;
	11	1	1e-10	5e-11	0	0	1	1	0	4.16	1	1.2	0.8;
	12	1	-0.001205	-0.0006025	0	0	1	1	0	4.16	1	1.2	0.8;
	13	1	-0.001884	-0.000942	0	0	1	1	0	4.16	1	1.2	0.8;
	14	1	0.00055	0.000275	0	0	1	1	0	4.16	1	1.2	0.8;
	15	1	-0.001472	-0.000736	0	0	1	1	0	4.16	1	1.2	0.8;
	16	1	1e-10	5e-11	0	0	1	1	0	4.16	1	1.2	0.8;
	17	1	-0.001601	-0.0008005	0	0	1	1	0	4.16	1	1.2	0.8;
	18	1	-0.001394	-0.000697	0	0	1	1	0	4.16	1	1.2	0.8;
	19	1	-0.001704	-0.000852	0	0	1	1	0	4.16	1	1.2	0.8;
	20	1	-0.002072	-0.001036	0	0	1	1	0	4.16	1	1.2	0.8;
	21	1	-0.000658	-0.000329	0	0	1	1	0	4.16	1	1.2	0.8;
	22	1	0.00019	9.5e-05	0	0	1	1	0	4.16	1	1.2	0.8;
	23	1	-0.001159	-0.0005795	0	0	1	1	0	4.16	1	1.2	0.8;
	24	1	0.002393	0.0011965	0	0	1	1	0	4.16	1	1.2	0.8;
	25	1	-0.001084	-0.000542	0	0	1	1	0	4.16	1	1.2	0.8;
	26	1	0.000105	5.25e-05	0	0	1	1	0	4.16	1	1.2	0.8;
	27	1	-0.001131	-0.0005655	0	0	1	1	0	4.16	1	1.2	0.8;
	28	1	-0.000722	-0.000361	0	0	1	1	0	4.16	1	1.2	0.8;
	29	1	1e-10	5e-11	0	0	1	1	0	4.16	1	1.2	0.8;
	30	1	-0.001119	-0.0005595	0	0	1	1	0	4.16	1	1.2	0.8;
	31	1	0.000255	0.0001275	0	0	1	1	0	4.16	1	1.2	0.8;
	32	1	-0.000429	-0.0002145	0	0	1	1	0	4.16	1	1.2	0.8;
	33	1	-0.002062	-0.001031	0	0	1	1	0	4.16	1	1.2	0.8;
	34	1	-0.000501	-0.0002505	0	0	1	1	0	4.16	1	1.2	0.8;
	35	1	-0.000567	-0.0002835	0	0	1	1	0	4.16	1	1.2	0.8;
	36	1	1e-10	5e-11	0	0	1	1	0	4.16	1	1.2	0.8;
	37	1	-0.00082	-0.00041	0	0	1	1	0	4.16	1	1.2	0.8;
	38	1	1e-10	5e-11	0	0	1	1	0	4.16	1	1.2	0.8;
	39	1	-6.9e-05	-3.45e-05	0	0	1	1	0	4.16	1	1.2	0.8;
	40	1	-0.000625	-0.0003125	0	0	1	1	0	4.16	1	1.2	0.8;
	41	1	-0.001211	-0.0006055	0	0	1	1	0	4.16	1	1.2	0.8;
	42	1	-0.001912	-0.000956	0	0	1	1	0	4.16	1	1.2	0.8;
	43	1	-0.000316	-0.000158	0	0	1	1	0	4.16	1	1.2	0.8;
	44	1	0.00164	0.00082	0	0	1	1	0	4.16	1	1.2	0.8;
	45	1	0.006039	0.0030195	0	0	1	1	0	4.16	1	1.2	0.8;
	46	1	0.000359	0.0001795	0	0	1	1	0	4.16	1	1.2	0.8;
	47	1	0.000781	0.0003905	0	0	1	1	0	4.16	1	1.2	0.8;
	48	1	-0.000764	-0.000382	0	0	1	1	0	4.16	1	1.2	0.8;
	49	1	-0.001571	-0.0007855	0	0	1	1	0	4.16	1	1.2	0.8;
	50	1	-0.000955	-0.0004775	0	0	1	1	0	4.16	1	1.2	0.8;
	51	1	1e-10	5e-11	0	0	1	1	0	4.16	1	1.2	0.8;
	52	1	-0.001765	-0.0008825	0	0	1	1	0	4.16	1	1.2	0.8;
	53	1	-0.000258	-0.000129	0	0	1	1	0	4.16	1	1.2	0.8;
	54	1	-0.001201	-0.0006005	0	0	1	1	0	4.16	1	1.2	0.8;
	55	1	-0.000759	-0.0003795	0	0	1	1	0	4.16	1	1.2	0.8;
	56	1	-0.001814	-0.000907	0	0	1	1	0	4.16	1	1.2	0.8;
	57	1	1e-10	5e-11	0	0	1	1	0	4.16	1	1.2	0.8;
	58	1	-0.001304	-0.000652	0	0	1	1	0	4.16	1	1.2	0.8;
	59	1	-0.000284	-0.000142	0	0	1	1	0	4.16	1	1.2	0.8;
	60	1	0.000102	5.1e-05	0	0	1	1	0	4.16	1	1.2	0.8;
	61	1	-0.001976	-0.000988	0	0	1	1	0	4.16	1	1.2	0.8;
	62	1	-0.001227	-0.0006135	0	0	1	1	0	4.16	1	1.2	0.8;
	63	1	-0.001227	-0.0006135	0	0	1	1	0	4.16	1	1.2	0.8;
	64	1	-0.000806	-0.000403	0	0	1	1	0	4.16	1	1.2	0.8;
	65	1	-0.000781	-0.0003905	0	0	1	1	0	4.16	1	1.2	0.8;
	66	1	-0.001644	-0.000822	0	0	1	1	0	4.16	1	1.2	0.8;
	67	1	0.000771	0.0003855	0	0	1	1	0	4.16	1	1.2	0.8;
	68	1	-0.002548	-0.001274	0	0	1	1	0	4.16	1	1.2	0.8;
	69	1	1e-10	5e-11	0	0	1	1	0	4.16	1	1.2	0.8;
	70	1	-0.000346	-0.000173	0	0	1	1	0	4.16	1	1.2	0.8;
	71	1	-0.003491	-0.0017455	0	0	1	1	0	4.16	1	1.2	0.8;
	72	1	-0.000763	-0.0003815	0	0	1	1	0	4.16	1	1.2	0.8;
	73	1	0.000166	8.3e-05	0	0	1	1	0	4.16	1	1.2	0.8;
	74	1	-0.001526	-0.000763	0	0	1	1	0	4.16	1	1.2	0.8;
	75	1	-0.001171	-0.0005855	0	0	1	1	0	4.16	1	1.2	0.8;
	76	1	0.000789	0.0003945	0	0	1	1	0	4.16	1	1.2	0.8;
	77	1	-0.000495	-0.0002475	0	0	1	1	0	4.16	1	1.2	0.8;
	78	1	0.000553	0.0002765	0	0	1	1	0	4.16	1	1.2	0.8;
	79	1	0.002965	0.0014825	0	0	1	1	0	4.16	1	1.2	0.8;
	80	1	-0.000463	-0.0002315	0	0	1	1	0	4.16	1	1.2	0.8;
	81	1	-0.001245	-0.0006225	0	0	1	1	0	4.16	1	1.2	0.8;
	82	1	-7.9e-05	-3.95e-05	0	0	1	1	0	4.16	1	1.2	0.8;
	83	1	-0.000805	-0.0004025	0	0	1	1	0	4.16	1	1.2	0.8;
	84	1	0.001512	0.000756	0	0	1	1	0	4.16	1	1.2	0.8;
	85	1	-0.002519	-0.0012595	0	0	1	1	0	4.16	1	1.2	0.8;
	86	1	-0.00039	-0.000195	0	0	1	1	0	4.16	1	1.2	0.8;
	87	1	-0.001818	-0.000909	0	0	1	1	0	4.16	1	1.2	0.8;
	88	1	-0.001769	-0.0008845	0	0	1	1	0	4.16	1	1.2	0.8;
	89	1	-0.000651	-0.0003255	0	0	1	1	0	4.16	1	1.2	0.8;
	90	1	-0.000106	-5.3e-05	0	0	1	1	0	4.16	1	1.2	0.8;
	91	1	9.2e-05	4.6e-05	0	0	1	1	0	4.16	1	1.2	0.8;
	92	1	0.000113	5.65e-05	0	0	1	1	0	4.16	1	1.2	0.8;
	93	1	0.001579	0.0007895	0	0	1	1	0	4.16	1	1.2	0.8;
	94	1	0.005493	0.0027465	0	0	1	1	0	4.16	1	1.2	0.8;
	95	1	0.007369	0.0036845	0	0	1	1	0	4.16	1	1.2	0.8;
	96	1	0.000251	0.0001255	0	0	1	1	0	4.16	1	1.2	0.8;
	97	1	0.000564	0.000282	0	0	1	1	0	4.16	1	1.2	0.8;
	98	1	0.003612	0.001806	0	0	1	1	0	4.16	1	1.2	0.8;
	99	1	6.5e-05	3.25e-05	0	0	1	1	0	4.16	1	1.2	0.8;
	100	1	0.000498	0.000249	0	0	1	1	0	4.16	1	1.2	0.8;
	101	1	1e-10	5e-11	0	0	1	1	0	4.16	1	1.2	0.8;
	102	1	0.000435	0.0002175	0	0	1	1	0	4.16	1	1.2	0.8;
	103	1	0.000965	0.0004825	0	0	1	1	0	4.16	1	1.2	0.8;
	104	1	-0.00072	-0.00036	0	0	1	1	0	4.16	1	1.2	0.8;
	105	1	0.002623	0.0013115	0	0	1	1	0	4.16	1	1.2	0.8;
	106	1	1e-10	5e-11	0	0	1	1	0	4.16	1	1.2	0.8;
	107	1	1e-10	5e-11	0	0	1	1	0	4.16	1	1.2	0.8;
	108	1	0.000926	0.000463	0	0	1	1	0	4.16	1	1.2	0.8;
	109	1	-0.001888	-0.000944	0	0	1	1	0	4.16	1	1.2	0.8;
];

%% generator data
%	bus	Pg	Qg	Qmax	Qmin	Vg	mBase	status	Pmax	Pmin	Pc1	Pc2	Qc1min	Qc1max	Qc2min	Qc2max	ramp_agc	ramp_10	ramp_30	ramp_q	apf
mpc.gen = [
	1	17.068	0	200	-200	1	1	1	200	-200	0	0	0	0	0	0	10	0	0	0	0;
];

%% branch data
%	fbus	tbus	r	x	b	rateA	rateB	rateC	ratio	angle	status	angmin	angmax
