function mpc = case_ieee123_storage_1052
%CASE_IEEE123_STORAGE_1052

%% MATPOWER Case Format : Version 2
mpc.version = '2';

%%-----  Power Flow Data  -----%%
%% system MVA base
mpc.baseMVA = 1;

%% bus data
%	bus_i	type	Pd	Qd	Gs	Bs	area	Vm	Va	baseKV	zone	Vmax	Vmin
mpc.bus = [
	1	3	-0.002431	-0.0012155	0	0	1	1	0	4.16	1	1.2	0.8;
	2	1	0.004014	0.002007	0	0	1	1	0	4.16	1	1.2	0.8;
	3	1	0.000393	0.0001965	0	0	1	1	0	4.16	1	1.2	0.8;
	4	1	-0.000355	-0.0001775	0	0	1	1	0	4.16	1	1.2	0.8;
	5	1	-0.001463	-0.0007315	0	0	1	1	0	4.16	1	1.2	0.8;
	6	1	1e-10	5e-11	0	0	1	1	0	4.16	1	1.2	0.8;
	7	1	1e-10	5e-11	0	0	1	1	0	4.16	1	1.2	0.8;
	8	1	-0.002374	-0.001187	0	0	1	1	0	4.16	1	1.2	0.8;
	9	1	-0.003219	-0.0016095	0	0	1	1	0	4.16	1	1.2	0.8;
	10	1	-0.001317	-0.0006585	0	0	1	1	0	4.16	1	1.2	0.8;
	11	1	-0.001821	-0.0009105	0	0	1	1	0	4.16	1	1.2	0.8;
	12	1	-0.001841	-0.0009205	0	0	1	1	0	4.16	1	1.2	0.8;
	13	1	-0.001692	-0.000846	0	0	1	1	0	4.16	1	1.2	0.8;
	14	1	1e-10	5e-11	0	0	1	1	0	4.16	1	1.2	0.8;
	15	1	-0.001184	-0.000592	0	0	1	1	0	4.16	1	1.2	0.8;
	16	1	-0.001907	-0.0009535	0	0	1	1	0	4.16	1	1.2	0.8;
	17	1	-0.001578	-0.000789	0	0	1	1	0	4.16	1	1.2	0.8;
	18	1	-0.00136	-0.00068	0	0	1	1	0	4.16	1	1.2	0.8;
	19	1	-0.002257	-0.0011285	0	0	1	1	0	4.16	1	1.2	0.8;
	20	1	-0.000673	-0.0003365	0	0	1	1	0	4.16	1	1.2	0.8;
	21	1	-0.001931	-0.0009655	0	0	1	1	0	4.16	1	1.2	0.8;
	22	1	-0.000653	-0.0003265	0	0	1	1	0	4.16	1	1.2	0.8;
	23	1	-0.001552	-0.000776	0	0	1	1	0	4.16	1	1.2	0.8;
	24	1	1.8e-05	9e-06	0	0	1	1	0	4.16	1	1.2	0.8;
	25	1	-0.001068	-0.000534	0	0	1	1	0	4.16	1	1.2	0.8;
	26	1	0.000251	0.0001255	0	0	1	1	0	4.16	1	1.2	0.8;
	27	1	-0.001618	-0.000809	0	0	1	1	0	4.16	1	1.2	0.8;
	28	1	3.2e-05	1.6e-05	0	0	1	1	0	4.16	1	1.2	0.8;
	29	1	-0.002121	-0.0010605	0	0	1	1	0	4.16	1	1.2	0.8;
	30	1	0.001179	0.0005895	0	0	1	1	0	4.16	1	1.2	0.8;
	31	1	5.2e-05	2.6e-05	0	0	1	1	0	4.16	1	1.2	0.8;
	32	1	-0.001431	-0.0007155	0	0	1	1	0	4.16	1	1.2	0.8;
	33	1	-0.001354	-0.000677	0	0	1	1	0	4.16	1	1.2	0.8;
	34	1	-0.002701	-0.0013505	0	0	1	1	0	4.16	1	1.2	0.8;
	35	1	-0.001355	-0.0006775	0	0	1	1	0	4.16	1	1.2	0.8;
	36	1	-0.001212	-0.000606	0	0	1	1	0	4.16	1	1.2	0.8;
	37	1	-0.000493	-0.0002465	0	0	1	1	0	4.16	1	1.2	0.8;
	38	1	-0.001909	-0.0009545	0	0	1	1	0	4.16	1	1.2	0.8;
	39	1	-0.002316	-0.001158	0	0	1	1	0	4.16	1	1.2	0.8;
	40	1	-0.00098	-0.00049	0	0	1	1	0	4.16	1	1.2	0.8;
	41	1	-0.002302	-0.001151	0	0	1	1	0	4.16	1	1.2	0.8;
	42	1	-0.000433	-0.0002165	0	0	1	1	0	4.16	1	1.2	0.8;
	43	1	-0.002215	-0.0011075	0	0	1	1	0	4.16	1	1.2	0.8;
	44	1	-0.000919	-0.0004595	0	0	1	1	0	4.16	1	1.2	0.8;
	45	1	1e-10	5e-11	0	0	1	1	0	4.16	1	1.2	0.8;
	46	1	-0.000162	-8.1e-05	0	0	1	1	0	4.16	1	1.2	0.8;
	47	1	1e-10	5e-11	0	0	1	1	0	4.16	1	1.2	0.8;
	48	1	1e-10	5e-11	0	0	1	1	0	4.16	1	1.2	0.8;
	49	1	0.001041	0.0005205	0	0	1	1	0	4.16	1	1.2	0.8;
	50	1	-0.001829	-0.0009145	0	0	1	1	0	4.16	1	1.2	0.8;
	51	1	1e-10	5e-11	0	0	1	1	0	4.16	1	1.2	0.8;
	52	1	1e-10	5e-11	0	0	1	1	0	4.16	1	1.2	0.8;
	53	1	-0.001497	-0.0007485	0	0	1	1	0	4.16	1	1.2	0.8;
	54	1	1e-10	5e-11	0	0	1	1	0	4.16	1	1.2	0.8;
	55	1	1e-10	5e-11	0	0	1	1	0	4.16	1	1.2	0.8;
	56	1	0.000821	0.0004105	0	0	1	1	0	4.16	1	1.2	0.8;
	57	1	1e-10	5e-11	0	0	1	1	0	4.16	1	1.2	0.8;
	58	1	1e-10	5e-11	0	0	1	1	0	4.16	1	1.2	0.8;
	59	1	9.2e-05	4.6e-05	0	0	1	1	0	4.16	1	1.2	0.8;
	60	1	-0.002727	-0.0013635	0	0	1	1	0	4.16	1	1.2	0.8;
];

%% generator data
%	bus	Pg	Qg	Qmax	Qmin	Vg	mBase	status	Pmax	Pmin	Pc1	Pc2	Qc1min	Qc1max	Qc2min	Qc2max	ramp_agc	ramp_10	ramp_30	ramp_q	apf
mpc.gen = [
	1	-0.0523569988	0	200	-200	1	1	1	200	-200	0	0	0	0	0	0	10	0	0	0	0;
];

%% branch data
%	fbus	tbus	r	x	b	rateA	rateB	rateC	ratio	angle	status	angmin	angmax
mpc.branch = [
	1	2	0.0013398623	0.0027450827	3.02770272e-08	100	100	100	0	0	1	-80	80;
	1	2	0.0013398623	0.0027450827	3.02770272e-08	100	100	100	0	0	1	-80	80;
	2	3	0.0013398623	0.0027450827	3.02770272e-08	100	100	100	0	0	1	-80	80;
	3	4	0.0013398623	0.0027450827	3.02770272e-08	100	100	100	0	0	1	-80	80;
	4	5	0.0013398623	0.0027450827	3.02770272e-08	100	100	100	0	0	1	-80	80;
	5	6	0.0013398623	0.0027450827	3.02770272e-08	100	100	100	0	0	1	-80	80;
	6	7	0.0013398623	0.0027450827	3.02770272e-08	100	100	100	0	0	1	-80	80;
	7	8	0.0013398623	0.0027450827	3.02770272e-08	100	100	100	0	0	1	-80	80;
	8	9	0.0013398623	0.0027450827	3.02770272e-08	100	100	100	0	0	1	-80	80;
	9	10	0.0013398623	0.0027450827	3.02770272e-08	100	100	100	0	0	1	-80	80;
	10	11	0.0013398623	0.0027450827	3.02770272e-08	100	100	100	0	0	1	-80	80;
	11	12	0.0013398623	0.0027450827	3.02770272e-08	100	100	100	0	0	1	-80	80;
	12	13	0.0013398623	0.0027450827	3.02770272e-08	100	100	100	0	0	1	-80	80;
	13	14	0.0013398623	0.0027450827	3.02770272e-08	100	100	100	0	0	1	-80	80;
	14	15	0.0013398623	0.0027450827	3.02770272e-08	100	100	100	0	0	1	-80	80;
	15	16	0.0013398623	0.0027450827	3.02770272e-08	100	100	100	0	0	1	-80	80;
	16	17	0.0013398623	0.0027450827	3.02770272e-08	100	100	100	0	0	1	-80	80;
	17	18	0.0013398623	0.0027450827	3.02770272e-08	100	100	100	0	0	1	-80	80;
	18	19	0.0013398623	0.0027450827	3.02770272e-08	100	100	100	0	0	1	-80	80;
	19	20	0.0013398623	0.0027450827	3.02770272e-08	100	100	100	0	0	1	-80	80;
	20	21	0.0013398623	0.0027450827	3.02770272e-08	100	100	100	0	0	1	-80	80;
	21	22	0.0013398623	0.0027450827	3.02770272e-08	100	100	100	0	0	1	-80	80;
	22	23	0.0013398623	0.0027450827	3.02770272e-08	100	100	100	0	0	1	-80	80;
	23	24	0.0013398623	0.0027450827	3.02770272e-08	100	100	100	0	0	1	-80	80;
	24	25	0.0013398623	0.0027450827	3.02770272e-08	100	100	100	0	0	1	-80	80;
	25	26	0.0013398623	0.0027450827	3.02770272e-08	100	100	100	0	0	1	-80	80;
	26	27	0.0013398623	0.0027450827	3.02770272e-08	100	100	100	0	0	1	-80	80;
	27	28	0.0013398623	0.0027450827	3.02770272e-08	100	100	100	0	0	1	-80	80;
	28	29	0.0013398623	0.0027450827	3.02770272e-08	100	100	100	0	0	1	-80	80;
	1	30	0.0013398623	0.0027450827	3.02770272e-08	100	100	100	0	0	1	-80	80;
	30	31	0.0013398623	0.0027450827	3.02770272e-08	100	100	100	0	0	1	-80	80;
	31	32	0.0013398623	0.0027450827	3.02770272e-08	100	100	100	0	0	1	-80	80;
	32	33	0.0013398623	0.0027450827	3.02770272e-08	100	100	100	0	0	1	-80	80;
	33	34	0.0013398623	0.0027450827	3.02770272e-08	100	100	100	0	0	1	-80	80;
	34	35	0.0013398623	0.0027450827	3.02770272e-08	100	100	100	0	0	1	-80	80;
	35	36	0.0013398623	0.0027450827	3.02770272e-08	100	100	100	0	0	1	-80	80;
	36	37	0.0013398623	0.0027450827	3.02770272e-08	100	100	100	0	0	1	-80	80;
	37	38	0.0013398623	0.0027450827	3.02770272e-08	100	100	100	0	0	1	-80	80;
	38	39	0.0013398623	0.0027450827	3.02770272e-08	100	100	100	0	0	1	-80	80;
	39	40	0.0013398623	0.0027450827	3.02770272e-08	100	100	100	0	0	1	-80	80;
	40	41	0.0013398623	0.0027450827	3.02770272e-08	100	100	100	0	0	1	-80	80;
	41	42	0.0013398623	0.0027450827	3.02770272e-08	100	100	100	0	0	1	-80	80;
	42	43	0.0013398623	0.0027450827	3.02770272e-08	100	100	100	0	0	1	-80	80;
	43	44	0.0013398623	0.0027450827	3.02770272e-08	100	100	100	0	0	1	-80	80;
	44	45	0.0013398623	0.0027450827	3.02770272e-08	100	100	100	0	0	1	-80	80;
	45	46	0.0013398623	0.0027450827	3.02770272e-08	100	100	100	0	0	1	-80	80;
	46	47	0.0013398623	0.0027450827	3.02770272e-08	100	100	100	0	0	1	-80	80;
	47	48	0.0013398623	0.0027450827	3.02770272e-08	100	100	100	0	0	1	-80	80;
	48	49	0.0013398623	0.0027450827	3.02770272e-08	100	100	100	0	0	1	-80	80;
	49	50	0.0013398623	0.0027450827	3.02770272e-08	100	100	100	0	0	1	-80	80;
	50	51	0.0013398623	0.0027450827	3.02770272e-08	100	100	100	0	0	1	-80	80;
	51	52	0.0013398623	0.0027450827	3.02770272e-08	100	100	100	0	0	1	-80	80;
	52	53	0.0013398623	0.0027450827	3.02770272e-08	100	100	100	0	0	1	-80	80;
	53	54	0.0013398623	0.0027450827	3.02770272e-08	100	100	100	0	0	1	-80	80;
	54	55	0.0013398623	0.0027450827	3.02770272e-08	100	100	100	0	0	1	-80	80;
	55	56	0.0013398623	0.0027450827	3.02770272e-08	100	100	100	0	0	1	-80	80;
	56	57	0.0013398623	0.0027450827	3.02770272e-08	100	100	100	0	0	1	-80	80;
	57	58	0.0013398623	0.0027450827	3.02770272e-08	100	100	100	0	0	1	-80	80;
	58	59	0.0013398623	0.0027450827	3.02770272e-08	100	100	100	0	0	1	-80	80;
