function mpc = case_ieee123_storage_746
%CASE_IEEE123_STORAGE_746

%% MATPOWER Case Format : Version 2
mpc.version = '2';

%%-----  Power Flow Data  -----%%
%% system MVA base
mpc.baseMVA = 1;

%% bus data
%	bus_i	type	Pd	Qd	Gs	Bs	area	Vm	Va	baseKV	zone	Vmax	Vmin
mpc.bus = [
	1	3	-0.001757	-0.0008785	0	0	1	1	0	4.16	1	1.2	0.8;
	2	1	0.000387	0.0001935	0	0	1	1	0	4.16	1	1.2	0.8;
	3	1	0.00101	0.000505	0	0	1	1	0	4.16	1	1.2	0.8;
	4	1	-0.000223	-0.0001115	0	0	1	1	0	4.16	1	1.2	0.8;
	5	1	-0.000987	-0.0004935	0	0	1	1	0	4.16	1	1.2	0.8;
	6	1	1e-10	5e-11	0	0	1	1	0	4.16	1	1.2	0.8;
	7	1	1e-10	5e-11	0	0	1	1	0	4.16	1	1.2	0.8;
	8	1	-0.001769	-0.0008845	0	0	1	1	0	4.16	1	1.2	0.8;
	9	1	-0.001565	-0.0007825	0	0	1	1	0	4.16	1	1.2	0.8;
	10	1	-0.001744	-0.000872	0	0	1	1	0	4.16	1	1.2	0.8;
	11	1	1e-10	5e-11	0	0	1	1	0	4.16	1	1.2	0.8;
	12	1	-0.000455	-0.0002275	0	0	1	1	0	4.16	1	1.2	0.8;
	13	1	-0.001691	-0.0008455	0	0	1	1	0	4.16	1	1.2	0.8;
	14	1	0.000536	0.000268	0	0	1	1	0	4.16	1	1.2	0.8;
	15	1	-0.001257	-0.0006285	0	0	1	1	0	4.16	1	1.2	0.8;
	16	1	1e-10	5e-11	0	0	1	1	0	4.16	1	1.2	0.8;
	17	1	-0.001656	-0.000828	0	0	1	1	0	4.16	1	1.2	0.8;
	18	1	-0.00169	-0.000845	0	0	1	1	0	4.16	1	1.2	0.8;
	19	1	-0.001531	-0.0007655	0	0	1	1	0	4.16	1	1.2	0.8;
	20	1	-0.001774	-0.000887	0	0	1	1	0	4.16	1	1.2	0.8;
	21	1	-0.000585	-0.0002925	0	0	1	1	0	4.16	1	1.2	0.8;
	22	1	0.000305	0.0001525	0	0	1	1	0	4.16	1	1.2	0.8;
	23	1	-0.000993	-0.0004965	0	0	1	1	0	4.16	1	1.2	0.8;
	24	1	0.001047	0.0005235	0	0	1	1	0	4.16	1	1.2	0.8;
	25	1	-0.000788	-0.000394	0	0	1	1	0	4.16	1	1.2	0.8;
	26	1	0.000351	0.0001755	0	0	1	1	0	4.16	1	1.2	0.8;
	27	1	-0.001588	-0.000794	0	0	1	1	0	4.16	1	1.2	0.8;
	28	1	-0.001326	-0.000663	0	0	1	1	0	4.16	1	1.2	0.8;
	29	1	1e-10	5e-11	0	0	1	1	0	4.16	1	1.2	0.8;
	30	1	-0.001059	-0.0005295	0	0	1	1	0	4.16	1	1.2	0.8;
	31	1	0.000248	0.000124	0	0	1	1	0	4.16	1	1.2	0.8;
	32	1	-0.000436	-0.000218	0	0	1	1	0	4.16	1	1.2	0.8;
	33	1	0.000218	0.000109	0	0	1	1	0	4.16	1	1.2	0.8;
	34	1	-0.000668	-0.000334	0	0	1	1	0	4.16	1	1.2	0.8;
	35	1	-0.000587	-0.0002935	0	0	1	1	0	4.16	1	1.2	0.8;
	36	1	1e-10	5e-11	0	0	1	1	0	4.16	1	1.2	0.8;
	37	1	0.003157	0.0015785	0	0	1	1	0	4.16	1	1.2	0.8;
	38	1	0.003732	0.001866	0	0	1	1	0	4.16	1	1.2	0.8;
	39	1	0.000427	0.0002135	0	0	1	1	0	4.16	1	1.2	0.8;
	40	1	-0.001237	-0.0006185	0	0	1	1	0	4.16	1	1.2	0.8;
	41	1	-0.001795	-0.0008975	0	0	1	1	0	4.16	1	1.2	0.8;
	42	1	-0.001421	-0.0007105	0	0	1	1	0	4.16	1	1.2	0.8;
	43	1	0.000255	0.0001275	0	0	1	1	0	4.16	1	1.2	0.8;
	44	1	0.002356	0.001178	0	0	1	1	0	4.16	1	1.2	0.8;
	45	1	0.008366	0.004183	0	0	1	1	0	4.16	1	1.2	0.8;
	46	1	-0.000155	-7.75e-05	0	0	1	1	0	4.16	1	1.2	0.8;
	47	1	-0.000334	-0.000167	0	0	1	1	0	4.16	1	1.2	0.8;
	48	1	-0.000769	-0.0003845	0	0	1	1	0	4.16	1	1.2	0.8;
	49	1	-0.001396	-0.000698	0	0	1	1	0	4.16	1	1.2	0.8;
	50	1	-0.00084	-0.00042	0	0	1	1	0	4.16	1	1.2	0.8;
	51	1	1e-10	5e-11	0	0	1	1	0	4.16	1	1.2	0.8;
	52	1	-0.00203	-0.001015	0	0	1	1	0	4.16	1	1.2	0.8;
	53	1	0.001909	0.0009545	0	0	1	1	0	4.16	1	1.2	0.8;
	54	1	-0.001254	-0.000627	0	0	1	1	0	4.16	1	1.2	0.8;
	55	1	-0.000824	-0.000412	0	0	1	1	0	4.16	1	1.2	0.8;
	56	1	-0.001274	-0.000637	0	0	1	1	0	4.16	1	1.2	0.8;
	57	1	-0.000754	-0.000377	0	0	1	1	0	4.16	1	1.2	0.8;
	58	1	-0.001384	-0.000692	0	0	1	1	0	4.16	1	1.2	0.8;
	59	1	-0.001973	-0.0009865	0	0	1	1	0	4.16	1	1.2	0.8;
	60	1	0.000249	0.0001245	0	0	1	1	0	4.16	1	1.2	0.8;
	61	1	-0.000923	-0.0004615	0	0	1	1	0	4.16	1	1.2	0.8;
	62	1	-0.000583	-0.0002915	0	0	1	1	0	4.16	1	1.2	0.8;
	63	1	-0.001588	-0.000794	0	0	1	1	0	4.16	1	1.2	0.8;
	64	1	1.4e-05	7e-06	0	0	1	1	0	4.16	1	1.2	0.8;
	65	1	-0.000851	-0.0004255	0	0	1	1	0	4.16	1	1.2	0.8;
	66	1	-0.000758	-0.000379	0	0	1	1	0	4.16	1	1.2	0.8;
	67	1	-0.000303	-0.0001515	0	0	1	1	0	4.16	1	1.2	0.8;
	68	1	-0.001267	-0.0006335	0	0	1	1	0	4.16	1	1.2	0.8;
	69	1	1e-10	5e-11	0	0	1	1	0	4.16	1	1.2	0.8;
	70	1	-0.000771	-0.0003855	0	0	1	1	0	4.16	1	1.2	0.8;
	71	1	-0.002003	-0.0010015	0	0	1	1	0	4.16	1	1.2	0.8;
	72	1	-0.00142	-0.00071	0	0	1	1	0	4.16	1	1.2	0.8;
	73	1	0.000151	7.55e-05	0	0	1	1	0	4.16	1	1.2	0.8;
	74	1	-0.001863	-0.0009315	0	0	1	1	0	4.16	1	1.2	0.8;
	75	1	-0.001983	-0.0009915	0	0	1	1	0	4.16	1	1.2	0.8;
	76	1	0.000432	0.000216	0	0	1	1	0	4.16	1	1.2	0.8;
	77	1	0.001059	0.0005295	0	0	1	1	0	4.16	1	1.2	0.8;
	78	1	0.000273	0.0001365	0	0	1	1	0	4.16	1	1.2	0.8;
	79	1	0.001617	0.0008085	0	0	1	1	0	4.16	1	1.2	0.8;
	80	1	-0.000721	-0.0003605	0	0	1	1	0	4.16	1	1.2	0.8;
	81	1	-0.001914	-0.000957	0	0	1	1	0	4.16	1	1.2	0.8;
	82	1	-0.00055	-0.000275	0	0	1	1	0	4.16	1	1.2	0.8;
	83	1	-0.000918	-0.000459	0	0	1	1	0	4.16	1	1.2	0.8;
	84	1	0.000718	0.000359	0	0	1	1	0	4.16	1	1.2	0.8;
	85	1	-0.000605	-0.0003025	0	0	1	1	0	4.16	1	1.2	0.8;
	86	1	-0.000609	-0.0003045	0	0	1	1	0	4.16	1	1.2	0.8;
	87	1	-0.001533	-0.0007665	0	0	1	1	0	4.16	1	1.2	0.8;
	88	1	-0.00168	-0.00084	0	0	1	1	0	4.16	1	1.2	0.8;
	89	1	-0.001107	-0.0005535	0	0	1	1	0	4.16	1	1.2	0.8;
	90	1	-0.000498	-0.000249	0	0	1	1	0	4.16	1	1.2	0.8;
	91	1	0.002585	0.0012925	0	0	1	1	0	4.16	1	1.2	0.8;
	92	1	0.00025	0.000125	0	0	1	1	0	4.16	1	1.2	0.8;
	93	1	0.001471	0.0007355	0	0	1	1	0	4.16	1	1.2	0.8;
	94	1	0.006729	0.0033645	0	0	1	1	0	4.16	1	1.2	0.8;
	95	1	0.000778	0.000389	0	0	1	1	0	4.16	1	1.2	0.8;
	96	1	0.000308	0.000154	0	0	1	1	0	4.16	1	1.2	0.8;
	97	1	0.000625	0.0003125	0	0	1	1	0	4.16	1	1.2	0.8;
	98	1	-0.000285	-0.0001425	0	0	1	1	0	4.16	1	1.2	0.8;
	99	1	0.000229	0.0001145	0	0	1	1	0	4.16	1	1.2	0.8;
	100	1	0.00061	0.000305	0	0	1	1	0	4.16	1	1.2	0.8;
	101	1	0.000135	6.75e-05	0	0	1	1	0	4.16	1	1.2	0.8;
	102	1	0.000224	0.000112	0	0	1	1	0	4.16	1	1.2	0.8;
	103	1	0.000619	0.0003095	0	0	1	1	0	4.16	1	1.2	0.8;
	104	1	-0.000978	-0.000489	0	0	1	1	0	4.16	1	1.2	0.8;
	105	1	0.002636	0.001318	0	0	1	1	0	4.16	1	1.2	0.8;
	106	1	1e-10	5e-11	0	0	1	1	0	4.16	1	1.2	0.8;
	107	1	1e-10	5e-11	0	0	1	1	0	4.16	1	1.2	0.8;
	108	1	0.000421	0.0002105	0	0	1	1	0	4.16	1	1.2	0.8;
	109	1	-0.001582	-0.000791	0	0	1	1	0	4.16	1	1.2	0.8;
];

%% generator data
%	bus	Pg	Qg	Qmax	Qmin	Vg	mBase	status	Pmax	Pmin	Pc1	Pc2	Qc1min	Qc1max	Qc2min	Qc2max	ramp_agc	ramp_10	ramp_30	ramp_q	apf
mpc.gen = [
	1	17.068	0	200	-200	1	1	1	200	-200	0	0	0	0	0	0	10	0	0	0	0;
];

%% branch data
%	fbus	tbus	r	x	b	rateA	rateB	rateC	ratio	angle	status	angmin	angmax
