function mpc = case_ieee123_storage_599
%CASE_IEEE123_STORAGE_599

%% MATPOWER Case Format : Version 2
mpc.version = '2';

%%-----  Power Flow Data  -----%%
%% system MVA base
mpc.baseMVA = 1;

%% bus data
%	bus_i	type	Pd	Qd	Gs	Bs	area	Vm	Va	baseKV	zone	Vmax	Vmin
mpc.bus = [
	1	3	-0.000611	-0.0003055	0	0	1	1	0	4.16	1	1.2	0.8;
	2	1	0.00095	0.000475	0	0	1	1	0	4.16	1	1.2	0.8;
	3	1	0.001275	0.0006375	0	0	1	1	0	4.16	1	1.2	0.8;
	4	1	0.000178	8.9e-05	0	0	1	1	0	4.16	1	1.2	0.8;
	5	1	-0.000537	-0.0002685	0	0	1	1	0	4.16	1	1.2	0.8;
	6	1	1e-10	5e-11	0	0	1	1	0	4.16	1	1.2	0.8;
	7	1	1e-10	5e-11	0	0	1	1	0	4.16	1	1.2	0.8;
	8	1	-0.001197	-0.0005985	0	0	1	1	0	4.16	1	1.2	0.8;
	9	1	-0.002057	-0.0010285	0	0	1	1	0	4.16	1	1.2	0.8;
	10	1	-0.001193	-0.0005965	0	0	1	1	0	4.16	1	1.2	0.8;
	11	1	1e-10	5e-11	0	0	1	1	0	4.16	1	1.2	0.8;
	12	1	-0.000717	-0.0003585	0	0	1	1	0	4.16	1	1.2	0.8;
	13	1	-0.000954	-0.000477	0	0	1	1	0	4.16	1	1.2	0.8;
	14	1	0.00069	0.000345	0	0	1	1	0	4.16	1	1.2	0.8;
	15	1	-0.000783	-0.0003915	0	0	1	1	0	4.16	1	1.2	0.8;
	16	1	1e-10	5e-11	0	0	1	1	0	4.16	1	1.2	0.8;
	17	1	-0.000175	-8.75e-05	0	0	1	1	0	4.16	1	1.2	0.8;
	18	1	-0.001042	-0.000521	0	0	1	1	0	4.16	1	1.2	0.8;
	19	1	-0.001188	-0.000594	0	0	1	1	0	4.16	1	1.2	0.8;
	20	1	-0.001036	-0.000518	0	0	1	1	0	4.16	1	1.2	0.8;
	21	1	-0.000557	-0.0002785	0	0	1	1	0	4.16	1	1.2	0.8;
	22	1	0.000188	9.4e-05	0	0	1	1	0	4.16	1	1.2	0.8;
	23	1	-0.000678	-0.000339	0	0	1	1	0	4.16	1	1.2	0.8;
	24	1	-0.000503	-0.0002515	0	0	1	1	0	4.16	1	1.2	0.8;
	25	1	-0.000537	-0.0002685	0	0	1	1	0	4.16	1	1.2	0.8;
	26	1	0.000238	0.000119	0	0	1	1	0	4.16	1	1.2	0.8;
	27	1	-0.000948	-0.000474	0	0	1	1	0	4.16	1	1.2	0.8;
	28	1	-0.000931	-0.0004655	0	0	1	1	0	4.16	1	1.2	0.8;
	29	1	1e-10	5e-11	0	0	1	1	0	4.16	1	1.2	0.8;
	30	1	-0.000633	-0.0003165	0	0	1	1	0	4.16	1	1.2	0.8;
	31	1	0.00024	0.00012	0	0	1	1	0	4.16	1	1.2	0.8;
	32	1	0.000103	5.15e-05	0	0	1	1	0	4.16	1	1.2	0.8;
	33	1	0.000781	0.0003905	0	0	1	1	0	4.16	1	1.2	0.8;
	34	1	-0.000447	-0.0002235	0	0	1	1	0	4.16	1	1.2	0.8;
	35	1	-0.000406	-0.000203	0	0	1	1	0	4.16	1	1.2	0.8;
	36	1	1e-10	5e-11	0	0	1	1	0	4.16	1	1.2	0.8;
	37	1	0.000222	0.000111	0	0	1	1	0	4.16	1	1.2	0.8;
	38	1	1e-10	5e-11	0	0	1	1	0	4.16	1	1.2	0.8;
	39	1	-0.001031	-0.0005155	0	0	1	1	0	4.16	1	1.2	0.8;
	40	1	-0.00016	-8e-05	0	0	1	1	0	4.16	1	1.2	0.8;
	41	1	-0.001068	-0.000534	0	0	1	1	0	4.16	1	1.2	0.8;
	42	1	-0.000692	-0.000346	0	0	1	1	0	4.16	1	1.2	0.8;
	43	1	-4.5e-05	-2.25e-05	0	0	1	1	0	4.16	1	1.2	0.8;
	44	1	0.000954	0.000477	0	0	1	1	0	4.16	1	1.2	0.8;
	45	1	0.006347	0.0031735	0	0	1	1	0	4.16	1	1.2	0.8;
	46	1	0.000648	0.000324	0	0	1	1	0	4.16	1	1.2	0.8;
	47	1	0.000865	0.0004325	0	0	1	1	0	4.16	1	1.2	0.8;
	48	1	-0.000203	-0.0001015	0	0	1	1	0	4.16	1	1.2	0.8;
	49	1	0.000309	0.0001545	0	0	1	1	0	4.16	1	1.2	0.8;
	50	1	-1.4e-05	-7e-06	0	0	1	1	0	4.16	1	1.2	0.8;
	51	1	1e-10	5e-11	0	0	1	1	0	4.16	1	1.2	0.8;
	52	1	-0.001173	-0.0005865	0	0	1	1	0	4.16	1	1.2	0.8;
	53	1	0.00043	0.000215	0	0	1	1	0	4.16	1	1.2	0.8;
	54	1	-0.000843	-0.0004215	0	0	1	1	0	4.16	1	1.2	0.8;
	55	1	-0.000456	-0.000228	0	0	1	1	0	4.16	1	1.2	0.8;
	56	1	-0.00104	-0.00052	0	0	1	1	0	4.16	1	1.2	0.8;
	57	1	-0.000466	-0.000233	0	0	1	1	0	4.16	1	1.2	0.8;
	58	1	-0.000874	-0.000437	0	0	1	1	0	4.16	1	1.2	0.8;
	59	1	-0.00121	-0.000605	0	0	1	1	0	4.16	1	1.2	0.8;
	60	1	0.000218	0.000109	0	0	1	1	0	4.16	1	1.2	0.8;
	61	1	-0.00089	-0.000445	0	0	1	1	0	4.16	1	1.2	0.8;
	62	1	-0.001041	-0.0005205	0	0	1	1	0	4.16	1	1.2	0.8;
	63	1	-0.00091	-0.000455	0	0	1	1	0	4.16	1	1.2	0.8;
	64	1	-0.000259	-0.0001295	0	0	1	1	0	4.16	1	1.2	0.8;
	65	1	6.7e-05	3.35e-05	0	0	1	1	0	4.16	1	1.2	0.8;
	66	1	0.003537	0.0017685	0	0	1	1	0	4.16	1	1.2	0.8;
	67	1	-0.000406	-0.000203	0	0	1	1	0	4.16	1	1.2	0.8;
	68	1	-0.000114	-5.7e-05	0	0	1	1	0	4.16	1	1.2	0.8;
	69	1	1e-10	5e-11	0	0	1	1	0	4.16	1	1.2	0.8;
	70	1	-0.000754	-0.000377	0	0	1	1	0	4.16	1	1.2	0.8;
	71	1	-0.001488	-0.000744	0	0	1	1	0	4.16	1	1.2	0.8;
	72	1	-0.000413	-0.0002065	0	0	1	1	0	4.16	1	1.2	0.8;
	73	1	4.3e-05	2.15e-05	0	0	1	1	0	4.16	1	1.2	0.8;
	74	1	-0.000784	-0.000392	0	0	1	1	0	4.16	1	1.2	0.8;
	75	1	-0.001446	-0.000723	0	0	1	1	0	4.16	1	1.2	0.8;
	76	1	0.000782	0.000391	0	0	1	1	0	4.16	1	1.2	0.8;
	77	1	0.001349	0.0006745	0	0	1	1	0	4.16	1	1.2	0.8;
	78	1	0.000458	0.000229	0	0	1	1	0	4.16	1	1.2	0.8;
	79	1	0.000305	0.0001525	0	0	1	1	0	4.16	1	1.2	0.8;
	80	1	-4.4e-05	-2.2e-05	0	0	1	1	0	4.16	1	1.2	0.8;
	81	1	-0.001116	-0.000558	0	0	1	1	0	4.16	1	1.2	0.8;
	82	1	-0.001592	-0.000796	0	0	1	1	0	4.16	1	1.2	0.8;
	83	1	-7.3e-05	-3.65e-05	0	0	1	1	0	4.16	1	1.2	0.8;
	84	1	0.001218	0.000609	0	0	1	1	0	4.16	1	1.2	0.8;
	85	1	-0.002506	-0.001253	0	0	1	1	0	4.16	1	1.2	0.8;
	86	1	-0.000112	-5.6e-05	0	0	1	1	0	4.16	1	1.2	0.8;
	87	1	-0.001041	-0.0005205	0	0	1	1	0	4.16	1	1.2	0.8;
	88	1	-0.00067	-0.000335	0	0	1	1	0	4.16	1	1.2	0.8;
	89	1	-0.000364	-0.000182	0	0	1	1	0	4.16	1	1.2	0.8;
	90	1	-6.1e-05	-3.05e-05	0	0	1	1	0	4.16	1	1.2	0.8;
	91	1	0.000221	0.0001105	0	0	1	1	0	4.16	1	1.2	0.8;
	92	1	0.000173	8.65e-05	0	0	1	1	0	4.16	1	1.2	0.8;
	93	1	0.001198	0.000599	0	0	1	1	0	4.16	1	1.2	0.8;
	94	1	0.000407	0.0002035	0	0	1	1	0	4.16	1	1.2	0.8;
	95	1	0.000671	0.0003355	0	0	1	1	0	4.16	1	1.2	0.8;
	96	1	0.000162	8.1e-05	0	0	1	1	0	4.16	1	1.2	0.8;
	97	1	0.002978	0.001489	0	0	1	1	0	4.16	1	1.2	0.8;
	98	1	0.002704	0.001352	0	0	1	1	0	4.16	1	1.2	0.8;
	99	1	6.5e-05	3.25e-05	0	0	1	1	0	4.16	1	1.2	0.8;
	100	1	0.001388	0.000694	0	0	1	1	0	4.16	1	1.2	0.8;
	101	1	0.000296	0.000148	0	0	1	1	0	4.16	1	1.2	0.8;
	102	1	0.000306	0.000153	0	0	1	1	0	4.16	1	1.2	0.8;
	103	1	0.001037	0.0005185	0	0	1	1	0	4.16	1	1.2	0.8;
	104	1	-0.001207	-0.0006035	0	0	1	1	0	4.16	1	1.2	0.8;
	105	1	0.002534	0.001267	0	0	1	1	0	4.16	1	1.2	0.8;
	106	1	1e-10	5e-11	0	0	1	1	0	4.16	1	1.2	0.8;
	107	1	1e-10	5e-11	0	0	1	1	0	4.16	1	1.2	0.8;
	108	1	0.001114	0.000557	0	0	1	1	0	4.16	1	1.2	0.8;
	109	1	-0.000989	-0.0004945	0	0	1	1	0	4.16	1	1.2	0.8;
];

%% generator data
%	bus	Pg	Qg	Qmax	Qmin	Vg	mBase	status	Pmax	Pmin	Pc1	Pc2	Qc1min	Qc1max	Qc2min	Qc2max	ramp_agc	ramp_10	ramp_30	ramp_q	apf
mpc.gen = [
	1	17.068	0	200	-200	1	1	1	200	-200	0	0	0	0	0	0	10	0	0	0	0;
];

%% branch data
%	fbus	tbus	r	x	b	rateA	rateB	rateC	ratio	angle	status	angmin	angmax
