function mpc = case_ieee123_storage_92
%CASE_IEEE123_STORAGE_92

%% MATPOWER Case Format : Version 2
mpc.version = '2';

%%-----  Power Flow Data  -----%%
%% system MVA base
mpc.baseMVA = 1;

%% bus data
%	bus_i	type	Pd	Qd	Gs	Bs	area	Vm	Va	baseKV	zone	Vmax	Vmin
mpc.bus = [
	1	3	0.000203	0.0001015	0	0	1	1	0	4.16	1	1.2	0.8;
	2	1	0.0014	0.0007	0	0	1	1	0	4.16	1	1.2	0.8;
	3	1	0.00114	0.00057	0	0	1	1	0	4.16	1	1.2	0.8;
	4	1	0.000172	8.6e-05	0	0	1	1	0	4.16	1	1.2	0.8;
	5	1	0.000195	9.75e-05	0	0	1	1	0	4.16	1	1.2	0.8;
	6	1	1e-10	5e-11	0	0	1	1	0	4.16	1	1.2	0.8;
	7	1	1e-10	5e-11	0	0	1	1	0	4.16	1	1.2	0.8;
	8	1	0.000515	0.0002575	0	0	1	1	0	4.16	1	1.2	0.8;
	9	1	0.002349	0.0011745	0	0	1	1	0	4.16	1	1.2	0.8;
	10	1	0.000311	0.0001555	0	0	1	1	0	4.16	1	1.2	0.8;
	11	1	1e-10	5e-11	0	0	1	1	0	4.16	1	1.2	0.8;
	12	1	0.000719	0.0003595	0	0	1	1	0	4.16	1	1.2	0.8;
	13	1	0.000405	0.0002025	0	0	1	1	0	4.16	1	1.2	0.8;
	14	1	0.001039	0.0005195	0	0	1	1	0	4.16	1	1.2	0.8;
	15	1	0.000345	0.0001725	0	0	1	1	0	4.16	1	1.2	0.8;
	16	1	1e-10	5e-11	0	0	1	1	0	4.16	1	1.2	0.8;
	17	1	0.000216	0.000108	0	0	1	1	0	4.16	1	1.2	0.8;
	18	1	0.000203	0.0001015	0	0	1	1	0	4.16	1	1.2	0.8;
	19	1	0.000444	0.000222	0	0	1	1	0	4.16	1	1.2	0.8;
	20	1	0.000128	6.4e-05	0	0	1	1	0	4.16	1	1.2	0.8;
	21	1	0.000159	7.95e-05	0	0	1	1	0	4.16	1	1.2	0.8;
	22	1	0.000211	0.0001055	0	0	1	1	0	4.16	1	1.2	0.8;
	23	1	0.00019	9.5e-05	0	0	1	1	0	4.16	1	1.2	0.8;
	24	1	0.00025	0.000125	0	0	1	1	0	4.16	1	1.2	0.8;
	25	1	0.000286	0.000143	0	0	1	1	0	4.16	1	1.2	0.8;
	26	1	0.000198	9.9e-05	0	0	1	1	0	4.16	1	1.2	0.8;
	27	1	0.000159	7.95e-05	0	0	1	1	0	4.16	1	1.2	0.8;
	28	1	0.000302	0.000151	0	0	1	1	0	4.16	1	1.2	0.8;
	29	1	1e-10	5e-11	0	0	1	1	0	4.16	1	1.2	0.8;
	30	1	0.00032	0.00016	0	0	1	1	0	4.16	1	1.2	0.8;
	31	1	0.000241	0.0001205	0	0	1	1	0	4.16	1	1.2	0.8;
	32	1	0.000838	0.000419	0	0	1	1	0	4.16	1	1.2	0.8;
	33	1	0.001606	0.000803	0	0	1	1	0	4.16	1	1.2	0.8;
	34	1	0.000471	0.0002355	0	0	1	1	0	4.16	1	1.2	0.8;
	35	1	0.000535	0.0002675	0	0	1	1	0	4.16	1	1.2	0.8;
	36	1	1e-10	5e-11	0	0	1	1	0	4.16	1	1.2	0.8;
	37	1	0.00268	0.00134	0	0	1	1	0	4.16	1	1.2	0.8;
	38	1	0.000657	0.0003285	0	0	1	1	0	4.16	1	1.2	0.8;
	39	1	0.000632	0.000316	0	0	1	1	0	4.16	1	1.2	0.8;
	40	1	0.000463	0.0002315	0	0	1	1	0	4.16	1	1.2	0.8;
	41	1	0.002179	0.0010895	0	0	1	1	0	4.16	1	1.2	0.8;
	42	1	0.00053	0.000265	0	0	1	1	0	4.16	1	1.2	0.8;
	43	1	0.008632	0.004316	0	0	1	1	0	4.16	1	1.2	0.8;
	44	1	0.000596	0.000298	0	0	1	1	0	4.16	1	1.2	0.8;
	45	1	0.00072	0.00036	0	0	1	1	0	4.16	1	1.2	0.8;
	46	1	0.001429	0.0007145	0	0	1	1	0	4.16	1	1.2	0.8;
	47	1	0.00165	0.000825	0	0	1	1	0	4.16	1	1.2	0.8;
	48	1	0.000796	0.000398	0	0	1	1	0	4.16	1	1.2	0.8;
	49	1	0.000331	0.0001655	0	0	1	1	0	4.16	1	1.2	0.8;
	50	1	0.000572	0.000286	0	0	1	1	0	4.16	1	1.2	0.8;
	51	1	1e-10	5e-11	0	0	1	1	0	4.16	1	1.2	0.8;
	52	1	0.000202	0.000101	0	0	1	1	0	4.16	1	1.2	0.8;
	53	1	0.000769	0.0003845	0	0	1	1	0	4.16	1	1.2	0.8;
	54	1	0.000453	0.0002265	0	0	1	1	0	4.16	1	1.2	0.8;
	55	1	0.000345	0.0001725	0	0	1	1	0	4.16	1	1.2	0.8;
	56	1	0.000132	6.6e-05	0	0	1	1	0	4.16	1	1.2	0.8;
	57	1	0.00018	9e-05	0	0	1	1	0	4.16	1	1.2	0.8;
	58	1	0.000135	6.75e-05	0	0	1	1	0	4.16	1	1.2	0.8;
	59	1	0.000372	0.000186	0	0	1	1	0	4.16	1	1.2	0.8;
	60	1	0.000232	0.000116	0	0	1	1	0	4.16	1	1.2	0.8;
	61	1	0.000885	0.0004425	0	0	1	1	0	4.16	1	1.2	0.8;
	62	1	0.000892	0.000446	0	0	1	1	0	4.16	1	1.2	0.8;
	63	1	0.000645	0.0003225	0	0	1	1	0	4.16	1	1.2	0.8;
	64	1	0.000471	0.0002355	0	0	1	1	0	4.16	1	1.2	0.8;
	65	1	0.000636	0.000318	0	0	1	1	0	4.16	1	1.2	0.8;
	66	1	0.000737	0.0003685	0	0	1	1	0	4.16	1	1.2	0.8;
	67	1	0.000293	0.0001465	0	0	1	1	0	4.16	1	1.2	0.8;
	68	1	0.018265	0.0091325	0	0	1	1	0	4.16	1	1.2	0.8;
	69	1	1e-10	5e-11	0	0	1	1	0	4.16	1	1.2	0.8;
	70	1	0.000406	0.000203	0	0	1	1	0	4.16	1	1.2	0.8;
	71	1	0.00058	0.00029	0	0	1	1	0	4.16	1	1.2	0.8;
	72	1	0.000193	9.65e-05	0	0	1	1	0	4.16	1	1.2	0.8;
	73	1	4.3e-05	2.15e-05	0	0	1	1	0	4.16	1	1.2	0.8;
	74	1	0.000214	0.000107	0	0	1	1	0	4.16	1	1.2	0.8;
	75	1	0.000395	0.0001975	0	0	1	1	0	4.16	1	1.2	0.8;
	76	1	0.000378	0.000189	0	0	1	1	0	4.16	1	1.2	0.8;
	77	1	0.000322	0.000161	0	0	1	1	0	4.16	1	1.2	0.8;
	78	1	0.000605	0.0003025	0	0	1	1	0	4.16	1	1.2	0.8;
	79	1	0.000544	0.000272	0	0	1	1	0	4.16	1	1.2	0.8;
	80	1	0.000604	0.000302	0	0	1	1	0	4.16	1	1.2	0.8;
	81	1	0.000351	0.0001755	0	0	1	1	0	4.16	1	1.2	0.8;
	82	1	0.000342	0.000171	0	0	1	1	0	4.16	1	1.2	0.8;
	83	1	0.00023	0.000115	0	0	1	1	0	4.16	1	1.2	0.8;
	84	1	0.000411	0.0002055	0	0	1	1	0	4.16	1	1.2	0.8;
	85	1	0.013151	0.0065755	0	0	1	1	0	4.16	1	1.2	0.8;
	86	1	0.00044	0.00022	0	0	1	1	0	4.16	1	1.2	0.8;
	87	1	0.00034	0.00017	0	0	1	1	0	4.16	1	1.2	0.8;
	88	1	0.000463	0.0002315	0	0	1	1	0	4.16	1	1.2	0.8;
	89	1	0.001059	0.0005295	0	0	1	1	0	4.16	1	1.2	0.8;
	90	1	0.000749	0.0003745	0	0	1	1	0	4.16	1	1.2	0.8;
	91	1	0.000165	8.25e-05	0	0	1	1	0	4.16	1	1.2	0.8;
	92	1	0.00045	0.000225	0	0	1	1	0	4.16	1	1.2	0.8;
	93	1	0.000959	0.0004795	0	0	1	1	0	4.16	1	1.2	0.8;
	94	1	0.000394	0.000197	0	0	1	1	0	4.16	1	1.2	0.8;
	95	1	0.001173	0.0005865	0	0	1	1	0	4.16	1	1.2	0.8;
	96	1	0.001086	0.000543	0	0	1	1	0	4.16	1	1.2	0.8;
	97	1	0.000295	0.0001475	0	0	1	1	0	4.16	1	1.2	0.8;
	98	1	0.001013	0.0005065	0	0	1	1	0	4.16	1	1.2	0.8;
	99	1	6.6e-05	3.3e-05	0	0	1	1	0	4.16	1	1.2	0.8;
	100	1	0.000407	0.0002035	0	0	1	1	0	4.16	1	1.2	0.8;
	101	1	1e-10	5e-11	0	0	1	1	0	4.16	1	1.2	0.8;
	102	1	0.000331	0.0001655	0	0	1	1	0	4.16	1	1.2	0.8;
	103	1	0.001014	0.000507	0	0	1	1	0	4.16	1	1.2	0.8;
	104	1	0.000336	0.000168	0	0	1	1	0	4.16	1	1.2	0.8;
	105	1	0.000769	0.0003845	0	0	1	1	0	4.16	1	1.2	0.8;
	106	1	1e-10	5e-11	0	0	1	1	0	4.16	1	1.2	0.8;
	107	1	1e-10	5e-11	0	0	1	1	0	4.16	1	1.2	0.8;
	108	1	0.000295	0.0001475	0	0	1	1	0	4.16	1	1.2	0.8;
	109	1	0.000329	0.0001645	0	0	1	1	0	4.16	1	1.2	0.8;
];

%% generator data
%	bus	Pg	Qg	Qmax	Qmin	Vg	mBase	status	Pmax	Pmin	Pc1	Pc2	Qc1min	Qc1max	Qc2min	Qc2max	ramp_agc	ramp_10	ramp_30	ramp_q	apf
mpc.gen = [
	1	17.068	0	200	-200	1	1	1	200	-200	0	0	0	0	0	0	10	0	0	0	0;
];

%% branch data
%	fbus	tbus	r	x	b	rateA	rateB	rateC	ratio	angle	status	angmin	angmax
