function mpc = case_ieee123_storage_858
%CASE_IEEE123_STORAGE_858

%% MATPOWER Case Format : Version 2
mpc.version = '2';

%%-----  Power Flow Data  -----%%
%% system MVA base
mpc.baseMVA = 1;

%% bus data
%	bus_i	type	Pd	Qd	Gs	Bs	area	Vm	Va	baseKV	zone	Vmax	Vmin
mpc.bus = [
	1	3	-0.003663	-0.0018315	0	0	1	1	0	4.16	1	1.2	0.8;
	2	1	-0.002285	-0.0011425	0	0	1	1	0	4.16	1	1.2	0.8;
	3	1	0.000385	0.0001925	0	0	1	1	0	4.16	1	1.2	0.8;
	4	1	-0.002714	-0.001357	0	0	1	1	0	4.16	1	1.2	0.8;
	5	1	-0.002388	-0.001194	0	0	1	1	0	4.16	1	1.2	0.8;
	6	1	1e-10	5e-11	0	0	1	1	0	4.16	1	1.2	0.8;
	7	1	1e-10	5e-11	0	0	1	1	0	4.16	1	1.2	0.8;
	8	1	-0.003673	-0.0018365	0	0	1	1	0	4.16	1	1.2	0.8;
	9	1	-0.005312	-0.002656	0	0	1	1	0	4.16	1	1.2	0.8;
	10	1	-0.00382	-0.00191	0	0	1	1	0	4.16	1	1.2	0.8;
	11	1	-0.003373	-0.0016865	0	0	1	1	0	4.16	1	1.2	0.8;
	12	1	-0.00415	-0.002075	0	0	1	1	0	4.16	1	1.2	0.8;
	13	1	-0.003274	-0.001637	0	0	1	1	0	4.16	1	1.2	0.8;
	14	1	1e-10	5e-11	0	0	1	1	0	4.16	1	1.2	0.8;
	15	1	-0.00378	-0.00189	0	0	1	1	0	4.16	1	1.2	0.8;
	16	1	-0.003947	-0.0019735	0	0	1	1	0	4.16	1	1.2	0.8;
	17	1	-0.004429	-0.0022145	0	0	1	1	0	4.16	1	1.2	0.8;
	18	1	-0.004141	-0.0020705	0	0	1	1	0	4.16	1	1.2	0.8;
	19	1	-0.002838	-0.001419	0	0	1	1	0	4.16	1	1.2	0.8;
	20	1	-0.002685	-0.0013425	0	0	1	1	0	4.16	1	1.2	0.8;
	21	1	-0.000694	-0.000347	0	0	1	1	0	4.16	1	1.2	0.8;
	22	1	-0.002595	-0.0012975	0	0	1	1	0	4.16	1	1.2	0.8;
	23	1	-0.003509	-0.0017545	0	0	1	1	0	4.16	1	1.2	0.8;
	24	1	-0.003479	-0.0017395	0	0	1	1	0	4.16	1	1.2	0.8;
	25	1	-0.002547	-0.0012735	0	0	1	1	0	4.16	1	1.2	0.8;
	26	1	0.000246	0.000123	0	0	1	1	0	4.16	1	1.2	0.8;
	27	1	0.000514	0.000257	0	0	1	1	0	4.16	1	1.2	0.8;
	28	1	-0.00201	-0.001005	0	0	1	1	0	4.16	1	1.2	0.8;
	29	1	-0.002469	-0.0012345	0	0	1	1	0	4.16	1	1.2	0.8;
	30	1	-0.003975	-0.0019875	0	0	1	1	0	4.16	1	1.2	0.8;
	31	1	-0.004111	-0.0020555	0	0	1	1	0	4.16	1	1.2	0.8;
	32	1	-0.003584	-0.001792	0	0	1	1	0	4.16	1	1.2	0.8;
	33	1	-0.00228	-0.00114	0	0	1	1	0	4.16	1	1.2	0.8;
	34	1	-0.004368	-0.002184	0	0	1	1	0	4.16	1	1.2	0.8;
	35	1	-0.002887	-0.0014435	0	0	1	1	0	4.16	1	1.2	0.8;
	36	1	1e-10	5e-11	0	0	1	1	0	4.16	1	1.2	0.8;
	37	1	-0.003618	-0.001809	0	0	1	1	0	4.16	1	1.2	0.8;
	38	1	-0.004244	-0.002122	0	0	1	1	0	4.16	1	1.2	0.8;
	39	1	-0.003299	-0.0016495	0	0	1	1	0	4.16	1	1.2	0.8;
	40	1	-0.002837	-0.0014185	0	0	1	1	0	4.16	1	1.2	0.8;
	41	1	-0.006143	-0.0030715	0	0	1	1	0	4.16	1	1.2	0.8;
	42	1	-0.002997	-0.0014985	0	0	1	1	0	4.16	1	1.2	0.8;
	43	1	-0.004054	-0.002027	0	0	1	1	0	4.16	1	1.2	0.8;
	44	1	-0.004148	-0.002074	0	0	1	1	0	4.16	1	1.2	0.8;
	45	1	1e-10	5e-11	0	0	1	1	0	4.16	1	1.2	0.8;
	46	1	-6e-06	-3e-06	0	0	1	1	0	4.16	1	1.2	0.8;
	47	1	1e-10	5e-11	0	0	1	1	0	4.16	1	1.2	0.8;
	48	1	1e-10	5e-11	0	0	1	1	0	4.16	1	1.2	0.8;
	49	1	0.000511	0.0002555	0	0	1	1	0	4.16	1	1.2	0.8;
	50	1	-0.004018	-0.002009	0	0	1	1	0	4.16	1	1.2	0.8;
	51	1	1e-10	5e-11	0	0	1	1	0	4.16	1	1.2	0.8;
	52	1	1e-10	5e-11	0	0	1	1	0	4.16	1	1.2	0.8;
	53	1	0.000184	9.2e-05	0	0	1	1	0	4.16	1	1.2	0.8;
	54	1	1e-10	5e-11	0	0	1	1	0	4.16	1	1.2	0.8;
	55	1	1e-10	5e-11	0	0	1	1	0	4.16	1	1.2	0.8;
	56	1	-0.003321	-0.0016605	0	0	1	1	0	4.16	1	1.2	0.8;
	57	1	1e-10	5e-11	0	0	1	1	0	4.16	1	1.2	0.8;
	58	1	1e-10	5e-11	0	0	1	1	0	4.16	1	1.2	0.8;
	59	1	6.6e-05	3.3e-05	0	0	1	1	0	4.16	1	1.2	0.8;
	60	1	-0.003807	-0.0019035	0	0	1	1	0	4.16	1	1.2	0.8;
];

%% generator data
%	bus	Pg	Qg	Qmax	Qmin	Vg	mBase	status	Pmax	Pmin	Pc1	Pc2	Qc1min	Qc1max	Qc2min	Qc2max	ramp_agc	ramp_10	ramp_30	ramp_q	apf
mpc.gen = [
	1	-0.135565999	0	200	-200	1	1	1	200	-200	0	0	0	0	0	0	10	0	0	0	0;
];

%% branch data
%	fbus	tbus	r	x	b	rateA	rateB	rateC	ratio	angle	status	angmin	angmax
mpc.branch = [
	1	2	0.0013398623	0.0027450827	3.02770272e-08	100	100	100	0	0	1	-80	80;
	1	2	0.0013398623	0.0027450827	3.02770272e-08	100	100	100	0	0	1	-80	80;
	2	3	0.0013398623	0.0027450827	3.02770272e-08	100	100	100	0	0	1	-80	80;
	3	4	0.0013398623	0.0027450827	3.02770272e-08	100	100	100	0	0	1	-80	80;
	4	5	0.0013398623	0.0027450827	3.02770272e-08	100	100	100	0	0	1	-80	80;
	5	6	0.0013398623	0.0027450827	3.02770272e-08	100	100	100	0	0	1	-80	80;
	6	7	0.0013398623	0.0027450827	3.02770272e-08	100	100	100	0	0	1	-80	80;
	7	8	0.0013398623	0.0027450827	3.02770272e-08	100	100	100	0	0	1	-80	80;
	8	9	0.0013398623	0.0027450827	3.02770272e-08	100	100	100	0	0	1	-80	80;
	9	10	0.0013398623	0.0027450827	3.02770272e-08	100	100	100	0	0	1	-80	80;
	10	11	0.0013398623	0.0027450827	3.02770272e-08	100	100	100	0	0	1	-80	80;
	11	12	0.0013398623	0.0027450827	3.02770272e-08	100	100	100	0	0	1	-80	80;
	12	13	0.0013398623	0.0027450827	3.02770272e-08	100	100	100	0	0	1	-80	80;
	13	14	0.0013398623	0.0027450827	3.02770272e-08	100	100	100	0	0	1	-80	80;
	14	15	0.0013398623	0.0027450827	3.02770272e-08	100	100	100	0	0	1	-80	80;
	15	16	0.0013398623	0.0027450827	3.02770272e-08	100	100	100	0	0	1	-80	80;
	16	17	0.0013398623	0.0027450827	3.02770272e-08	100	100	100	0	0	1	-80	80;
	17	18	0.0013398623	0.0027450827	3.02770272e-08	100	100	100	0	0	1	-80	80;
	18	19	0.0013398623	0.0027450827	3.02770272e-08	100	100	100	0	0	1	-80	80;
	19	20	0.0013398623	0.0027450827	3.02770272e-08	100	100	100	0	0	1	-80	80;
	20	21	0.0013398623	0.0027450827	3.02770272e-08	100	100	100	0	0	1	-80	80;
	21	22	0.0013398623	0.0027450827	3.02770272e-08	100	100	100	0	0	1	-80	80;
	22	23	0.0013398623	0.0027450827	3.02770272e-08	100	100	100	0	0	1	-80	80;
	23	24	0.0013398623	0.0027450827	3.02770272e-08	100	100	100	0	0	1	-80	80;
	24	25	0.0013398623	0.0027450827	3.02770272e-08	100	100	100	0	0	1	-80	80;
	25	26	0.0013398623	0.0027450827	3.02770272e-08	100	100	100	0	0	1	-80	80;
	26	27	0.0013398623	0.0027450827	3.02770272e-08	100	100	100	0	0	1	-80	80;
	27	28	0.0013398623	0.0027450827	3.02770272e-08	100	100	100	0	0	1	-80	80;
	28	29	0.0013398623	0.0027450827	3.02770272e-08	100	100	100	0	0	1	-80	80;
	1	30	0.0013398623	0.0027450827	3.02770272e-08	100	100	100	0	0	1	-80	80;
	30	31	0.0013398623	0.0027450827	3.02770272e-08	100	100	100	0	0	1	-80	80;
	31	32	0.0013398623	0.0027450827	3.02770272e-08	100	100	100	0	0	1	-80	80;
	32	33	0.0013398623	0.0027450827	3.02770272e-08	100	100	100	0	0	1	-80	80;
	33	34	0.0013398623	0.0027450827	3.02770272e-08	100	100	100	0	0	1	-80	80;
	34	35	0.0013398623	0.0027450827	3.02770272e-08	100	100	100	0	0	1	-80	80;
	35	36	0.0013398623	0.0027450827	3.02770272e-08	100	100	100	0	0	1	-80	80;
	36	37	0.0013398623	0.0027450827	3.02770272e-08	100	100	100	0	0	1	-80	80;
	37	38	0.0013398623	0.0027450827	3.02770272e-08	100	100	100	0	0	1	-80	80;
	38	39	0.0013398623	0.0027450827	3.02770272e-08	100	100	100	0	0	1	-80	80;
	39	40	0.0013398623	0.0027450827	3.02770272e-08	100	100	100	0	0	1	-80	80;
	40	41	0.0013398623	0.0027450827	3.02770272e-08	100	100	100	0	0	1	-80	80;
	41	42	0.0013398623	0.0027450827	3.02770272e-08	100	100	100	0	0	1	-80	80;
	42	43	0.0013398623	0.0027450827	3.02770272e-08	100	100	100	0	0	1	-80	80;
	43	44	0.0013398623	0.0027450827	3.02770272e-08	100	100	100	0	0	1	-80	80;
	44	45	0.0013398623	0.0027450827	3.02770272e-08	100	100	100	0	0	1	-80	80;
	45	46	0.0013398623	0.0027450827	3.02770272e-08	100	100	100	0	0	1	-80	80;
	46	47	0.0013398623	0.0027450827	3.02770272e-08	100	100	100	0	0	1	-80	80;
	47	48	0.0013398623	0.0027450827	3.02770272e-08	100	100	100	0	0	1	-80	80;
	48	49	0.0013398623	0.0027450827	3.02770272e-08	100	100	100	0	0	1	-80	80;
	49	50	0.0013398623	0.0027450827	3.02770272e-08	100	100	100	0	0	1	-80	80;
	50	51	0.0013398623	0.0027450827	3.02770272e-08	100	100	100	0	0	1	-80	80;
	51	52	0.0013398623	0.0027450827	3.02770272e-08	100	100	100	0	0	1	-80	80;
	52	53	0.0013398623	0.0027450827	3.02770272e-08	100	100	100	0	0	1	-80	80;
	53	54	0.0013398623	0.0027450827	3.02770272e-08	100	100	100	0	0	1	-80	80;
	54	55	0.0013398623	0.0027450827	3.02770272e-08	100	100	100	0	0	1	-80	80;
	55	56	0.0013398623	0.0027450827	3.02770272e-08	100	100	100	0	0	1	-80	80;
	56	57	0.0013398623	0.0027450827	3.02770272e-08	100	100	100	0	0	1	-80	80;
	57	58	0.0013398623	0.0027450827	3.02770272e-08	100	100	100	0	0	1	-80	80;
	58	59	0.0013398623	0.0027450827	3.02770272e-08	100	100	100	0	0	1	-80	80;
