function mpc = case_ieee123_storage_997
%CASE_IEEE123_STORAGE_997

%% MATPOWER Case Format : Version 2
mpc.version = '2';

%%-----  Power Flow Data  -----%%
%% system MVA base
mpc.baseMVA = 1;

%% bus data
%	bus_i	type	Pd	Qd	Gs	Bs	area	Vm	Va	baseKV	zone	Vmax	Vmin
mpc.bus = [
	1	3	-0.003471	-0.0017355	0	0	1	1	0	4.16	1	1.2	0.8;
	2	1	0.002012	0.001006	0	0	1	1	0	4.16	1	1.2	0.8;
	3	1	0.00088	0.00044	0	0	1	1	0	4.16	1	1.2	0.8;
	4	1	-0.00204	-0.00102	0	0	1	1	0	4.16	1	1.2	0.8;
	5	1	-0.002119	-0.0010595	0	0	1	1	0	4.16	1	1.2	0.8;
	6	1	1e-10	5e-11	0	0	1	1	0	4.16	1	1.2	0.8;
	7	1	1e-10	5e-11	0	0	1	1	0	4.16	1	1.2	0.8;
	8	1	-0.003125	-0.0015625	0	0	1	1	0	4.16	1	1.2	0.8;
	9	1	-0.002831	-0.0014155	0	0	1	1	0	4.16	1	1.2	0.8;
	10	1	-0.002874	-0.001437	0	0	1	1	0	4.16	1	1.2	0.8;
	11	1	0.000917	0.0004585	0	0	1	1	0	4.16	1	1.2	0.8;
	12	1	-0.003316	-0.001658	0	0	1	1	0	4.16	1	1.2	0.8;
	13	1	-0.002744	-0.001372	0	0	1	1	0	4.16	1	1.2	0.8;
	14	1	1e-10	5e-11	0	0	1	1	0	4.16	1	1.2	0.8;
	15	1	-0.003282	-0.001641	0	0	1	1	0	4.16	1	1.2	0.8;
	16	1	-0.003522	-0.001761	0	0	1	1	0	4.16	1	1.2	0.8;
	17	1	-0.002582	-0.001291	0	0	1	1	0	4.16	1	1.2	0.8;
	18	1	-0.002413	-0.0012065	0	0	1	1	0	4.16	1	1.2	0.8;
	19	1	-0.002667	-0.0013335	0	0	1	1	0	4.16	1	1.2	0.8;
	20	1	-0.001628	-0.000814	0	0	1	1	0	4.16	1	1.2	0.8;
	21	1	-0.003006	-0.001503	0	0	1	1	0	4.16	1	1.2	0.8;
	22	1	-0.001834	-0.000917	0	0	1	1	0	4.16	1	1.2	0.8;
	23	1	-0.002395	-0.0011975	0	0	1	1	0	4.16	1	1.2	0.8;
	24	1	7.9e-05	3.95e-05	0	0	1	1	0	4.16	1	1.2	0.8;
	25	1	-0.001865	-0.0009325	0	0	1	1	0	4.16	1	1.2	0.8;
	26	1	0.000292	0.000146	0	0	1	1	0	4.16	1	1.2	0.8;
	27	1	-0.002132	-0.001066	0	0	1	1	0	4.16	1	1.2	0.8;
	28	1	-0.000976	-0.000488	0	0	1	1	0	4.16	1	1.2	0.8;
	29	1	-0.002535	-0.0012675	0	0	1	1	0	4.16	1	1.2	0.8;
	30	1	-0.000749	-0.0003745	0	0	1	1	0	4.16	1	1.2	0.8;
	31	1	-0.00272	-0.00136	0	0	1	1	0	4.16	1	1.2	0.8;
	32	1	-0.002325	-0.0011625	0	0	1	1	0	4.16	1	1.2	0.8;
	33	1	-0.001841	-0.0009205	0	0	1	1	0	4.16	1	1.2	0.8;
	34	1	-0.003738	-0.001869	0	0	1	1	0	4.16	1	1.2	0.8;
	35	1	-0.002206	-0.001103	0	0	1	1	0	4.16	1	1.2	0.8;
	36	1	-0.001678	-0.000839	0	0	1	1	0	4.16	1	1.2	0.8;
	37	1	-0.001808	-0.000904	0	0	1	1	0	4.16	1	1.2	0.8;
	38	1	-0.002939	-0.0014695	0	0	1	1	0	4.16	1	1.2	0.8;
	39	1	-0.002982	-0.001491	0	0	1	1	0	4.16	1	1.2	0.8;
	40	1	-0.002352	-0.001176	0	0	1	1	0	4.16	1	1.2	0.8;
	41	1	-0.003986	-0.001993	0	0	1	1	0	4.16	1	1.2	0.8;
	42	1	-0.003337	-0.0016685	0	0	1	1	0	4.16	1	1.2	0.8;
	43	1	-0.003197	-0.0015985	0	0	1	1	0	4.16	1	1.2	0.8;
	44	1	-0.001882	-0.000941	0	0	1	1	0	4.16	1	1.2	0.8;
	45	1	1e-10	5e-11	0	0	1	1	0	4.16	1	1.2	0.8;
	46	1	0.00075	0.000375	0	0	1	1	0	4.16	1	1.2	0.8;
	47	1	1e-10	5e-11	0	0	1	1	0	4.16	1	1.2	0.8;
	48	1	1e-10	5e-11	0	0	1	1	0	4.16	1	1.2	0.8;
	49	1	0.000898	0.000449	0	0	1	1	0	4.16	1	1.2	0.8;
	50	1	-0.002833	-0.0014165	0	0	1	1	0	4.16	1	1.2	0.8;
	51	1	1e-10	5e-11	0	0	1	1	0	4.16	1	1.2	0.8;
	52	1	1e-10	5e-11	0	0	1	1	0	4.16	1	1.2	0.8;
	53	1	-0.002231	-0.0011155	0	0	1	1	0	4.16	1	1.2	0.8;
	54	1	1e-10	5e-11	0	0	1	1	0	4.16	1	1.2	0.8;
	55	1	1e-10	5e-11	0	0	1	1	0	4.16	1	1.2	0.8;
	56	1	-2.8e-05	-1.4e-05	0	0	1	1	0	4.16	1	1.2	0.8;
	57	1	1e-10	5e-11	0	0	1	1	0	4.16	1	1.2	0.8;
	58	1	1e-10	5e-11	0	0	1	1	0	4.16	1	1.2	0.8;
	59	1	6.6e-05	3.3e-05	0	0	1	1	0	4.16	1	1.2	0.8;
	60	1	-0.003543	-0.0017715	0	0	1	1	0	4.16	1	1.2	0.8;
];

%% generator data
%	bus	Pg	Qg	Qmax	Qmin	Vg	mBase	status	Pmax	Pmin	Pc1	Pc2	Qc1min	Qc1max	Qc2min	Qc2max	ramp_agc	ramp_10	ramp_30	ramp_q	apf
mpc.gen = [
	1	-0.0938379988	0	200	-200	1	1	1	200	-200	0	0	0	0	0	0	10	0	0	0	0;
];

%% branch data
%	fbus	tbus	r	x	b	rateA	rateB	rateC	ratio	angle	status	angmin	angmax
mpc.branch = [
	1	2	0.0013398623	0.0027450827	3.02770272e-08	100	100	100	0	0	1	-80	80;
	1	2	0.0013398623	0.0027450827	3.02770272e-08	100	100	100	0	0	1	-80	80;
	2	3	0.0013398623	0.0027450827	3.02770272e-08	100	100	100	0	0	1	-80	80;
	3	4	0.0013398623	0.0027450827	3.02770272e-08	100	100	100	0	0	1	-80	80;
	4	5	0.0013398623	0.0027450827	3.02770272e-08	100	100	100	0	0	1	-80	80;
	5	6	0.0013398623	0.0027450827	3.02770272e-08	100	100	100	0	0	1	-80	80;
	6	7	0.0013398623	0.0027450827	3.02770272e-08	100	100	100	0	0	1	-80	80;
	7	8	0.0013398623	0.0027450827	3.02770272e-08	100	100	100	0	0	1	-80	80;
	8	9	0.0013398623	0.0027450827	3.02770272e-08	100	100	100	0	0	1	-80	80;
	9	10	0.0013398623	0.0027450827	3.02770272e-08	100	100	100	0	0	1	-80	80;
	10	11	0.0013398623	0.0027450827	3.02770272e-08	100	100	100	0	0	1	-80	80;
	11	12	0.0013398623	0.0027450827	3.02770272e-08	100	100	100	0	0	1	-80	80;
	12	13	0.0013398623	0.0027450827	3.02770272e-08	100	100	100	0	0	1	-80	80;
	13	14	0.0013398623	0.0027450827	3.02770272e-08	100	100	100	0	0	1	-80	80;
	14	15	0.0013398623	0.0027450827	3.02770272e-08	100	100	100	0	0	1	-80	80;
	15	16	0.0013398623	0.0027450827	3.02770272e-08	100	100	100	0	0	1	-80	80;
	16	17	0.0013398623	0.0027450827	3.02770272e-08	100	100	100	0	0	1	-80	80;
	17	18	0.0013398623	0.0027450827	3.02770272e-08	100	100	100	0	0	1	-80	80;
	18	19	0.0013398623	0.0027450827	3.02770272e-08	100	100	100	0	0	1	-80	80;
	19	20	0.0013398623	0.0027450827	3.02770272e-08	100	100	100	0	0	1	-80	80;
	20	21	0.0013398623	0.0027450827	3.02770272e-08	100	100	100	0	0	1	-80	80;
	21	22	0.0013398623	0.0027450827	3.02770272e-08	100	100	100	0	0	1	-80	80;
	22	23	0.0013398623	0.0027450827	3.02770272e-08	100	100	100	0	0	1	-80	80;
	23	24	0.0013398623	0.0027450827	3.02770272e-08	100	100	100	0	0	1	-80	80;
	24	25	0.0013398623	0.0027450827	3.02770272e-08	100	100	100	0	0	1	-80	80;
	25	26	0.0013398623	0.0027450827	3.02770272e-08	100	100	100	0	0	1	-80	80;
	26	27	0.0013398623	0.0027450827	3.02770272e-08	100	100	100	0	0	1	-80	80;
	27	28	0.0013398623	0.0027450827	3.02770272e-08	100	100	100	0	0	1	-80	80;
	28	29	0.0013398623	0.0027450827	3.02770272e-08	100	100	100	0	0	1	-80	80;
	1	30	0.0013398623	0.0027450827	3.02770272e-08	100	100	100	0	0	1	-80	80;
	30	31	0.0013398623	0.0027450827	3.02770272e-08	100	100	100	0	0	1	-80	80;
	31	32	0.0013398623	0.0027450827	3.02770272e-08	100	100	100	0	0	1	-80	80;
	32	33	0.0013398623	0.0027450827	3.02770272e-08	100	100	100	0	0	1	-80	80;
	33	34	0.0013398623	0.0027450827	3.02770272e-08	100	100	100	0	0	1	-80	80;
	34	35	0.0013398623	0.0027450827	3.02770272e-08	100	100	100	0	0	1	-80	80;
	35	36	0.0013398623	0.0027450827	3.02770272e-08	100	100	100	0	0	1	-80	80;
	36	37	0.0013398623	0.0027450827	3.02770272e-08	100	100	100	0	0	1	-80	80;
	37	38	0.0013398623	0.0027450827	3.02770272e-08	100	100	100	0	0	1	-80	80;
	38	39	0.0013398623	0.0027450827	3.02770272e-08	100	100	100	0	0	1	-80	80;
	39	40	0.0013398623	0.0027450827	3.02770272e-08	100	100	100	0	0	1	-80	80;
	40	41	0.0013398623	0.0027450827	3.02770272e-08	100	100	100	0	0	1	-80	80;
	41	42	0.0013398623	0.0027450827	3.02770272e-08	100	100	100	0	0	1	-80	80;
	42	43	0.0013398623	0.0027450827	3.02770272e-08	100	100	100	0	0	1	-80	80;
	43	44	0.0013398623	0.0027450827	3.02770272e-08	100	100	100	0	0	1	-80	80;
	44	45	0.0013398623	0.0027450827	3.02770272e-08	100	100	100	0	0	1	-80	80;
	45	46	0.0013398623	0.0027450827	3.02770272e-08	100	100	100	0	0	1	-80	80;
	46	47	0.0013398623	0.0027450827	3.02770272e-08	100	100	100	0	0	1	-80	80;
	47	48	0.0013398623	0.0027450827	3.02770272e-08	100	100	100	0	0	1	-80	80;
	48	49	0.0013398623	0.0027450827	3.02770272e-08	100	100	100	0	0	1	-80	80;
	49	50	0.0013398623	0.0027450827	3.02770272e-08	100	100	100	0	0	1	-80	80;
	50	51	0.0013398623	0.0027450827	3.02770272e-08	100	100	100	0	0	1	-80	80;
	51	52	0.0013398623	0.0027450827	3.02770272e-08	100	100	100	0	0	1	-80	80;
	52	53	0.0013398623	0.0027450827	3.02770272e-08	100	100	100	0	0	1	-80	80;
	53	54	0.0013398623	0.0027450827	3.02770272e-08	100	100	100	0	0	1	-80	80;
	54	55	0.0013398623	0.0027450827	3.02770272e-08	100	100	100	0	0	1	-80	80;
	55	56	0.0013398623	0.0027450827	3.02770272e-08	100	100	100	0	0	1	-80	80;
	56	57	0.0013398623	0.0027450827	3.02770272e-08	100	100	100	0	0	1	-80	80;
	57	58	0.0013398623	0.0027450827	3.02770272e-08	100	100	100	0	0	1	-80	80;
	58	59	0.0013398623	0.0027450827	3.02770272e-08	100	100	100	0	0	1	-80	80;
