function mpc = case_ieee123_storage_26
%CASE_IEEE123_STORAGE_26

%% MATPOWER Case Format : Version 2
mpc.version = '2';

%%-----  Power Flow Data  -----%%
%% system MVA base
mpc.baseMVA = 1;

%% bus data
%	bus_i	type	Pd	Qd	Gs	Bs	area	Vm	Va	baseKV	zone	Vmax	Vmin
mpc.bus = [
	1	3	0.000204	0.000102	0	0	1	1	0	4.16	1	1.2	0.8;
	2	1	0.001504	0.000752	0	0	1	1	0	4.16	1	1.2	0.8;
	3	1	0.003124	0.001562	0	0	1	1	0	4.16	1	1.2	0.8;
	4	1	0.000345	0.0001725	0	0	1	1	0	4.16	1	1.2	0.8;
	5	1	0.000194	9.7e-05	0	0	1	1	0	4.16	1	1.2	0.8;
	6	1	1e-10	5e-11	0	0	1	1	0	4.16	1	1.2	0.8;
	7	1	1e-10	5e-11	0	0	1	1	0	4.16	1	1.2	0.8;
	8	1	0.000534	0.000267	0	0	1	1	0	4.16	1	1.2	0.8;
	9	1	0.002388	0.001194	0	0	1	1	0	4.16	1	1.2	0.8;
	10	1	0.000368	0.000184	0	0	1	1	0	4.16	1	1.2	0.8;
	11	1	1e-10	5e-11	0	0	1	1	0	4.16	1	1.2	0.8;
	12	1	0.000708	0.000354	0	0	1	1	0	4.16	1	1.2	0.8;
	13	1	0.000395	0.0001975	0	0	1	1	0	4.16	1	1.2	0.8;
	14	1	0.001596	0.000798	0	0	1	1	0	4.16	1	1.2	0.8;
	15	1	0.000292	0.000146	0	0	1	1	0	4.16	1	1.2	0.8;
	16	1	1e-10	5e-11	0	0	1	1	0	4.16	1	1.2	0.8;
	17	1	0.000125	6.25e-05	0	0	1	1	0	4.16	1	1.2	0.8;
	18	1	0.000272	0.000136	0	0	1	1	0	4.16	1	1.2	0.8;
	19	1	0.000633	0.0003165	0	0	1	1	0	4.16	1	1.2	0.8;
	20	1	0.000125	6.25e-05	0	0	1	1	0	4.16	1	1.2	0.8;
	21	1	0.000241	0.0001205	0	0	1	1	0	4.16	1	1.2	0.8;
	22	1	0.00032	0.00016	0	0	1	1	0	4.16	1	1.2	0.8;
	23	1	0.00011	5.5e-05	0	0	1	1	0	4.16	1	1.2	0.8;
	24	1	0.000356	0.000178	0	0	1	1	0	4.16	1	1.2	0.8;
	25	1	0.000202	0.000101	0	0	1	1	0	4.16	1	1.2	0.8;
	26	1	0.000339	0.0001695	0	0	1	1	0	4.16	1	1.2	0.8;
	27	1	0.000255	0.0001275	0	0	1	1	0	4.16	1	1.2	0.8;
	28	1	0.000784	0.000392	0	0	1	1	0	4.16	1	1.2	0.8;
	29	1	1e-10	5e-11	0	0	1	1	0	4.16	1	1.2	0.8;
	30	1	0.000319	0.0001595	0	0	1	1	0	4.16	1	1.2	0.8;
	31	1	0.000125	6.25e-05	0	0	1	1	0	4.16	1	1.2	0.8;
	32	1	0.001102	0.000551	0	0	1	1	0	4.16	1	1.2	0.8;
	33	1	0.001601	0.0008005	0	0	1	1	0	4.16	1	1.2	0.8;
	34	1	0.002746	0.001373	0	0	1	1	0	4.16	1	1.2	0.8;
	35	1	0.000691	0.0003455	0	0	1	1	0	4.16	1	1.2	0.8;
	36	1	1e-10	5e-11	0	0	1	1	0	4.16	1	1.2	0.8;
	37	1	0.002698	0.001349	0	0	1	1	0	4.16	1	1.2	0.8;
	38	1	0.000422	0.000211	0	0	1	1	0	4.16	1	1.2	0.8;
	39	1	0.000658	0.000329	0	0	1	1	0	4.16	1	1.2	0.8;
	40	1	0.000686	0.000343	0	0	1	1	0	4.16	1	1.2	0.8;
	41	1	0.000225	0.0001125	0	0	1	1	0	4.16	1	1.2	0.8;
	42	1	0.000507	0.0002535	0	0	1	1	0	4.16	1	1.2	0.8;
	43	1	0.000495	0.0002475	0	0	1	1	0	4.16	1	1.2	0.8;
	44	1	0.000429	0.0002145	0	0	1	1	0	4.16	1	1.2	0.8;
	45	1	0.000647	0.0003235	0	0	1	1	0	4.16	1	1.2	0.8;
	46	1	0.002726	0.001363	0	0	1	1	0	4.16	1	1.2	0.8;
	47	1	0.001683	0.0008415	0	0	1	1	0	4.16	1	1.2	0.8;
	48	1	0.001245	0.0006225	0	0	1	1	0	4.16	1	1.2	0.8;
	49	1	0.000322	0.000161	0	0	1	1	0	4.16	1	1.2	0.8;
	50	1	0.001728	0.000864	0	0	1	1	0	4.16	1	1.2	0.8;
	51	1	1e-10	5e-11	0	0	1	1	0	4.16	1	1.2	0.8;
	52	1	0.000336	0.000168	0	0	1	1	0	4.16	1	1.2	0.8;
	53	1	0.000517	0.0002585	0	0	1	1	0	4.16	1	1.2	0.8;
	54	1	0.000571	0.0002855	0	0	1	1	0	4.16	1	1.2	0.8;
	55	1	0.000277	0.0001385	0	0	1	1	0	4.16	1	1.2	0.8;
	56	1	0.00013	6.5e-05	0	0	1	1	0	4.16	1	1.2	0.8;
	57	1	6.3e-05	3.15e-05	0	0	1	1	0	4.16	1	1.2	0.8;
	58	1	8.6e-05	4.3e-05	0	0	1	1	0	4.16	1	1.2	0.8;
	59	1	0.000442	0.000221	0	0	1	1	0	4.16	1	1.2	0.8;
	60	1	0.000134	6.7e-05	0	0	1	1	0	4.16	1	1.2	0.8;
	61	1	0.000896	0.000448	0	0	1	1	0	4.16	1	1.2	0.8;
	62	1	0.003232	0.001616	0	0	1	1	0	4.16	1	1.2	0.8;
	63	1	0.000744	0.000372	0	0	1	1	0	4.16	1	1.2	0.8;
	64	1	0.00068	0.00034	0	0	1	1	0	4.16	1	1.2	0.8;
	65	1	0.000734	0.000367	0	0	1	1	0	4.16	1	1.2	0.8;
	66	1	0.00061	0.000305	0	0	1	1	0	4.16	1	1.2	0.8;
	67	1	0.000603	0.0003015	0	0	1	1	0	4.16	1	1.2	0.8;
	68	1	0.000747	0.0003735	0	0	1	1	0	4.16	1	1.2	0.8;
	69	1	1e-10	5e-11	0	0	1	1	0	4.16	1	1.2	0.8;
	70	1	0.000544	0.000272	0	0	1	1	0	4.16	1	1.2	0.8;
	71	1	0.000685	0.0003425	0	0	1	1	0	4.16	1	1.2	0.8;
	72	1	0.000202	0.000101	0	0	1	1	0	4.16	1	1.2	0.8;
	73	1	0.000151	7.55e-05	0	0	1	1	0	4.16	1	1.2	0.8;
	74	1	0.000218	0.000109	0	0	1	1	0	4.16	1	1.2	0.8;
	75	1	0.000406	0.000203	0	0	1	1	0	4.16	1	1.2	0.8;
	76	1	0.000456	0.000228	0	0	1	1	0	4.16	1	1.2	0.8;
	77	1	0.000292	0.000146	0	0	1	1	0	4.16	1	1.2	0.8;
	78	1	0.000694	0.000347	0	0	1	1	0	4.16	1	1.2	0.8;
	79	1	0.003486	0.001743	0	0	1	1	0	4.16	1	1.2	0.8;
	80	1	0.001005	0.0005025	0	0	1	1	0	4.16	1	1.2	0.8;
	81	1	0.000427	0.0002135	0	0	1	1	0	4.16	1	1.2	0.8;
	82	1	0.000328	0.000164	0	0	1	1	0	4.16	1	1.2	0.8;
	83	1	0.00031	0.000155	0	0	1	1	0	4.16	1	1.2	0.8;
	84	1	0.000533	0.0002665	0	0	1	1	0	4.16	1	1.2	0.8;
	85	1	0.013351	0.0066755	0	0	1	1	0	4.16	1	1.2	0.8;
	86	1	0.000443	0.0002215	0	0	1	1	0	4.16	1	1.2	0.8;
	87	1	0.000349	0.0001745	0	0	1	1	0	4.16	1	1.2	0.8;
	88	1	0.001487	0.0007435	0	0	1	1	0	4.16	1	1.2	0.8;
	89	1	0.001044	0.000522	0	0	1	1	0	4.16	1	1.2	0.8;
	90	1	0.000754	0.000377	0	0	1	1	0	4.16	1	1.2	0.8;
	91	1	0.000172	8.6e-05	0	0	1	1	0	4.16	1	1.2	0.8;
	92	1	0.000362	0.000181	0	0	1	1	0	4.16	1	1.2	0.8;
	93	1	0.001159	0.0005795	0	0	1	1	0	4.16	1	1.2	0.8;
	94	1	0.000642	0.000321	0	0	1	1	0	4.16	1	1.2	0.8;
	95	1	0.001585	0.0007925	0	0	1	1	0	4.16	1	1.2	0.8;
	96	1	0.001193	0.0005965	0	0	1	1	0	4.16	1	1.2	0.8;
	97	1	0.00017	8.5e-05	0	0	1	1	0	4.16	1	1.2	0.8;
	98	1	0.001015	0.0005075	0	0	1	1	0	4.16	1	1.2	0.8;
	99	1	6.7e-05	3.35e-05	0	0	1	1	0	4.16	1	1.2	0.8;
	100	1	0.000306	0.000153	0	0	1	1	0	4.16	1	1.2	0.8;
	101	1	1e-10	5e-11	0	0	1	1	0	4.16	1	1.2	0.8;
	102	1	0.000212	0.000106	0	0	1	1	0	4.16	1	1.2	0.8;
	103	1	0.00051	0.000255	0	0	1	1	0	4.16	1	1.2	0.8;
	104	1	0.001564	0.000782	0	0	1	1	0	4.16	1	1.2	0.8;
	105	1	0.003536	0.001768	0	0	1	1	0	4.16	1	1.2	0.8;
	106	1	1e-10	5e-11	0	0	1	1	0	4.16	1	1.2	0.8;
	107	1	1e-10	5e-11	0	0	1	1	0	4.16	1	1.2	0.8;
	108	1	0.000195	9.75e-05	0	0	1	1	0	4.16	1	1.2	0.8;
	109	1	0.000349	0.0001745	0	0	1	1	0	4.16	1	1.2	0.8;
];

%% generator data
%	bus	Pg	Qg	Qmax	Qmin	Vg	mBase	status	Pmax	Pmin	Pc1	Pc2	Qc1min	Qc1max	Qc2min	Qc2max	ramp_agc	ramp_10	ramp_30	ramp_q	apf
mpc.gen = [
	1	17.068	0	200	-200	1	1	1	200	-200	0	0	0	0	0	0	10	0	0	0	0;
];

%% branch data
%	fbus	tbus	r	x	b	rateA	rateB	rateC	ratio	angle	status	angmin	angmax
