function mpc = case_ieee123_storage_748
%CASE_IEEE123_STORAGE_748

%% MATPOWER Case Format : Version 2
mpc.version = '2';

%%-----  Power Flow Data  -----%%
%% system MVA base
mpc.baseMVA = 1;

%% bus data
%	bus_i	type	Pd	Qd	Gs	Bs	area	Vm	Va	baseKV	zone	Vmax	Vmin
mpc.bus = [
	1	3	-0.001964	-0.000982	0	0	1	1	0	4.16	1	1.2	0.8;
	2	1	0.000234	0.000117	0	0	1	1	0	4.16	1	1.2	0.8;
	3	1	0.00101	0.000505	0	0	1	1	0	4.16	1	1.2	0.8;
	4	1	-0.000387	-0.0001935	0	0	1	1	0	4.16	1	1.2	0.8;
	5	1	-0.001108	-0.000554	0	0	1	1	0	4.16	1	1.2	0.8;
	6	1	1e-10	5e-11	0	0	1	1	0	4.16	1	1.2	0.8;
	7	1	1e-10	5e-11	0	0	1	1	0	4.16	1	1.2	0.8;
	8	1	-0.001933	-0.0009665	0	0	1	1	0	4.16	1	1.2	0.8;
	9	1	-0.002059	-0.0010295	0	0	1	1	0	4.16	1	1.2	0.8;
	10	1	-0.001927	-0.0009635	0	0	1	1	0	4.16	1	1.2	0.8;
	11	1	1e-10	5e-11	0	0	1	1	0	4.16	1	1.2	0.8;
	12	1	-0.000588	-0.000294	0	0	1	1	0	4.16	1	1.2	0.8;
	13	1	-0.001827	-0.0009135	0	0	1	1	0	4.16	1	1.2	0.8;
	14	1	-0.000165	-8.25e-05	0	0	1	1	0	4.16	1	1.2	0.8;
	15	1	-0.001372	-0.000686	0	0	1	1	0	4.16	1	1.2	0.8;
	16	1	1e-10	5e-11	0	0	1	1	0	4.16	1	1.2	0.8;
	17	1	-0.001765	-0.0008825	0	0	1	1	0	4.16	1	1.2	0.8;
	18	1	-0.001796	-0.000898	0	0	1	1	0	4.16	1	1.2	0.8;
	19	1	-0.001864	-0.000932	0	0	1	1	0	4.16	1	1.2	0.8;
	20	1	-0.001882	-0.000941	0	0	1	1	0	4.16	1	1.2	0.8;
	21	1	-0.000744	-0.000372	0	0	1	1	0	4.16	1	1.2	0.8;
	22	1	0.000305	0.0001525	0	0	1	1	0	4.16	1	1.2	0.8;
	23	1	-0.000983	-0.0004915	0	0	1	1	0	4.16	1	1.2	0.8;
	24	1	0.002637	0.0013185	0	0	1	1	0	4.16	1	1.2	0.8;
	25	1	-0.000901	-0.0004505	0	0	1	1	0	4.16	1	1.2	0.8;
	26	1	0.000386	0.000193	0	0	1	1	0	4.16	1	1.2	0.8;
	27	1	-0.001647	-0.0008235	0	0	1	1	0	4.16	1	1.2	0.8;
	28	1	-0.001368	-0.000684	0	0	1	1	0	4.16	1	1.2	0.8;
	29	1	1e-10	5e-11	0	0	1	1	0	4.16	1	1.2	0.8;
	30	1	-0.001133	-0.0005665	0	0	1	1	0	4.16	1	1.2	0.8;
	31	1	0.000246	0.000123	0	0	1	1	0	4.16	1	1.2	0.8;
	32	1	-0.000396	-0.000198	0	0	1	1	0	4.16	1	1.2	0.8;
	33	1	-0.000212	-0.000106	0	0	1	1	0	4.16	1	1.2	0.8;
	34	1	-0.000866	-0.000433	0	0	1	1	0	4.16	1	1.2	0.8;
	35	1	-0.000696	-0.000348	0	0	1	1	0	4.16	1	1.2	0.8;
	36	1	1e-10	5e-11	0	0	1	1	0	4.16	1	1.2	0.8;
	37	1	0.002991	0.0014955	0	0	1	1	0	4.16	1	1.2	0.8;
	38	1	0.003296	0.001648	0	0	1	1	0	4.16	1	1.2	0.8;
	39	1	0.000421	0.0002105	0	0	1	1	0	4.16	1	1.2	0.8;
	40	1	-0.001162	-0.000581	0	0	1	1	0	4.16	1	1.2	0.8;
	41	1	-0.001897	-0.0009485	0	0	1	1	0	4.16	1	1.2	0.8;
	42	1	-0.001645	-0.0008225	0	0	1	1	0	4.16	1	1.2	0.8;
	43	1	0.000378	0.000189	0	0	1	1	0	4.16	1	1.2	0.8;
	44	1	0.003059	0.0015295	0	0	1	1	0	4.16	1	1.2	0.8;
	45	1	0.008361	0.0041805	0	0	1	1	0	4.16	1	1.2	0.8;
	46	1	-0.000386	-0.000193	0	0	1	1	0	4.16	1	1.2	0.8;
	47	1	-0.000439	-0.0002195	0	0	1	1	0	4.16	1	1.2	0.8;
	48	1	-0.000875	-0.0004375	0	0	1	1	0	4.16	1	1.2	0.8;
	49	1	-0.001494	-0.000747	0	0	1	1	0	4.16	1	1.2	0.8;
	50	1	-0.000912	-0.000456	0	0	1	1	0	4.16	1	1.2	0.8;
	51	1	1e-10	5e-11	0	0	1	1	0	4.16	1	1.2	0.8;
	52	1	-0.00232	-0.00116	0	0	1	1	0	4.16	1	1.2	0.8;
	53	1	0.00205	0.001025	0	0	1	1	0	4.16	1	1.2	0.8;
	54	1	-0.001424	-0.000712	0	0	1	1	0	4.16	1	1.2	0.8;
	55	1	-0.000929	-0.0004645	0	0	1	1	0	4.16	1	1.2	0.8;
	56	1	-0.001417	-0.0007085	0	0	1	1	0	4.16	1	1.2	0.8;
	57	1	-0.00076	-0.00038	0	0	1	1	0	4.16	1	1.2	0.8;
	58	1	-0.001446	-0.000723	0	0	1	1	0	4.16	1	1.2	0.8;
	59	1	-0.001947	-0.0009735	0	0	1	1	0	4.16	1	1.2	0.8;
	60	1	0.00025	0.000125	0	0	1	1	0	4.16	1	1.2	0.8;
	61	1	-0.00089	-0.000445	0	0	1	1	0	4.16	1	1.2	0.8;
	62	1	-0.000294	-0.000147	0	0	1	1	0	4.16	1	1.2	0.8;
	63	1	-0.001739	-0.0008695	0	0	1	1	0	4.16	1	1.2	0.8;
	64	1	0.000794	0.000397	0	0	1	1	0	4.16	1	1.2	0.8;
	65	1	-0.00098	-0.00049	0	0	1	1	0	4.16	1	1.2	0.8;
	66	1	-0.001173	-0.0005865	0	0	1	1	0	4.16	1	1.2	0.8;
	67	1	-0.000371	-0.0001855	0	0	1	1	0	4.16	1	1.2	0.8;
	68	1	-0.001091	-0.0005455	0	0	1	1	0	4.16	1	1.2	0.8;
	69	1	1e-10	5e-11	0	0	1	1	0	4.16	1	1.2	0.8;
	70	1	-0.000364	-0.000182	0	0	1	1	0	4.16	1	1.2	0.8;
	71	1	-0.002519	-0.0012595	0	0	1	1	0	4.16	1	1.2	0.8;
	72	1	-0.001526	-0.000763	0	0	1	1	0	4.16	1	1.2	0.8;
	73	1	0.00015	7.5e-05	0	0	1	1	0	4.16	1	1.2	0.8;
	74	1	-0.001965	-0.0009825	0	0	1	1	0	4.16	1	1.2	0.8;
	75	1	-0.001844	-0.000922	0	0	1	1	0	4.16	1	1.2	0.8;
	76	1	0.00043	0.000215	0	0	1	1	0	4.16	1	1.2	0.8;
	77	1	-0.000237	-0.0001185	0	0	1	1	0	4.16	1	1.2	0.8;
	78	1	0.000297	0.0001485	0	0	1	1	0	4.16	1	1.2	0.8;
	79	1	0.003243	0.0016215	0	0	1	1	0	4.16	1	1.2	0.8;
	80	1	-0.000772	-0.000386	0	0	1	1	0	4.16	1	1.2	0.8;
	81	1	-0.001585	-0.0007925	0	0	1	1	0	4.16	1	1.2	0.8;
	82	1	-0.000905	-0.0004525	0	0	1	1	0	4.16	1	1.2	0.8;
	83	1	-0.000925	-0.0004625	0	0	1	1	0	4.16	1	1.2	0.8;
	84	1	0.000656	0.000328	0	0	1	1	0	4.16	1	1.2	0.8;
	85	1	-0.000908	-0.000454	0	0	1	1	0	4.16	1	1.2	0.8;
	86	1	-0.000757	-0.0003785	0	0	1	1	0	4.16	1	1.2	0.8;
	87	1	-0.001732	-0.000866	0	0	1	1	0	4.16	1	1.2	0.8;
	88	1	-0.001796	-0.000898	0	0	1	1	0	4.16	1	1.2	0.8;
	89	1	-0.001178	-0.000589	0	0	1	1	0	4.16	1	1.2	0.8;
	90	1	-0.000539	-0.0002695	0	0	1	1	0	4.16	1	1.2	0.8;
	91	1	0.000162	8.1e-05	0	0	1	1	0	4.16	1	1.2	0.8;
	92	1	0.00021	0.000105	0	0	1	1	0	4.16	1	1.2	0.8;
	93	1	0.001325	0.0006625	0	0	1	1	0	4.16	1	1.2	0.8;
	94	1	0.006669	0.0033345	0	0	1	1	0	4.16	1	1.2	0.8;
	95	1	0.000777	0.0003885	0	0	1	1	0	4.16	1	1.2	0.8;
	96	1	0.000308	0.000154	0	0	1	1	0	4.16	1	1.2	0.8;
	97	1	0.000636	0.000318	0	0	1	1	0	4.16	1	1.2	0.8;
	98	1	-0.000795	-0.0003975	0	0	1	1	0	4.16	1	1.2	0.8;
	99	1	0.000222	0.000111	0	0	1	1	0	4.16	1	1.2	0.8;
	100	1	0.000606	0.000303	0	0	1	1	0	4.16	1	1.2	0.8;
	101	1	0.000135	6.75e-05	0	0	1	1	0	4.16	1	1.2	0.8;
	102	1	0.000225	0.0001125	0	0	1	1	0	4.16	1	1.2	0.8;
	103	1	0.000638	0.000319	0	0	1	1	0	4.16	1	1.2	0.8;
	104	1	-0.001151	-0.0005755	0	0	1	1	0	4.16	1	1.2	0.8;
	105	1	0.002713	0.0013565	0	0	1	1	0	4.16	1	1.2	0.8;
	106	1	1e-10	5e-11	0	0	1	1	0	4.16	1	1.2	0.8;
	107	1	1e-10	5e-11	0	0	1	1	0	4.16	1	1.2	0.8;
	108	1	0.000383	0.0001915	0	0	1	1	0	4.16	1	1.2	0.8;
	109	1	-0.001766	-0.000883	0	0	1	1	0	4.16	1	1.2	0.8;
];

%% generator data
%	bus	Pg	Qg	Qmax	Qmin	Vg	mBase	status	Pmax	Pmin	Pc1	Pc2	Qc1min	Qc1max	Qc2min	Qc2max	ramp_agc	ramp_10	ramp_30	ramp_q	apf
mpc.gen = [
	1	17.068	0	200	-200	1	1	1	200	-200	0	0	0	0	0	0	10	0	0	0	0;
];

%% branch data
%	fbus	tbus	r	x	b	rateA	rateB	rateC	ratio	angle	status	angmin	angmax
