function mpc = case_ieee123_storage_45
%CASE_IEEE123_STORAGE_45

%% MATPOWER Case Format : Version 2
mpc.version = '2';

%%-----  Power Flow Data  -----%%
%% system MVA base
mpc.baseMVA = 1;

%% bus data
%	bus_i	type	Pd	Qd	Gs	Bs	area	Vm	Va	baseKV	zone	Vmax	Vmin
mpc.bus = [
	1	3	0.000342	0.000171	0	0	1	1	0	4.16	1	1.2	0.8;
	2	1	0.001741	0.0008705	0	0	1	1	0	4.16	1	1.2	0.8;
	3	1	0.001257	0.0006285	0	0	1	1	0	4.16	1	1.2	0.8;
	4	1	0.000175	8.75e-05	0	0	1	1	0	4.16	1	1.2	0.8;
	5	1	0.000339	0.0001695	0	0	1	1	0	4.16	1	1.2	0.8;
	6	1	1e-10	5e-11	0	0	1	1	0	4.16	1	1.2	0.8;
	7	1	1e-10	5e-11	0	0	1	1	0	4.16	1	1.2	0.8;
	8	1	0.000503	0.0002515	0	0	1	1	0	4.16	1	1.2	0.8;
	9	1	0.002496	0.001248	0	0	1	1	0	4.16	1	1.2	0.8;
	10	1	0.000443	0.0002215	0	0	1	1	0	4.16	1	1.2	0.8;
	11	1	1e-10	5e-11	0	0	1	1	0	4.16	1	1.2	0.8;
	12	1	0.000669	0.0003345	0	0	1	1	0	4.16	1	1.2	0.8;
	13	1	0.000328	0.000164	0	0	1	1	0	4.16	1	1.2	0.8;
	14	1	0.001163	0.0005815	0	0	1	1	0	4.16	1	1.2	0.8;
	15	1	0.00016	8e-05	0	0	1	1	0	4.16	1	1.2	0.8;
	16	1	1e-10	5e-11	0	0	1	1	0	4.16	1	1.2	0.8;
	17	1	0.000124	6.2e-05	0	0	1	1	0	4.16	1	1.2	0.8;
	18	1	0.000264	0.000132	0	0	1	1	0	4.16	1	1.2	0.8;
	19	1	0.000487	0.0002435	0	0	1	1	0	4.16	1	1.2	0.8;
	20	1	0.000126	6.3e-05	0	0	1	1	0	4.16	1	1.2	0.8;
	21	1	0.00024	0.00012	0	0	1	1	0	4.16	1	1.2	0.8;
	22	1	0.000312	0.000156	0	0	1	1	0	4.16	1	1.2	0.8;
	23	1	0.000109	5.45e-05	0	0	1	1	0	4.16	1	1.2	0.8;
	24	1	0.000347	0.0001735	0	0	1	1	0	4.16	1	1.2	0.8;
	25	1	0.000305	0.0001525	0	0	1	1	0	4.16	1	1.2	0.8;
	26	1	0.000324	0.000162	0	0	1	1	0	4.16	1	1.2	0.8;
	27	1	0.000251	0.0001255	0	0	1	1	0	4.16	1	1.2	0.8;
	28	1	0.000599	0.0002995	0	0	1	1	0	4.16	1	1.2	0.8;
	29	1	1e-10	5e-11	0	0	1	1	0	4.16	1	1.2	0.8;
	30	1	0.000234	0.000117	0	0	1	1	0	4.16	1	1.2	0.8;
	31	1	0.000242	0.000121	0	0	1	1	0	4.16	1	1.2	0.8;
	32	1	0.0007	0.00035	0	0	1	1	0	4.16	1	1.2	0.8;
	33	1	0.001411	0.0007055	0	0	1	1	0	4.16	1	1.2	0.8;
	34	1	0.000768	0.000384	0	0	1	1	0	4.16	1	1.2	0.8;
	35	1	0.000553	0.0002765	0	0	1	1	0	4.16	1	1.2	0.8;
	36	1	1e-10	5e-11	0	0	1	1	0	4.16	1	1.2	0.8;
	37	1	0.0027	0.00135	0	0	1	1	0	4.16	1	1.2	0.8;
	38	1	0.000999	0.0004995	0	0	1	1	0	4.16	1	1.2	0.8;
	39	1	0.000641	0.0003205	0	0	1	1	0	4.16	1	1.2	0.8;
	40	1	0.000556	0.000278	0	0	1	1	0	4.16	1	1.2	0.8;
	41	1	0.00022	0.00011	0	0	1	1	0	4.16	1	1.2	0.8;
	42	1	0.000801	0.0004005	0	0	1	1	0	4.16	1	1.2	0.8;
	43	1	0.009081	0.0045405	0	0	1	1	0	4.16	1	1.2	0.8;
	44	1	0.000538	0.000269	0	0	1	1	0	4.16	1	1.2	0.8;
	45	1	0.000831	0.0004155	0	0	1	1	0	4.16	1	1.2	0.8;
	46	1	0.001569	0.0007845	0	0	1	1	0	4.16	1	1.2	0.8;
	47	1	0.002098	0.001049	0	0	1	1	0	4.16	1	1.2	0.8;
	48	1	0.001163	0.0005815	0	0	1	1	0	4.16	1	1.2	0.8;
	49	1	0.000217	0.0001085	0	0	1	1	0	4.16	1	1.2	0.8;
	50	1	0.001719	0.0008595	0	0	1	1	0	4.16	1	1.2	0.8;
	51	1	1e-10	5e-11	0	0	1	1	0	4.16	1	1.2	0.8;
	52	1	0.000329	0.0001645	0	0	1	1	0	4.16	1	1.2	0.8;
	53	1	0.000514	0.000257	0	0	1	1	0	4.16	1	1.2	0.8;
	54	1	0.00048	0.00024	0	0	1	1	0	4.16	1	1.2	0.8;
	55	1	0.000409	0.0002045	0	0	1	1	0	4.16	1	1.2	0.8;
	56	1	0.000247	0.0001235	0	0	1	1	0	4.16	1	1.2	0.8;
	57	1	0.000178	8.9e-05	0	0	1	1	0	4.16	1	1.2	0.8;
	58	1	8.5e-05	4.25e-05	0	0	1	1	0	4.16	1	1.2	0.8;
	59	1	0.000294	0.000147	0	0	1	1	0	4.16	1	1.2	0.8;
	60	1	0.000238	0.000119	0	0	1	1	0	4.16	1	1.2	0.8;
	61	1	0.000587	0.0002935	0	0	1	1	0	4.16	1	1.2	0.8;
	62	1	0.000528	0.000264	0	0	1	1	0	4.16	1	1.2	0.8;
	63	1	0.000739	0.0003695	0	0	1	1	0	4.16	1	1.2	0.8;
	64	1	0.000794	0.000397	0	0	1	1	0	4.16	1	1.2	0.8;
	65	1	0.000737	0.0003685	0	0	1	1	0	4.16	1	1.2	0.8;
	66	1	0.003874	0.001937	0	0	1	1	0	4.16	1	1.2	0.8;
	67	1	0.000334	0.000167	0	0	1	1	0	4.16	1	1.2	0.8;
	68	1	0.018132	0.009066	0	0	1	1	0	4.16	1	1.2	0.8;
	69	1	1e-10	5e-11	0	0	1	1	0	4.16	1	1.2	0.8;
	70	1	0.000374	0.000187	0	0	1	1	0	4.16	1	1.2	0.8;
	71	1	0.000609	0.0003045	0	0	1	1	0	4.16	1	1.2	0.8;
	72	1	0.000194	9.7e-05	0	0	1	1	0	4.16	1	1.2	0.8;
	73	1	4.3e-05	2.15e-05	0	0	1	1	0	4.16	1	1.2	0.8;
	74	1	0.000361	0.0001805	0	0	1	1	0	4.16	1	1.2	0.8;
	75	1	0.000393	0.0001965	0	0	1	1	0	4.16	1	1.2	0.8;
	76	1	0.000367	0.0001835	0	0	1	1	0	4.16	1	1.2	0.8;
	77	1	0.000594	0.000297	0	0	1	1	0	4.16	1	1.2	0.8;
	78	1	0.000589	0.0002945	0	0	1	1	0	4.16	1	1.2	0.8;
	79	1	0.00055	0.000275	0	0	1	1	0	4.16	1	1.2	0.8;
	80	1	0.001003	0.0005015	0	0	1	1	0	4.16	1	1.2	0.8;
	81	1	0.000307	0.0001535	0	0	1	1	0	4.16	1	1.2	0.8;
	82	1	0.000308	0.000154	0	0	1	1	0	4.16	1	1.2	0.8;
	83	1	0.00031	0.000155	0	0	1	1	0	4.16	1	1.2	0.8;
	84	1	0.000507	0.0002535	0	0	1	1	0	4.16	1	1.2	0.8;
	85	1	0.013182	0.006591	0	0	1	1	0	4.16	1	1.2	0.8;
	86	1	0.000318	0.000159	0	0	1	1	0	4.16	1	1.2	0.8;
	87	1	0.000315	0.0001575	0	0	1	1	0	4.16	1	1.2	0.8;
	88	1	0.000438	0.000219	0	0	1	1	0	4.16	1	1.2	0.8;
	89	1	0.001124	0.000562	0	0	1	1	0	4.16	1	1.2	0.8;
	90	1	0.000869	0.0004345	0	0	1	1	0	4.16	1	1.2	0.8;
	91	1	0.00011	5.5e-05	0	0	1	1	0	4.16	1	1.2	0.8;
	92	1	0.000447	0.0002235	0	0	1	1	0	4.16	1	1.2	0.8;
	93	1	0.001223	0.0006115	0	0	1	1	0	4.16	1	1.2	0.8;
	94	1	0.000579	0.0002895	0	0	1	1	0	4.16	1	1.2	0.8;
	95	1	0.001478	0.000739	0	0	1	1	0	4.16	1	1.2	0.8;
	96	1	0.000181	9.05e-05	0	0	1	1	0	4.16	1	1.2	0.8;
	97	1	0.000169	8.45e-05	0	0	1	1	0	4.16	1	1.2	0.8;
	98	1	0.000998	0.000499	0	0	1	1	0	4.16	1	1.2	0.8;
	99	1	0.000197	9.85e-05	0	0	1	1	0	4.16	1	1.2	0.8;
	100	1	0.000444	0.000222	0	0	1	1	0	4.16	1	1.2	0.8;
	101	1	1e-10	5e-11	0	0	1	1	0	4.16	1	1.2	0.8;
	102	1	0.000334	0.000167	0	0	1	1	0	4.16	1	1.2	0.8;
	103	1	0.000689	0.0003445	0	0	1	1	0	4.16	1	1.2	0.8;
	104	1	0.00035	0.000175	0	0	1	1	0	4.16	1	1.2	0.8;
	105	1	0.00329	0.001645	0	0	1	1	0	4.16	1	1.2	0.8;
	106	1	1e-10	5e-11	0	0	1	1	0	4.16	1	1.2	0.8;
	107	1	1e-10	5e-11	0	0	1	1	0	4.16	1	1.2	0.8;
	108	1	0.000294	0.000147	0	0	1	1	0	4.16	1	1.2	0.8;
	109	1	0.000202	0.000101	0	0	1	1	0	4.16	1	1.2	0.8;
];

%% generator data
%	bus	Pg	Qg	Qmax	Qmin	Vg	mBase	status	Pmax	Pmin	Pc1	Pc2	Qc1min	Qc1max	Qc2min	Qc2max	ramp_agc	ramp_10	ramp_30	ramp_q	apf
mpc.gen = [
	1	17.068	0	200	-200	1	1	1	200	-200	0	0	0	0	0	0	10	0	0	0	0;
];

%% branch data
%	fbus	tbus	r	x	b	rateA	rateB	rateC	ratio	angle	status	angmin	angmax
