function mpc = case_ieee123_storage_436
%CASE_IEEE123_STORAGE_436

%% MATPOWER Case Format : Version 2
mpc.version = '2';

%%-----  Power Flow Data  -----%%
%% system MVA base
mpc.baseMVA = 1;

%% bus data
%	bus_i	type	Pd	Qd	Gs	Bs	area	Vm	Va	baseKV	zone	Vmax	Vmin
mpc.bus = [
	1	3	0.000326	0.000163	0	0	1	1	0	4.16	1	1.2	0.8;
	2	1	0.001343	0.0006715	0	0	1	1	0	4.16	1	1.2	0.8;
	3	1	0.002118	0.001059	0	0	1	1	0	4.16	1	1.2	0.8;
	4	1	0.000334	0.000167	0	0	1	1	0	4.16	1	1.2	0.8;
	5	1	0.000459	0.0002295	0	0	1	1	0	4.16	1	1.2	0.8;
	6	1	1e-10	5e-11	0	0	1	1	0	4.16	1	1.2	0.8;
	7	1	1e-10	5e-11	0	0	1	1	0	4.16	1	1.2	0.8;
	8	1	0.000301	0.0001505	0	0	1	1	0	4.16	1	1.2	0.8;
	9	1	0.001024	0.000512	0	0	1	1	0	4.16	1	1.2	0.8;
	10	1	0.000217	0.0001085	0	0	1	1	0	4.16	1	1.2	0.8;
	11	1	1e-10	5e-11	0	0	1	1	0	4.16	1	1.2	0.8;
	12	1	0.000656	0.000328	0	0	1	1	0	4.16	1	1.2	0.8;
	13	1	0.000379	0.0001895	0	0	1	1	0	4.16	1	1.2	0.8;
	14	1	0.001055	0.0005275	0	0	1	1	0	4.16	1	1.2	0.8;
	15	1	0.000372	0.000186	0	0	1	1	0	4.16	1	1.2	0.8;
	16	1	1e-10	5e-11	0	0	1	1	0	4.16	1	1.2	0.8;
	17	1	0.001031	0.0005155	0	0	1	1	0	4.16	1	1.2	0.8;
	18	1	0.003088	0.001544	0	0	1	1	0	4.16	1	1.2	0.8;
	19	1	0.000539	0.0002695	0	0	1	1	0	4.16	1	1.2	0.8;
	20	1	0.000113	5.65e-05	0	0	1	1	0	4.16	1	1.2	0.8;
	21	1	0.000513	0.0002565	0	0	1	1	0	4.16	1	1.2	0.8;
	22	1	0.000302	0.000151	0	0	1	1	0	4.16	1	1.2	0.8;
	23	1	0.000232	0.000116	0	0	1	1	0	4.16	1	1.2	0.8;
	24	1	0.003101	0.0015505	0	0	1	1	0	4.16	1	1.2	0.8;
	25	1	0.000269	0.0001345	0	0	1	1	0	4.16	1	1.2	0.8;
	26	1	0.000372	0.000186	0	0	1	1	0	4.16	1	1.2	0.8;
	27	1	0.000184	9.2e-05	0	0	1	1	0	4.16	1	1.2	0.8;
	28	1	0.000361	0.0001805	0	0	1	1	0	4.16	1	1.2	0.8;
	29	1	1e-10	5e-11	0	0	1	1	0	4.16	1	1.2	0.8;
	30	1	0.000227	0.0001135	0	0	1	1	0	4.16	1	1.2	0.8;
	31	1	0.000126	6.3e-05	0	0	1	1	0	4.16	1	1.2	0.8;
	32	1	0.00076	0.00038	0	0	1	1	0	4.16	1	1.2	0.8;
	33	1	0.001481	0.0007405	0	0	1	1	0	4.16	1	1.2	0.8;
	34	1	0.000553	0.0002765	0	0	1	1	0	4.16	1	1.2	0.8;
	35	1	0.000964	0.000482	0	0	1	1	0	4.16	1	1.2	0.8;
	36	1	1e-10	5e-11	0	0	1	1	0	4.16	1	1.2	0.8;
	37	1	0.002643	0.0013215	0	0	1	1	0	4.16	1	1.2	0.8;
	38	1	1e-10	5e-11	0	0	1	1	0	4.16	1	1.2	0.8;
	39	1	0.002505	0.0012525	0	0	1	1	0	4.16	1	1.2	0.8;
	40	1	0.000691	0.0003455	0	0	1	1	0	4.16	1	1.2	0.8;
	41	1	0.000154	7.7e-05	0	0	1	1	0	4.16	1	1.2	0.8;
	42	1	0.000482	0.000241	0	0	1	1	0	4.16	1	1.2	0.8;
	43	1	0.000719	0.0003595	0	0	1	1	0	4.16	1	1.2	0.8;
	44	1	0.00034	0.00017	0	0	1	1	0	4.16	1	1.2	0.8;
	45	1	0.005924	0.002962	0	0	1	1	0	4.16	1	1.2	0.8;
	46	1	0.001772	0.000886	0	0	1	1	0	4.16	1	1.2	0.8;
	47	1	0.001635	0.0008175	0	0	1	1	0	4.16	1	1.2	0.8;
	48	1	0.001164	0.000582	0	0	1	1	0	4.16	1	1.2	0.8;
	49	1	0.000213	0.0001065	0	0	1	1	0	4.16	1	1.2	0.8;
	50	1	0.000687	0.0003435	0	0	1	1	0	4.16	1	1.2	0.8;
	51	1	1e-10	5e-11	0	0	1	1	0	4.16	1	1.2	0.8;
	52	1	0.000362	0.000181	0	0	1	1	0	4.16	1	1.2	0.8;
	53	1	0.00057	0.000285	0	0	1	1	0	4.16	1	1.2	0.8;
	54	1	0.00084	0.00042	0	0	1	1	0	4.16	1	1.2	0.8;
	55	1	0.000762	0.000381	0	0	1	1	0	4.16	1	1.2	0.8;
	56	1	0.000115	5.75e-05	0	0	1	1	0	4.16	1	1.2	0.8;
	57	1	0.000188	9.4e-05	0	0	1	1	0	4.16	1	1.2	0.8;
	58	1	0.000185	9.25e-05	0	0	1	1	0	4.16	1	1.2	0.8;
	59	1	0.000118	5.9e-05	0	0	1	1	0	4.16	1	1.2	0.8;
	60	1	0.000519	0.0002595	0	0	1	1	0	4.16	1	1.2	0.8;
	61	1	0.000315	0.0001575	0	0	1	1	0	4.16	1	1.2	0.8;
	62	1	0.000414	0.000207	0	0	1	1	0	4.16	1	1.2	0.8;
	63	1	0.000491	0.0002455	0	0	1	1	0	4.16	1	1.2	0.8;
	64	1	0.000256	0.000128	0	0	1	1	0	4.16	1	1.2	0.8;
	65	1	0.000716	0.000358	0	0	1	1	0	4.16	1	1.2	0.8;
	66	1	0.0009	0.00045	0	0	1	1	0	4.16	1	1.2	0.8;
	67	1	0.000399	0.0001995	0	0	1	1	0	4.16	1	1.2	0.8;
	68	1	0.000544	0.000272	0	0	1	1	0	4.16	1	1.2	0.8;
	69	1	1e-10	5e-11	0	0	1	1	0	4.16	1	1.2	0.8;
	70	1	0.000338	0.000169	0	0	1	1	0	4.16	1	1.2	0.8;
	71	1	0.001585	0.0007925	0	0	1	1	0	4.16	1	1.2	0.8;
	72	1	0.000462	0.000231	0	0	1	1	0	4.16	1	1.2	0.8;
	73	1	4.2e-05	2.1e-05	0	0	1	1	0	4.16	1	1.2	0.8;
	74	1	0.000328	0.000164	0	0	1	1	0	4.16	1	1.2	0.8;
	75	1	0.000404	0.000202	0	0	1	1	0	4.16	1	1.2	0.8;
	76	1	0.000342	0.000171	0	0	1	1	0	4.16	1	1.2	0.8;
	77	1	0.000288	0.000144	0	0	1	1	0	4.16	1	1.2	0.8;
	78	1	0.001098	0.000549	0	0	1	1	0	4.16	1	1.2	0.8;
	79	1	0.000438	0.000219	0	0	1	1	0	4.16	1	1.2	0.8;
	80	1	0.000687	0.0003435	0	0	1	1	0	4.16	1	1.2	0.8;
	81	1	0.000442	0.000221	0	0	1	1	0	4.16	1	1.2	0.8;
	82	1	1e-10	5e-11	0	0	1	1	0	4.16	1	1.2	0.8;
	83	1	0.000629	0.0003145	0	0	1	1	0	4.16	1	1.2	0.8;
	84	1	0.000744	0.000372	0	0	1	1	0	4.16	1	1.2	0.8;
	85	1	0.000411	0.0002055	0	0	1	1	0	4.16	1	1.2	0.8;
	86	1	0.000351	0.0001755	0	0	1	1	0	4.16	1	1.2	0.8;
	87	1	0.000173	8.65e-05	0	0	1	1	0	4.16	1	1.2	0.8;
	88	1	0.00021	0.000105	0	0	1	1	0	4.16	1	1.2	0.8;
	89	1	0.000379	0.0001895	0	0	1	1	0	4.16	1	1.2	0.8;
	90	1	0.000795	0.0003975	0	0	1	1	0	4.16	1	1.2	0.8;
	91	1	0.000111	5.55e-05	0	0	1	1	0	4.16	1	1.2	0.8;
	92	1	0.000484	0.000242	0	0	1	1	0	4.16	1	1.2	0.8;
	93	1	0.001403	0.0007015	0	0	1	1	0	4.16	1	1.2	0.8;
	94	1	0.000477	0.0002385	0	0	1	1	0	4.16	1	1.2	0.8;
	95	1	0.001634	0.000817	0	0	1	1	0	4.16	1	1.2	0.8;
	96	1	0.000166	8.3e-05	0	0	1	1	0	4.16	1	1.2	0.8;
	97	1	0.001121	0.0005605	0	0	1	1	0	4.16	1	1.2	0.8;
	98	1	0.000652	0.000326	0	0	1	1	0	4.16	1	1.2	0.8;
	99	1	6.6e-05	3.3e-05	0	0	1	1	0	4.16	1	1.2	0.8;
	100	1	0.000469	0.0002345	0	0	1	1	0	4.16	1	1.2	0.8;
	101	1	0.000525	0.0002625	0	0	1	1	0	4.16	1	1.2	0.8;
	102	1	0.000659	0.0003295	0	0	1	1	0	4.16	1	1.2	0.8;
	103	1	0.001039	0.0005195	0	0	1	1	0	4.16	1	1.2	0.8;
	104	1	0.000479	0.0002395	0	0	1	1	0	4.16	1	1.2	0.8;
	105	1	0.002808	0.001404	0	0	1	1	0	4.16	1	1.2	0.8;
	106	1	1e-10	5e-11	0	0	1	1	0	4.16	1	1.2	0.8;
	107	1	1e-10	5e-11	0	0	1	1	0	4.16	1	1.2	0.8;
	108	1	0.000195	9.75e-05	0	0	1	1	0	4.16	1	1.2	0.8;
	109	1	0.000192	9.6e-05	0	0	1	1	0	4.16	1	1.2	0.8;
];

%% generator data
%	bus	Pg	Qg	Qmax	Qmin	Vg	mBase	status	Pmax	Pmin	Pc1	Pc2	Qc1min	Qc1max	Qc2min	Qc2max	ramp_agc	ramp_10	ramp_30	ramp_q	apf
mpc.gen = [
	1	17.068	0	200	-200	1	1	1	200	-200	0	0	0	0	0	0	10	0	0	0	0;
];

%% branch data
%	fbus	tbus	r	x	b	rateA	rateB	rateC	ratio	angle	status	angmin	angmax
