function mpc = case_ieee123_storage_244
%CASE_IEEE123_STORAGE_244

%% MATPOWER Case Format : Version 2
mpc.version = '2';

%%-----  Power Flow Data  -----%%
%% system MVA base
mpc.baseMVA = 1;

%% bus data
%	bus_i	type	Pd	Qd	Gs	Bs	area	Vm	Va	baseKV	zone	Vmax	Vmin
mpc.bus = [
	1	3	0.000319	0.0001595	0	0	1	1	0	4.16	1	1.2	0.8;
	2	1	0.001223	0.0006115	0	0	1	1	0	4.16	1	1.2	0.8;
	3	1	0.001131	0.0005655	0	0	1	1	0	4.16	1	1.2	0.8;
	4	1	0.000216	0.000108	0	0	1	1	0	4.16	1	1.2	0.8;
	5	1	0.000329	0.0001645	0	0	1	1	0	4.16	1	1.2	0.8;
	6	1	1e-10	5e-11	0	0	1	1	0	4.16	1	1.2	0.8;
	7	1	1e-10	5e-11	0	0	1	1	0	4.16	1	1.2	0.8;
	8	1	0.00029	0.000145	0	0	1	1	0	4.16	1	1.2	0.8;
	9	1	0.002642	0.001321	0	0	1	1	0	4.16	1	1.2	0.8;
	10	1	0.000249	0.0001245	0	0	1	1	0	4.16	1	1.2	0.8;
	11	1	1e-10	5e-11	0	0	1	1	0	4.16	1	1.2	0.8;
	12	1	0.000566	0.000283	0	0	1	1	0	4.16	1	1.2	0.8;
	13	1	0.000377	0.0001885	0	0	1	1	0	4.16	1	1.2	0.8;
	14	1	0.001123	0.0005615	0	0	1	1	0	4.16	1	1.2	0.8;
	15	1	0.000196	9.8e-05	0	0	1	1	0	4.16	1	1.2	0.8;
	16	1	1e-10	5e-11	0	0	1	1	0	4.16	1	1.2	0.8;
	17	1	0.000216	0.000108	0	0	1	1	0	4.16	1	1.2	0.8;
	18	1	0.000262	0.000131	0	0	1	1	0	4.16	1	1.2	0.8;
	19	1	0.00043	0.000215	0	0	1	1	0	4.16	1	1.2	0.8;
	20	1	0.000124	6.2e-05	0	0	1	1	0	4.16	1	1.2	0.8;
	21	1	0.000421	0.0002105	0	0	1	1	0	4.16	1	1.2	0.8;
	22	1	0.000307	0.0001535	0	0	1	1	0	4.16	1	1.2	0.8;
	23	1	0.000243	0.0001215	0	0	1	1	0	4.16	1	1.2	0.8;
	24	1	0.000347	0.0001735	0	0	1	1	0	4.16	1	1.2	0.8;
	25	1	0.000161	8.05e-05	0	0	1	1	0	4.16	1	1.2	0.8;
	26	1	0.000325	0.0001625	0	0	1	1	0	4.16	1	1.2	0.8;
	27	1	0.000161	8.05e-05	0	0	1	1	0	4.16	1	1.2	0.8;
	28	1	0.000293	0.0001465	0	0	1	1	0	4.16	1	1.2	0.8;
	29	1	1e-10	5e-11	0	0	1	1	0	4.16	1	1.2	0.8;
	30	1	0.000324	0.000162	0	0	1	1	0	4.16	1	1.2	0.8;
	31	1	0.000124	6.2e-05	0	0	1	1	0	4.16	1	1.2	0.8;
	32	1	0.000782	0.000391	0	0	1	1	0	4.16	1	1.2	0.8;
	33	1	0.00263	0.001315	0	0	1	1	0	4.16	1	1.2	0.8;
	34	1	0.000465	0.0002325	0	0	1	1	0	4.16	1	1.2	0.8;
	35	1	0.000628	0.000314	0	0	1	1	0	4.16	1	1.2	0.8;
	36	1	1e-10	5e-11	0	0	1	1	0	4.16	1	1.2	0.8;
	37	1	0.00268	0.00134	0	0	1	1	0	4.16	1	1.2	0.8;
	38	1	0.00042	0.00021	0	0	1	1	0	4.16	1	1.2	0.8;
	39	1	0.000615	0.0003075	0	0	1	1	0	4.16	1	1.2	0.8;
	40	1	0.000633	0.0003165	0	0	1	1	0	4.16	1	1.2	0.8;
	41	1	0.000224	0.000112	0	0	1	1	0	4.16	1	1.2	0.8;
	42	1	0.000371	0.0001855	0	0	1	1	0	4.16	1	1.2	0.8;
	43	1	0.000803	0.0004015	0	0	1	1	0	4.16	1	1.2	0.8;
	44	1	0.000595	0.0002975	0	0	1	1	0	4.16	1	1.2	0.8;
	45	1	0.000738	0.000369	0	0	1	1	0	4.16	1	1.2	0.8;
	46	1	0.009879	0.0049395	0	0	1	1	0	4.16	1	1.2	0.8;
	47	1	0.001664	0.000832	0	0	1	1	0	4.16	1	1.2	0.8;
	48	1	0.000323	0.0001615	0	0	1	1	0	4.16	1	1.2	0.8;
	49	1	0.00032	0.00016	0	0	1	1	0	4.16	1	1.2	0.8;
	50	1	0.000518	0.000259	0	0	1	1	0	4.16	1	1.2	0.8;
	51	1	1e-10	5e-11	0	0	1	1	0	4.16	1	1.2	0.8;
	52	1	0.000202	0.000101	0	0	1	1	0	4.16	1	1.2	0.8;
	53	1	0.000437	0.0002185	0	0	1	1	0	4.16	1	1.2	0.8;
	54	1	0.000543	0.0002715	0	0	1	1	0	4.16	1	1.2	0.8;
	55	1	0.000326	0.000163	0	0	1	1	0	4.16	1	1.2	0.8;
	56	1	0.000137	6.85e-05	0	0	1	1	0	4.16	1	1.2	0.8;
	57	1	5.5e-05	2.75e-05	0	0	1	1	0	4.16	1	1.2	0.8;
	58	1	8.5e-05	4.25e-05	0	0	1	1	0	4.16	1	1.2	0.8;
	59	1	0.00013	6.5e-05	0	0	1	1	0	4.16	1	1.2	0.8;
	60	1	0.00024	0.00012	0	0	1	1	0	4.16	1	1.2	0.8;
	61	1	0.000855	0.0004275	0	0	1	1	0	4.16	1	1.2	0.8;
	62	1	0.000561	0.0002805	0	0	1	1	0	4.16	1	1.2	0.8;
	63	1	0.000496	0.000248	0	0	1	1	0	4.16	1	1.2	0.8;
	64	1	0.000477	0.0002385	0	0	1	1	0	4.16	1	1.2	0.8;
	65	1	0.000636	0.000318	0	0	1	1	0	4.16	1	1.2	0.8;
	66	1	0.001018	0.000509	0	0	1	1	0	4.16	1	1.2	0.8;
	67	1	0.000294	0.000147	0	0	1	1	0	4.16	1	1.2	0.8;
	68	1	0.000813	0.0004065	0	0	1	1	0	4.16	1	1.2	0.8;
	69	1	1e-10	5e-11	0	0	1	1	0	4.16	1	1.2	0.8;
	70	1	0.000431	0.0002155	0	0	1	1	0	4.16	1	1.2	0.8;
	71	1	0.000643	0.0003215	0	0	1	1	0	4.16	1	1.2	0.8;
	72	1	0.000155	7.75e-05	0	0	1	1	0	4.16	1	1.2	0.8;
	73	1	4.3e-05	2.15e-05	0	0	1	1	0	4.16	1	1.2	0.8;
	74	1	0.000343	0.0001715	0	0	1	1	0	4.16	1	1.2	0.8;
	75	1	0.000399	0.0001995	0	0	1	1	0	4.16	1	1.2	0.8;
	76	1	0.000338	0.000169	0	0	1	1	0	4.16	1	1.2	0.8;
	77	1	0.000289	0.0001445	0	0	1	1	0	4.16	1	1.2	0.8;
	78	1	0.000691	0.0003455	0	0	1	1	0	4.16	1	1.2	0.8;
	79	1	0.000459	0.0002295	0	0	1	1	0	4.16	1	1.2	0.8;
	80	1	0.001088	0.000544	0	0	1	1	0	4.16	1	1.2	0.8;
	81	1	0.00027	0.000135	0	0	1	1	0	4.16	1	1.2	0.8;
	82	1	0.000242	0.000121	0	0	1	1	0	4.16	1	1.2	0.8;
	83	1	0.000232	0.000116	0	0	1	1	0	4.16	1	1.2	0.8;
	84	1	0.000311	0.0001555	0	0	1	1	0	4.16	1	1.2	0.8;
	85	1	0.000308	0.000154	0	0	1	1	0	4.16	1	1.2	0.8;
	86	1	0.000316	0.000158	0	0	1	1	0	4.16	1	1.2	0.8;
	87	1	0.000335	0.0001675	0	0	1	1	0	4.16	1	1.2	0.8;
	88	1	0.000649	0.0003245	0	0	1	1	0	4.16	1	1.2	0.8;
	89	1	0.000167	8.35e-05	0	0	1	1	0	4.16	1	1.2	0.8;
	90	1	0.00075	0.000375	0	0	1	1	0	4.16	1	1.2	0.8;
	91	1	0.000111	5.55e-05	0	0	1	1	0	4.16	1	1.2	0.8;
	92	1	0.000439	0.0002195	0	0	1	1	0	4.16	1	1.2	0.8;
	93	1	0.001102	0.000551	0	0	1	1	0	4.16	1	1.2	0.8;
	94	1	0.000414	0.000207	0	0	1	1	0	4.16	1	1.2	0.8;
	95	1	0.001174	0.000587	0	0	1	1	0	4.16	1	1.2	0.8;
	96	1	0.000509	0.0002545	0	0	1	1	0	4.16	1	1.2	0.8;
	97	1	0.000392	0.000196	0	0	1	1	0	4.16	1	1.2	0.8;
	98	1	0.000654	0.000327	0	0	1	1	0	4.16	1	1.2	0.8;
	99	1	6.6e-05	3.3e-05	0	0	1	1	0	4.16	1	1.2	0.8;
	100	1	0.002911	0.0014555	0	0	1	1	0	4.16	1	1.2	0.8;
	101	1	1e-10	5e-11	0	0	1	1	0	4.16	1	1.2	0.8;
	102	1	0.000209	0.0001045	0	0	1	1	0	4.16	1	1.2	0.8;
	103	1	0.000728	0.000364	0	0	1	1	0	4.16	1	1.2	0.8;
	104	1	0.000485	0.0002425	0	0	1	1	0	4.16	1	1.2	0.8;
	105	1	0.000966	0.000483	0	0	1	1	0	4.16	1	1.2	0.8;
	106	1	1e-10	5e-11	0	0	1	1	0	4.16	1	1.2	0.8;
	107	1	1e-10	5e-11	0	0	1	1	0	4.16	1	1.2	0.8;
	108	1	0.000278	0.000139	0	0	1	1	0	4.16	1	1.2	0.8;
	109	1	0.000101	5.05e-05	0	0	1	1	0	4.16	1	1.2	0.8;
];

%% generator data
%	bus	Pg	Qg	Qmax	Qmin	Vg	mBase	status	Pmax	Pmin	Pc1	Pc2	Qc1min	Qc1max	Qc2min	Qc2max	ramp_agc	ramp_10	ramp_30	ramp_q	apf
mpc.gen = [
	1	17.068	0	200	-200	1	1	1	200	-200	0	0	0	0	0	0	10	0	0	0	0;
];

%% branch data
%	fbus	tbus	r	x	b	rateA	rateB	rateC	ratio	angle	status	angmin	angmax
