function mpc = case_ieee123_storage_749
%CASE_IEEE123_STORAGE_749

%% MATPOWER Case Format : Version 2
mpc.version = '2';

%%-----  Power Flow Data  -----%%
%% system MVA base
mpc.baseMVA = 1;

%% bus data
%	bus_i	type	Pd	Qd	Gs	Bs	area	Vm	Va	baseKV	zone	Vmax	Vmin
mpc.bus = [
	1	3	-0.001727	-0.0008635	0	0	1	1	0	4.16	1	1.2	0.8;
	2	1	0.000247	0.0001235	0	0	1	1	0	4.16	1	1.2	0.8;
	3	1	0.001012	0.000506	0	0	1	1	0	4.16	1	1.2	0.8;
	4	1	-3.8e-05	-1.9e-05	0	0	1	1	0	4.16	1	1.2	0.8;
	5	1	-0.001088	-0.000544	0	0	1	1	0	4.16	1	1.2	0.8;
	6	1	1e-10	5e-11	0	0	1	1	0	4.16	1	1.2	0.8;
	7	1	1e-10	5e-11	0	0	1	1	0	4.16	1	1.2	0.8;
	8	1	-0.001846	-0.000923	0	0	1	1	0	4.16	1	1.2	0.8;
	9	1	-0.001565	-0.0007825	0	0	1	1	0	4.16	1	1.2	0.8;
	10	1	-0.001672	-0.000836	0	0	1	1	0	4.16	1	1.2	0.8;
	11	1	1e-10	5e-11	0	0	1	1	0	4.16	1	1.2	0.8;
	12	1	-0.00051	-0.000255	0	0	1	1	0	4.16	1	1.2	0.8;
	13	1	-0.001628	-0.000814	0	0	1	1	0	4.16	1	1.2	0.8;
	14	1	0.000155	7.75e-05	0	0	1	1	0	4.16	1	1.2	0.8;
	15	1	-0.001182	-0.000591	0	0	1	1	0	4.16	1	1.2	0.8;
	16	1	1e-10	5e-11	0	0	1	1	0	4.16	1	1.2	0.8;
	17	1	-0.001708	-0.000854	0	0	1	1	0	4.16	1	1.2	0.8;
	18	1	-0.001992	-0.000996	0	0	1	1	0	4.16	1	1.2	0.8;
	19	1	-0.001601	-0.0008005	0	0	1	1	0	4.16	1	1.2	0.8;
	20	1	-0.001671	-0.0008355	0	0	1	1	0	4.16	1	1.2	0.8;
	21	1	-0.000559	-0.0002795	0	0	1	1	0	4.16	1	1.2	0.8;
	22	1	0.000304	0.000152	0	0	1	1	0	4.16	1	1.2	0.8;
	23	1	-0.000678	-0.000339	0	0	1	1	0	4.16	1	1.2	0.8;
	24	1	0.0025	0.00125	0	0	1	1	0	4.16	1	1.2	0.8;
	25	1	-0.000776	-0.000388	0	0	1	1	0	4.16	1	1.2	0.8;
	26	1	0.000385	0.0001925	0	0	1	1	0	4.16	1	1.2	0.8;
	27	1	-0.001658	-0.000829	0	0	1	1	0	4.16	1	1.2	0.8;
	28	1	-0.001253	-0.0006265	0	0	1	1	0	4.16	1	1.2	0.8;
	29	1	1e-10	5e-11	0	0	1	1	0	4.16	1	1.2	0.8;
	30	1	-0.000998	-0.000499	0	0	1	1	0	4.16	1	1.2	0.8;
	31	1	0.000246	0.000123	0	0	1	1	0	4.16	1	1.2	0.8;
	32	1	-0.000241	-0.0001205	0	0	1	1	0	4.16	1	1.2	0.8;
	33	1	-0.000552	-0.000276	0	0	1	1	0	4.16	1	1.2	0.8;
	34	1	-0.000754	-0.000377	0	0	1	1	0	4.16	1	1.2	0.8;
	35	1	-0.000705	-0.0003525	0	0	1	1	0	4.16	1	1.2	0.8;
	36	1	1e-10	5e-11	0	0	1	1	0	4.16	1	1.2	0.8;
	37	1	0.003304	0.001652	0	0	1	1	0	4.16	1	1.2	0.8;
	38	1	0.004428	0.002214	0	0	1	1	0	4.16	1	1.2	0.8;
	39	1	0.000344	0.000172	0	0	1	1	0	4.16	1	1.2	0.8;
	40	1	-0.001043	-0.0005215	0	0	1	1	0	4.16	1	1.2	0.8;
	41	1	-0.001953	-0.0009765	0	0	1	1	0	4.16	1	1.2	0.8;
	42	1	-0.001335	-0.0006675	0	0	1	1	0	4.16	1	1.2	0.8;
	43	1	1.4e-05	7e-06	0	0	1	1	0	4.16	1	1.2	0.8;
	44	1	0.003037	0.0015185	0	0	1	1	0	4.16	1	1.2	0.8;
	45	1	0.008373	0.0041865	0	0	1	1	0	4.16	1	1.2	0.8;
	46	1	-0.000252	-0.000126	0	0	1	1	0	4.16	1	1.2	0.8;
	47	1	-0.000329	-0.0001645	0	0	1	1	0	4.16	1	1.2	0.8;
	48	1	-0.000924	-0.000462	0	0	1	1	0	4.16	1	1.2	0.8;
	49	1	-0.001414	-0.000707	0	0	1	1	0	4.16	1	1.2	0.8;
	50	1	-0.000759	-0.0003795	0	0	1	1	0	4.16	1	1.2	0.8;
	51	1	1e-10	5e-11	0	0	1	1	0	4.16	1	1.2	0.8;
	52	1	-0.002059	-0.0010295	0	0	1	1	0	4.16	1	1.2	0.8;
	53	1	0.006001	0.0030005	0	0	1	1	0	4.16	1	1.2	0.8;
	54	1	-0.001309	-0.0006545	0	0	1	1	0	4.16	1	1.2	0.8;
	55	1	-0.000874	-0.000437	0	0	1	1	0	4.16	1	1.2	0.8;
	56	1	-0.001189	-0.0005945	0	0	1	1	0	4.16	1	1.2	0.8;
	57	1	-0.00083	-0.000415	0	0	1	1	0	4.16	1	1.2	0.8;
	58	1	-0.001455	-0.0007275	0	0	1	1	0	4.16	1	1.2	0.8;
	59	1	-0.00187	-0.000935	0	0	1	1	0	4.16	1	1.2	0.8;
	60	1	0.000246	0.000123	0	0	1	1	0	4.16	1	1.2	0.8;
	61	1	-0.000971	-0.0004855	0	0	1	1	0	4.16	1	1.2	0.8;
	62	1	-0.000342	-0.000171	0	0	1	1	0	4.16	1	1.2	0.8;
	63	1	-0.001764	-0.000882	0	0	1	1	0	4.16	1	1.2	0.8;
	64	1	0.000545	0.0002725	0	0	1	1	0	4.16	1	1.2	0.8;
	65	1	-0.000685	-0.0003425	0	0	1	1	0	4.16	1	1.2	0.8;
	66	1	-0.0009	-0.00045	0	0	1	1	0	4.16	1	1.2	0.8;
	67	1	-0.000441	-0.0002205	0	0	1	1	0	4.16	1	1.2	0.8;
	68	1	-0.000763	-0.0003815	0	0	1	1	0	4.16	1	1.2	0.8;
	69	1	1e-10	5e-11	0	0	1	1	0	4.16	1	1.2	0.8;
	70	1	-0.000211	-0.0001055	0	0	1	1	0	4.16	1	1.2	0.8;
	71	1	-0.002065	-0.0010325	0	0	1	1	0	4.16	1	1.2	0.8;
	72	1	-0.001457	-0.0007285	0	0	1	1	0	4.16	1	1.2	0.8;
	73	1	0.00015	7.5e-05	0	0	1	1	0	4.16	1	1.2	0.8;
	74	1	-0.00185	-0.000925	0	0	1	1	0	4.16	1	1.2	0.8;
	75	1	-0.001605	-0.0008025	0	0	1	1	0	4.16	1	1.2	0.8;
	76	1	0.00036	0.00018	0	0	1	1	0	4.16	1	1.2	0.8;
	77	1	-0.000414	-0.000207	0	0	1	1	0	4.16	1	1.2	0.8;
	78	1	0.00038	0.00019	0	0	1	1	0	4.16	1	1.2	0.8;
	79	1	0.003409	0.0017045	0	0	1	1	0	4.16	1	1.2	0.8;
	80	1	-0.000872	-0.000436	0	0	1	1	0	4.16	1	1.2	0.8;
	81	1	-0.001625	-0.0008125	0	0	1	1	0	4.16	1	1.2	0.8;
	82	1	-0.000756	-0.000378	0	0	1	1	0	4.16	1	1.2	0.8;
	83	1	-0.00082	-0.00041	0	0	1	1	0	4.16	1	1.2	0.8;
	84	1	0.000713	0.0003565	0	0	1	1	0	4.16	1	1.2	0.8;
	85	1	-0.000483	-0.0002415	0	0	1	1	0	4.16	1	1.2	0.8;
	86	1	-0.000728	-0.000364	0	0	1	1	0	4.16	1	1.2	0.8;
	87	1	-0.001494	-0.000747	0	0	1	1	0	4.16	1	1.2	0.8;
	88	1	-0.001601	-0.0008005	0	0	1	1	0	4.16	1	1.2	0.8;
	89	1	-0.001211	-0.0006055	0	0	1	1	0	4.16	1	1.2	0.8;
	90	1	-0.000459	-0.0002295	0	0	1	1	0	4.16	1	1.2	0.8;
	91	1	0.000162	8.1e-05	0	0	1	1	0	4.16	1	1.2	0.8;
	92	1	0.000183	9.15e-05	0	0	1	1	0	4.16	1	1.2	0.8;
	93	1	0.001288	0.000644	0	0	1	1	0	4.16	1	1.2	0.8;
	94	1	0.006773	0.0033865	0	0	1	1	0	4.16	1	1.2	0.8;
	95	1	0.000794	0.000397	0	0	1	1	0	4.16	1	1.2	0.8;
	96	1	0.000309	0.0001545	0	0	1	1	0	4.16	1	1.2	0.8;
	97	1	0.000524	0.000262	0	0	1	1	0	4.16	1	1.2	0.8;
	98	1	-0.00041	-0.000205	0	0	1	1	0	4.16	1	1.2	0.8;
	99	1	0.000246	0.000123	0	0	1	1	0	4.16	1	1.2	0.8;
	100	1	0.000606	0.000303	0	0	1	1	0	4.16	1	1.2	0.8;
	101	1	0.000135	6.75e-05	0	0	1	1	0	4.16	1	1.2	0.8;
	102	1	0.000224	0.000112	0	0	1	1	0	4.16	1	1.2	0.8;
	103	1	0.000623	0.0003115	0	0	1	1	0	4.16	1	1.2	0.8;
	104	1	-0.000581	-0.0002905	0	0	1	1	0	4.16	1	1.2	0.8;
	105	1	0.003041	0.0015205	0	0	1	1	0	4.16	1	1.2	0.8;
	106	1	1e-10	5e-11	0	0	1	1	0	4.16	1	1.2	0.8;
	107	1	1e-10	5e-11	0	0	1	1	0	4.16	1	1.2	0.8;
	108	1	0.000233	0.0001165	0	0	1	1	0	4.16	1	1.2	0.8;
	109	1	-0.001521	-0.0007605	0	0	1	1	0	4.16	1	1.2	0.8;
];

%% generator data
%	bus	Pg	Qg	Qmax	Qmin	Vg	mBase	status	Pmax	Pmin	Pc1	Pc2	Qc1min	Qc1max	Qc2min	Qc2max	ramp_agc	ramp_10	ramp_30	ramp_q	apf
mpc.gen = [
	1	17.068	0	200	-200	1	1	1	200	-200	0	0	0	0	0	0	10	0	0	0	0;
];

%% branch data
%	fbus	tbus	r	x	b	rateA	rateB	rateC	ratio	angle	status	angmin	angmax
