function mpc = case_ieee123_storage_132
%CASE_IEEE123_STORAGE_132

%% MATPOWER Case Format : Version 2
mpc.version = '2';

%%-----  Power Flow Data  -----%%
%% system MVA base
mpc.baseMVA = 1;

%% bus data
%	bus_i	type	Pd	Qd	Gs	Bs	area	Vm	Va	baseKV	zone	Vmax	Vmin
mpc.bus = [
	1	3	0.000201	0.0001005	0	0	1	1	0	4.16	1	1.2	0.8;
	2	1	0.000941	0.0004705	0	0	1	1	0	4.16	1	1.2	0.8;
	3	1	0.000552	0.000276	0	0	1	1	0	4.16	1	1.2	0.8;
	4	1	0.000323	0.0001615	0	0	1	1	0	4.16	1	1.2	0.8;
	5	1	0.000196	9.8e-05	0	0	1	1	0	4.16	1	1.2	0.8;
	6	1	1e-10	5e-11	0	0	1	1	0	4.16	1	1.2	0.8;
	7	1	1e-10	5e-11	0	0	1	1	0	4.16	1	1.2	0.8;
	8	1	0.000551	0.0002755	0	0	1	1	0	4.16	1	1.2	0.8;
	9	1	0.002363	0.0011815	0	0	1	1	0	4.16	1	1.2	0.8;
	10	1	0.000348	0.000174	0	0	1	1	0	4.16	1	1.2	0.8;
	11	1	0.000608	0.000304	0	0	1	1	0	4.16	1	1.2	0.8;
	12	1	0.000473	0.0002365	0	0	1	1	0	4.16	1	1.2	0.8;
	13	1	0.000322	0.000161	0	0	1	1	0	4.16	1	1.2	0.8;
	14	1	1e-10	5e-11	0	0	1	1	0	4.16	1	1.2	0.8;
	15	1	0.001876	0.000938	0	0	1	1	0	4.16	1	1.2	0.8;
	16	1	0.000402	0.000201	0	0	1	1	0	4.16	1	1.2	0.8;
	17	1	0.000247	0.0001235	0	0	1	1	0	4.16	1	1.2	0.8;
	18	1	0.000131	6.55e-05	0	0	1	1	0	4.16	1	1.2	0.8;
	19	1	0.000398	0.000199	0	0	1	1	0	4.16	1	1.2	0.8;
	20	1	0.000259	0.0001295	0	0	1	1	0	4.16	1	1.2	0.8;
	21	1	0.000256	0.000128	0	0	1	1	0	4.16	1	1.2	0.8;
	22	1	0.000106	5.3e-05	0	0	1	1	0	4.16	1	1.2	0.8;
	23	1	0.000268	0.000134	0	0	1	1	0	4.16	1	1.2	0.8;
	24	1	0.002941	0.0014705	0	0	1	1	0	4.16	1	1.2	0.8;
	25	1	0.000248	0.000124	0	0	1	1	0	4.16	1	1.2	0.8;
	26	1	0.000717	0.0003585	0	0	1	1	0	4.16	1	1.2	0.8;
	27	1	0.000604	0.000302	0	0	1	1	0	4.16	1	1.2	0.8;
	28	1	0.000612	0.000306	0	0	1	1	0	4.16	1	1.2	0.8;
	29	1	0.000502	0.000251	0	0	1	1	0	4.16	1	1.2	0.8;
	30	1	0.002357	0.0011785	0	0	1	1	0	4.16	1	1.2	0.8;
	31	1	0.000372	0.000186	0	0	1	1	0	4.16	1	1.2	0.8;
	32	1	0.000253	0.0001265	0	0	1	1	0	4.16	1	1.2	0.8;
	33	1	0.000514	0.000257	0	0	1	1	0	4.16	1	1.2	0.8;
	34	1	0.00033	0.000165	0	0	1	1	0	4.16	1	1.2	0.8;
	35	1	0.000512	0.000256	0	0	1	1	0	4.16	1	1.2	0.8;
	36	1	1e-10	5e-11	0	0	1	1	0	4.16	1	1.2	0.8;
	37	1	9.2e-05	4.6e-05	0	0	1	1	0	4.16	1	1.2	0.8;
	38	1	0.000254	0.000127	0	0	1	1	0	4.16	1	1.2	0.8;
	39	1	0.000583	0.0002915	0	0	1	1	0	4.16	1	1.2	0.8;
	40	1	0.000455	0.0002275	0	0	1	1	0	4.16	1	1.2	0.8;
	41	1	0.000758	0.000379	0	0	1	1	0	4.16	1	1.2	0.8;
	42	1	0.000159	7.95e-05	0	0	1	1	0	4.16	1	1.2	0.8;
	43	1	0.006918	0.003459	0	0	1	1	0	4.16	1	1.2	0.8;
	44	1	0.000308	0.000154	0	0	1	1	0	4.16	1	1.2	0.8;
	45	1	0.000429	0.0002145	0	0	1	1	0	4.16	1	1.2	0.8;
	46	1	0.000423	0.0002115	0	0	1	1	0	4.16	1	1.2	0.8;
	47	1	0.000632	0.000316	0	0	1	1	0	4.16	1	1.2	0.8;
	48	1	0.000448	0.000224	0	0	1	1	0	4.16	1	1.2	0.8;
	49	1	0.000634	0.000317	0	0	1	1	0	4.16	1	1.2	0.8;
	50	1	0.000381	0.0001905	0	0	1	1	0	4.16	1	1.2	0.8;
	51	1	0.000328	0.000164	0	0	1	1	0	4.16	1	1.2	0.8;
	52	1	0.000244	0.000122	0	0	1	1	0	4.16	1	1.2	0.8;
	53	1	0.000302	0.000151	0	0	1	1	0	4.16	1	1.2	0.8;
	54	1	0.000318	0.000159	0	0	1	1	0	4.16	1	1.2	0.8;
	55	1	0.000424	0.000212	0	0	1	1	0	4.16	1	1.2	0.8;
	56	1	0.000298	0.000149	0	0	1	1	0	4.16	1	1.2	0.8;
	57	1	0.000759	0.0003795	0	0	1	1	0	4.16	1	1.2	0.8;
	58	1	0.000363	0.0001815	0	0	1	1	0	4.16	1	1.2	0.8;
	59	1	0.000206	0.000103	0	0	1	1	0	4.16	1	1.2	0.8;
	60	1	0.000229	0.0001145	0	0	1	1	0	4.16	1	1.2	0.8;
];

%% generator data
%	bus	Pg	Qg	Qmax	Qmin	Vg	mBase	status	Pmax	Pmin	Pc1	Pc2	Qc1min	Qc1max	Qc2min	Qc2max	ramp_agc	ramp_10	ramp_30	ramp_q	apf
mpc.gen = [
	1	0.0367280004	0	200	-200	1	1	1	200	-200	0	0	0	0	0	0	10	0	0	0	0;
];

%% branch data
%	fbus	tbus	r	x	b	rateA	rateB	rateC	ratio	angle	status	angmin	angmax
mpc.branch = [
	1	2	0.0013398623	0.0027450827	3.02770272e-08	100	100	100	0	0	1	-80	80;
	1	2	0.0013398623	0.0027450827	3.02770272e-08	100	100	100	0	0	1	-80	80;
	2	3	0.0013398623	0.0027450827	3.02770272e-08	100	100	100	0	0	1	-80	80;
	3	4	0.0013398623	0.0027450827	3.02770272e-08	100	100	100	0	0	1	-80	80;
	4	5	0.0013398623	0.0027450827	3.02770272e-08	100	100	100	0	0	1	-80	80;
	5	6	0.0013398623	0.0027450827	3.02770272e-08	100	100	100	0	0	1	-80	80;
	6	7	0.0013398623	0.0027450827	3.02770272e-08	100	100	100	0	0	1	-80	80;
	7	8	0.0013398623	0.0027450827	3.02770272e-08	100	100	100	0	0	1	-80	80;
	8	9	0.0013398623	0.0027450827	3.02770272e-08	100	100	100	0	0	1	-80	80;
	9	10	0.0013398623	0.0027450827	3.02770272e-08	100	100	100	0	0	1	-80	80;
	10	11	0.0013398623	0.0027450827	3.02770272e-08	100	100	100	0	0	1	-80	80;
	11	12	0.0013398623	0.0027450827	3.02770272e-08	100	100	100	0	0	1	-80	80;
	12	13	0.0013398623	0.0027450827	3.02770272e-08	100	100	100	0	0	1	-80	80;
	13	14	0.0013398623	0.0027450827	3.02770272e-08	100	100	100	0	0	1	-80	80;
	14	15	0.0013398623	0.0027450827	3.02770272e-08	100	100	100	0	0	1	-80	80;
	15	16	0.0013398623	0.0027450827	3.02770272e-08	100	100	100	0	0	1	-80	80;
	16	17	0.0013398623	0.0027450827	3.02770272e-08	100	100	100	0	0	1	-80	80;
	17	18	0.0013398623	0.0027450827	3.02770272e-08	100	100	100	0	0	1	-80	80;
	18	19	0.0013398623	0.0027450827	3.02770272e-08	100	100	100	0	0	1	-80	80;
	19	20	0.0013398623	0.0027450827	3.02770272e-08	100	100	100	0	0	1	-80	80;
	20	21	0.0013398623	0.0027450827	3.02770272e-08	100	100	100	0	0	1	-80	80;
	21	22	0.0013398623	0.0027450827	3.02770272e-08	100	100	100	0	0	1	-80	80;
	22	23	0.0013398623	0.0027450827	3.02770272e-08	100	100	100	0	0	1	-80	80;
	23	24	0.0013398623	0.0027450827	3.02770272e-08	100	100	100	0	0	1	-80	80;
	24	25	0.0013398623	0.0027450827	3.02770272e-08	100	100	100	0	0	1	-80	80;
	25	26	0.0013398623	0.0027450827	3.02770272e-08	100	100	100	0	0	1	-80	80;
	26	27	0.0013398623	0.0027450827	3.02770272e-08	100	100	100	0	0	1	-80	80;
	27	28	0.0013398623	0.0027450827	3.02770272e-08	100	100	100	0	0	1	-80	80;
	28	29	0.0013398623	0.0027450827	3.02770272e-08	100	100	100	0	0	1	-80	80;
	1	30	0.0013398623	0.0027450827	3.02770272e-08	100	100	100	0	0	1	-80	80;
	30	31	0.0013398623	0.0027450827	3.02770272e-08	100	100	100	0	0	1	-80	80;
	31	32	0.0013398623	0.0027450827	3.02770272e-08	100	100	100	0	0	1	-80	80;
	32	33	0.0013398623	0.0027450827	3.02770272e-08	100	100	100	0	0	1	-80	80;
	33	34	0.0013398623	0.0027450827	3.02770272e-08	100	100	100	0	0	1	-80	80;
	34	35	0.0013398623	0.0027450827	3.02770272e-08	100	100	100	0	0	1	-80	80;
	35	36	0.0013398623	0.0027450827	3.02770272e-08	100	100	100	0	0	1	-80	80;
	36	37	0.0013398623	0.0027450827	3.02770272e-08	100	100	100	0	0	1	-80	80;
	37	38	0.0013398623	0.0027450827	3.02770272e-08	100	100	100	0	0	1	-80	80;
	38	39	0.0013398623	0.0027450827	3.02770272e-08	100	100	100	0	0	1	-80	80;
	39	40	0.0013398623	0.0027450827	3.02770272e-08	100	100	100	0	0	1	-80	80;
	40	41	0.0013398623	0.0027450827	3.02770272e-08	100	100	100	0	0	1	-80	80;
	41	42	0.0013398623	0.0027450827	3.02770272e-08	100	100	100	0	0	1	-80	80;
	42	43	0.0013398623	0.0027450827	3.02770272e-08	100	100	100	0	0	1	-80	80;
	43	44	0.0013398623	0.0027450827	3.02770272e-08	100	100	100	0	0	1	-80	80;
	44	45	0.0013398623	0.0027450827	3.02770272e-08	100	100	100	0	0	1	-80	80;
	45	46	0.0013398623	0.0027450827	3.02770272e-08	100	100	100	0	0	1	-80	80;
	46	47	0.0013398623	0.0027450827	3.02770272e-08	100	100	100	0	0	1	-80	80;
	47	48	0.0013398623	0.0027450827	3.02770272e-08	100	100	100	0	0	1	-80	80;
	48	49	0.0013398623	0.0027450827	3.02770272e-08	100	100	100	0	0	1	-80	80;
	49	50	0.0013398623	0.0027450827	3.02770272e-08	100	100	100	0	0	1	-80	80;
	50	51	0.0013398623	0.0027450827	3.02770272e-08	100	100	100	0	0	1	-80	80;
	51	52	0.0013398623	0.0027450827	3.02770272e-08	100	100	100	0	0	1	-80	80;
	52	53	0.0013398623	0.0027450827	3.02770272e-08	100	100	100	0	0	1	-80	80;
	53	54	0.0013398623	0.0027450827	3.02770272e-08	100	100	100	0	0	1	-80	80;
	54	55	0.0013398623	0.0027450827	3.02770272e-08	100	100	100	0	0	1	-80	80;
	55	56	0.0013398623	0.0027450827	3.02770272e-08	100	100	100	0	0	1	-80	80;
	56	57	0.0013398623	0.0027450827	3.02770272e-08	100	100	100	0	0	1	-80	80;
	57	58	0.0013398623	0.0027450827	3.02770272e-08	100	100	100	0	0	1	-80	80;
	58	59	0.0013398623	0.0027450827	3.02770272e-08	100	100	100	0	0	1	-80	80;
