function mpc = case_ieee123_storage_554
%CASE_IEEE123_STORAGE_554

%% MATPOWER Case Format : Version 2
mpc.version = '2';

%%-----  Power Flow Data  -----%%
%% system MVA base
mpc.baseMVA = 1;

%% bus data
%	bus_i	type	Pd	Qd	Gs	Bs	area	Vm	Va	baseKV	zone	Vmax	Vmin
mpc.bus = [
	1	3	-0.000282	-0.000141	0	0	1	1	0	4.16	1	1.2	0.8;
	2	1	0.000655	0.0003275	0	0	1	1	0	4.16	1	1.2	0.8;
	3	1	0.00128	0.00064	0	0	1	1	0	4.16	1	1.2	0.8;
	4	1	0.00522	0.00261	0	0	1	1	0	4.16	1	1.2	0.8;
	5	1	-5.9e-05	-2.95e-05	0	0	1	1	0	4.16	1	1.2	0.8;
	6	1	1e-10	5e-11	0	0	1	1	0	4.16	1	1.2	0.8;
	7	1	1e-10	5e-11	0	0	1	1	0	4.16	1	1.2	0.8;
	8	1	-0.000309	-0.0001545	0	0	1	1	0	4.16	1	1.2	0.8;
	9	1	-0.000213	-0.0001065	0	0	1	1	0	4.16	1	1.2	0.8;
	10	1	-0.000395	-0.0001975	0	0	1	1	0	4.16	1	1.2	0.8;
	11	1	1e-10	5e-11	0	0	1	1	0	4.16	1	1.2	0.8;
	12	1	0.0001	5e-05	0	0	1	1	0	4.16	1	1.2	0.8;
	13	1	-0.000218	-0.000109	0	0	1	1	0	4.16	1	1.2	0.8;
	14	1	0.000957	0.0004785	0	0	1	1	0	4.16	1	1.2	0.8;
	15	1	-0.000175	-8.75e-05	0	0	1	1	0	4.16	1	1.2	0.8;
	16	1	1e-10	5e-11	0	0	1	1	0	4.16	1	1.2	0.8;
	17	1	-0.00036	-0.00018	0	0	1	1	0	4.16	1	1.2	0.8;
	18	1	-0.000366	-0.000183	0	0	1	1	0	4.16	1	1.2	0.8;
	19	1	-0.00026	-0.00013	0	0	1	1	0	4.16	1	1.2	0.8;
	20	1	-0.000442	-0.000221	0	0	1	1	0	4.16	1	1.2	0.8;
	21	1	-5.3e-05	-2.65e-05	0	0	1	1	0	4.16	1	1.2	0.8;
	22	1	0.001469	0.0007345	0	0	1	1	0	4.16	1	1.2	0.8;
	23	1	-6.3e-05	-3.15e-05	0	0	1	1	0	4.16	1	1.2	0.8;
	24	1	8.4e-05	4.2e-05	0	0	1	1	0	4.16	1	1.2	0.8;
	25	1	-0.000142	-7.1e-05	0	0	1	1	0	4.16	1	1.2	0.8;
	26	1	0.000469	0.0002345	0	0	1	1	0	4.16	1	1.2	0.8;
	27	1	-0.00021	-0.000105	0	0	1	1	0	4.16	1	1.2	0.8;
	28	1	-0.000247	-0.0001235	0	0	1	1	0	4.16	1	1.2	0.8;
	29	1	1e-10	5e-11	0	0	1	1	0	4.16	1	1.2	0.8;
	30	1	0.000125	6.25e-05	0	0	1	1	0	4.16	1	1.2	0.8;
	31	1	0.000242	0.000121	0	0	1	1	0	4.16	1	1.2	0.8;
	32	1	-0.000123	-6.15e-05	0	0	1	1	0	4.16	1	1.2	0.8;
	33	1	0.000756	0.000378	0	0	1	1	0	4.16	1	1.2	0.8;
	34	1	0.001224	0.000612	0	0	1	1	0	4.16	1	1.2	0.8;
	35	1	0.000124	6.2e-05	0	0	1	1	0	4.16	1	1.2	0.8;
	36	1	1e-10	5e-11	0	0	1	1	0	4.16	1	1.2	0.8;
	37	1	0.000665	0.0003325	0	0	1	1	0	4.16	1	1.2	0.8;
	38	1	1e-10	5e-11	0	0	1	1	0	4.16	1	1.2	0.8;
	39	1	-8.4e-05	-4.2e-05	0	0	1	1	0	4.16	1	1.2	0.8;
	40	1	0.00022	0.00011	0	0	1	1	0	4.16	1	1.2	0.8;
	41	1	-0.000124	-6.2e-05	0	0	1	1	0	4.16	1	1.2	0.8;
	42	1	0.000308	0.000154	0	0	1	1	0	4.16	1	1.2	0.8;
	43	1	-0.000578	-0.000289	0	0	1	1	0	4.16	1	1.2	0.8;
	44	1	0.000866	0.000433	0	0	1	1	0	4.16	1	1.2	0.8;
	45	1	0.006385	0.0031925	0	0	1	1	0	4.16	1	1.2	0.8;
	46	1	0.002165	0.0010825	0	0	1	1	0	4.16	1	1.2	0.8;
	47	1	0.001186	0.000593	0	0	1	1	0	4.16	1	1.2	0.8;
	48	1	0.000447	0.0002235	0	0	1	1	0	4.16	1	1.2	0.8;
	49	1	-0.000226	-0.000113	0	0	1	1	0	4.16	1	1.2	0.8;
	50	1	0.000459	0.0002295	0	0	1	1	0	4.16	1	1.2	0.8;
	51	1	1e-10	5e-11	0	0	1	1	0	4.16	1	1.2	0.8;
	52	1	-0.000482	-0.000241	0	0	1	1	0	4.16	1	1.2	0.8;
	53	1	0.000594	0.000297	0	0	1	1	0	4.16	1	1.2	0.8;
	54	1	0.000168	8.4e-05	0	0	1	1	0	4.16	1	1.2	0.8;
	55	1	0.00018	9e-05	0	0	1	1	0	4.16	1	1.2	0.8;
	56	1	-0.000296	-0.000148	0	0	1	1	0	4.16	1	1.2	0.8;
	57	1	-0.000223	-0.0001115	0	0	1	1	0	4.16	1	1.2	0.8;
	58	1	-0.000376	-0.000188	0	0	1	1	0	4.16	1	1.2	0.8;
	59	1	-0.000224	-0.000112	0	0	1	1	0	4.16	1	1.2	0.8;
	60	1	0.000279	0.0001395	0	0	1	1	0	4.16	1	1.2	0.8;
	61	1	-0.000508	-0.000254	0	0	1	1	0	4.16	1	1.2	0.8;
	62	1	-0.000685	-0.0003425	0	0	1	1	0	4.16	1	1.2	0.8;
	63	1	-0.000352	-0.000176	0	0	1	1	0	4.16	1	1.2	0.8;
	64	1	-0.00058	-0.00029	0	0	1	1	0	4.16	1	1.2	0.8;
	65	1	0.001915	0.0009575	0	0	1	1	0	4.16	1	1.2	0.8;
	66	1	0.00034	0.00017	0	0	1	1	0	4.16	1	1.2	0.8;
	67	1	-7.5e-05	-3.75e-05	0	0	1	1	0	4.16	1	1.2	0.8;
	68	1	0.002198	0.001099	0	0	1	1	0	4.16	1	1.2	0.8;
	69	1	1e-10	5e-11	0	0	1	1	0	4.16	1	1.2	0.8;
	70	1	-0.000256	-0.000128	0	0	1	1	0	4.16	1	1.2	0.8;
	71	1	-0.00019	-9.5e-05	0	0	1	1	0	4.16	1	1.2	0.8;
	72	1	-4.1e-05	-2.05e-05	0	0	1	1	0	4.16	1	1.2	0.8;
	73	1	0.000154	7.7e-05	0	0	1	1	0	4.16	1	1.2	0.8;
	74	1	-0.000157	-7.85e-05	0	0	1	1	0	4.16	1	1.2	0.8;
	75	1	-0.000206	-0.000103	0	0	1	1	0	4.16	1	1.2	0.8;
	76	1	0.000366	0.000183	0	0	1	1	0	4.16	1	1.2	0.8;
	77	1	8e-05	4e-05	0	0	1	1	0	4.16	1	1.2	0.8;
	78	1	0.00439	0.002195	0	0	1	1	0	4.16	1	1.2	0.8;
	79	1	0.000436	0.000218	0	0	1	1	0	4.16	1	1.2	0.8;
	80	1	0.000877	0.0004385	0	0	1	1	0	4.16	1	1.2	0.8;
	81	1	-0.000272	-0.000136	0	0	1	1	0	4.16	1	1.2	0.8;
	82	1	-0.000239	-0.0001195	0	0	1	1	0	4.16	1	1.2	0.8;
	83	1	0.000501	0.0002505	0	0	1	1	0	4.16	1	1.2	0.8;
	84	1	0.000254	0.000127	0	0	1	1	0	4.16	1	1.2	0.8;
	85	1	-0.000626	-0.000313	0	0	1	1	0	4.16	1	1.2	0.8;
	86	1	0.00029	0.000145	0	0	1	1	0	4.16	1	1.2	0.8;
	87	1	1.9e-05	9.5e-06	0	0	1	1	0	4.16	1	1.2	0.8;
	88	1	-9.2e-05	-4.6e-05	0	0	1	1	0	4.16	1	1.2	0.8;
	89	1	2.8e-05	1.4e-05	0	0	1	1	0	4.16	1	1.2	0.8;
	90	1	0.000376	0.000188	0	0	1	1	0	4.16	1	1.2	0.8;
	91	1	0.000289	0.0001445	0	0	1	1	0	4.16	1	1.2	0.8;
	92	1	0.000261	0.0001305	0	0	1	1	0	4.16	1	1.2	0.8;
	93	1	0.0011	0.00055	0	0	1	1	0	4.16	1	1.2	0.8;
	94	1	0.001426	0.000713	0	0	1	1	0	4.16	1	1.2	0.8;
	95	1	0.000812	0.000406	0	0	1	1	0	4.16	1	1.2	0.8;
	96	1	0.000192	9.6e-05	0	0	1	1	0	4.16	1	1.2	0.8;
	97	1	0.000748	0.000374	0	0	1	1	0	4.16	1	1.2	0.8;
	98	1	0.003254	0.001627	0	0	1	1	0	4.16	1	1.2	0.8;
	99	1	6.5e-05	3.25e-05	0	0	1	1	0	4.16	1	1.2	0.8;
	100	1	0.000556	0.000278	0	0	1	1	0	4.16	1	1.2	0.8;
	101	1	0.000174	8.7e-05	0	0	1	1	0	4.16	1	1.2	0.8;
	102	1	0.000531	0.0002655	0	0	1	1	0	4.16	1	1.2	0.8;
	103	1	0.000551	0.0002755	0	0	1	1	0	4.16	1	1.2	0.8;
	104	1	-0.000562	-0.000281	0	0	1	1	0	4.16	1	1.2	0.8;
	105	1	0.002704	0.001352	0	0	1	1	0	4.16	1	1.2	0.8;
	106	1	1e-10	5e-11	0	0	1	1	0	4.16	1	1.2	0.8;
	107	1	1e-10	5e-11	0	0	1	1	0	4.16	1	1.2	0.8;
	108	1	0.000925	0.0004625	0	0	1	1	0	4.16	1	1.2	0.8;
	109	1	-0.000282	-0.000141	0	0	1	1	0	4.16	1	1.2	0.8;
];

%% generator data
%	bus	Pg	Qg	Qmax	Qmin	Vg	mBase	status	Pmax	Pmin	Pc1	Pc2	Qc1min	Qc1max	Qc2min	Qc2max	ramp_agc	ramp_10	ramp_30	ramp_q	apf
mpc.gen = [
	1	17.068	0	200	-200	1	1	1	200	-200	0	0	0	0	0	0	10	0	0	0	0;
];

%% branch data
%	fbus	tbus	r	x	b	rateA	rateB	rateC	ratio	angle	status	angmin	angmax
