function mpc = case_ieee123_storage_429
%CASE_IEEE123_STORAGE_429

%% MATPOWER Case Format : Version 2
mpc.version = '2';

%%-----  Power Flow Data  -----%%
%% system MVA base
mpc.baseMVA = 1;

%% bus data
%	bus_i	type	Pd	Qd	Gs	Bs	area	Vm	Va	baseKV	zone	Vmax	Vmin
mpc.bus = [
	1	3	0.000329	0.0001645	0	0	1	1	0	4.16	1	1.2	0.8;
	2	1	0.004901	0.0024505	0	0	1	1	0	4.16	1	1.2	0.8;
	3	1	0.000865	0.0004325	0	0	1	1	0	4.16	1	1.2	0.8;
	4	1	0.000131	6.55e-05	0	0	1	1	0	4.16	1	1.2	0.8;
	5	1	0.000404	0.000202	0	0	1	1	0	4.16	1	1.2	0.8;
	6	1	1e-10	5e-11	0	0	1	1	0	4.16	1	1.2	0.8;
	7	1	1e-10	5e-11	0	0	1	1	0	4.16	1	1.2	0.8;
	8	1	0.000419	0.0002095	0	0	1	1	0	4.16	1	1.2	0.8;
	9	1	0.003121	0.0015605	0	0	1	1	0	4.16	1	1.2	0.8;
	10	1	0.000315	0.0001575	0	0	1	1	0	4.16	1	1.2	0.8;
	11	1	0.002362	0.001181	0	0	1	1	0	4.16	1	1.2	0.8;
	12	1	0.000539	0.0002695	0	0	1	1	0	4.16	1	1.2	0.8;
	13	1	0.00038	0.00019	0	0	1	1	0	4.16	1	1.2	0.8;
	14	1	1e-10	5e-11	0	0	1	1	0	4.16	1	1.2	0.8;
	15	1	0.001206	0.000603	0	0	1	1	0	4.16	1	1.2	0.8;
	16	1	0.00038	0.00019	0	0	1	1	0	4.16	1	1.2	0.8;
	17	1	0.000383	0.0001915	0	0	1	1	0	4.16	1	1.2	0.8;
	18	1	0.000223	0.0001115	0	0	1	1	0	4.16	1	1.2	0.8;
	19	1	0.00049	0.000245	0	0	1	1	0	4.16	1	1.2	0.8;
	20	1	0.000399	0.0001995	0	0	1	1	0	4.16	1	1.2	0.8;
	21	1	0.000327	0.0001635	0	0	1	1	0	4.16	1	1.2	0.8;
	22	1	0.000105	5.25e-05	0	0	1	1	0	4.16	1	1.2	0.8;
	23	1	0.000251	0.0001255	0	0	1	1	0	4.16	1	1.2	0.8;
	24	1	0.000708	0.000354	0	0	1	1	0	4.16	1	1.2	0.8;
	25	1	0.000247	0.0001235	0	0	1	1	0	4.16	1	1.2	0.8;
	26	1	0.000303	0.0001515	0	0	1	1	0	4.16	1	1.2	0.8;
	27	1	0.000861	0.0004305	0	0	1	1	0	4.16	1	1.2	0.8;
	28	1	0.004801	0.0024005	0	0	1	1	0	4.16	1	1.2	0.8;
	29	1	0.00089	0.000445	0	0	1	1	0	4.16	1	1.2	0.8;
	30	1	0.000146	7.3e-05	0	0	1	1	0	4.16	1	1.2	0.8;
	31	1	0.000518	0.000259	0	0	1	1	0	4.16	1	1.2	0.8;
	32	1	0.000186	9.3e-05	0	0	1	1	0	4.16	1	1.2	0.8;
	33	1	0.000595	0.0002975	0	0	1	1	0	4.16	1	1.2	0.8;
	34	1	0.000201	0.0001005	0	0	1	1	0	4.16	1	1.2	0.8;
	35	1	0.001643	0.0008215	0	0	1	1	0	4.16	1	1.2	0.8;
	36	1	0.00019	9.5e-05	0	0	1	1	0	4.16	1	1.2	0.8;
	37	1	0.000221	0.0001105	0	0	1	1	0	4.16	1	1.2	0.8;
	38	1	0.000126	6.3e-05	0	0	1	1	0	4.16	1	1.2	0.8;
	39	1	0.001745	0.0008725	0	0	1	1	0	4.16	1	1.2	0.8;
	40	1	0.000891	0.0004455	0	0	1	1	0	4.16	1	1.2	0.8;
	41	1	0.000673	0.0003365	0	0	1	1	0	4.16	1	1.2	0.8;
	42	1	0.000897	0.0004485	0	0	1	1	0	4.16	1	1.2	0.8;
	43	1	0.00051	0.000255	0	0	1	1	0	4.16	1	1.2	0.8;
	44	1	0.000376	0.000188	0	0	1	1	0	4.16	1	1.2	0.8;
	45	1	1e-10	5e-11	0	0	1	1	0	4.16	1	1.2	0.8;
	46	1	0.001805	0.0009025	0	0	1	1	0	4.16	1	1.2	0.8;
	47	1	1e-10	5e-11	0	0	1	1	0	4.16	1	1.2	0.8;
	48	1	1e-10	5e-11	0	0	1	1	0	4.16	1	1.2	0.8;
	49	1	0.000733	0.0003665	0	0	1	1	0	4.16	1	1.2	0.8;
	50	1	0.000446	0.000223	0	0	1	1	0	4.16	1	1.2	0.8;
	51	1	1e-10	5e-11	0	0	1	1	0	4.16	1	1.2	0.8;
	52	1	1e-10	5e-11	0	0	1	1	0	4.16	1	1.2	0.8;
	53	1	0.000695	0.0003475	0	0	1	1	0	4.16	1	1.2	0.8;
	54	1	1e-10	5e-11	0	0	1	1	0	4.16	1	1.2	0.8;
	55	1	1e-10	5e-11	0	0	1	1	0	4.16	1	1.2	0.8;
	56	1	0.000435	0.0002175	0	0	1	1	0	4.16	1	1.2	0.8;
	57	1	1e-10	5e-11	0	0	1	1	0	4.16	1	1.2	0.8;
	58	1	1e-10	5e-11	0	0	1	1	0	4.16	1	1.2	0.8;
	59	1	0.000141	7.05e-05	0	0	1	1	0	4.16	1	1.2	0.8;
	60	1	0.000359	0.0001795	0	0	1	1	0	4.16	1	1.2	0.8;
];

%% generator data
%	bus	Pg	Qg	Qmax	Qmin	Vg	mBase	status	Pmax	Pmin	Pc1	Pc2	Qc1min	Qc1max	Qc2min	Qc2max	ramp_agc	ramp_10	ramp_30	ramp_q	apf
mpc.gen = [
	1	0.0388720012	0	200	-200	1	1	1	200	-200	0	0	0	0	0	0	10	0	0	0	0;
];

%% branch data
%	fbus	tbus	r	x	b	rateA	rateB	rateC	ratio	angle	status	angmin	angmax
mpc.branch = [
	1	2	0.0013398623	0.0027450827	3.02770272e-08	100	100	100	0	0	1	-80	80;
	1	2	0.0013398623	0.0027450827	3.02770272e-08	100	100	100	0	0	1	-80	80;
	2	3	0.0013398623	0.0027450827	3.02770272e-08	100	100	100	0	0	1	-80	80;
	3	4	0.0013398623	0.0027450827	3.02770272e-08	100	100	100	0	0	1	-80	80;
	4	5	0.0013398623	0.0027450827	3.02770272e-08	100	100	100	0	0	1	-80	80;
	5	6	0.0013398623	0.0027450827	3.02770272e-08	100	100	100	0	0	1	-80	80;
	6	7	0.0013398623	0.0027450827	3.02770272e-08	100	100	100	0	0	1	-80	80;
	7	8	0.0013398623	0.0027450827	3.02770272e-08	100	100	100	0	0	1	-80	80;
	8	9	0.0013398623	0.0027450827	3.02770272e-08	100	100	100	0	0	1	-80	80;
	9	10	0.0013398623	0.0027450827	3.02770272e-08	100	100	100	0	0	1	-80	80;
	10	11	0.0013398623	0.0027450827	3.02770272e-08	100	100	100	0	0	1	-80	80;
	11	12	0.0013398623	0.0027450827	3.02770272e-08	100	100	100	0	0	1	-80	80;
	12	13	0.0013398623	0.0027450827	3.02770272e-08	100	100	100	0	0	1	-80	80;
	13	14	0.0013398623	0.0027450827	3.02770272e-08	100	100	100	0	0	1	-80	80;
	14	15	0.0013398623	0.0027450827	3.02770272e-08	100	100	100	0	0	1	-80	80;
	15	16	0.0013398623	0.0027450827	3.02770272e-08	100	100	100	0	0	1	-80	80;
	16	17	0.0013398623	0.0027450827	3.02770272e-08	100	100	100	0	0	1	-80	80;
	17	18	0.0013398623	0.0027450827	3.02770272e-08	100	100	100	0	0	1	-80	80;
	18	19	0.0013398623	0.0027450827	3.02770272e-08	100	100	100	0	0	1	-80	80;
	19	20	0.0013398623	0.0027450827	3.02770272e-08	100	100	100	0	0	1	-80	80;
	20	21	0.0013398623	0.0027450827	3.02770272e-08	100	100	100	0	0	1	-80	80;
	21	22	0.0013398623	0.0027450827	3.02770272e-08	100	100	100	0	0	1	-80	80;
	22	23	0.0013398623	0.0027450827	3.02770272e-08	100	100	100	0	0	1	-80	80;
	23	24	0.0013398623	0.0027450827	3.02770272e-08	100	100	100	0	0	1	-80	80;
	24	25	0.0013398623	0.0027450827	3.02770272e-08	100	100	100	0	0	1	-80	80;
	25	26	0.0013398623	0.0027450827	3.02770272e-08	100	100	100	0	0	1	-80	80;
	26	27	0.0013398623	0.0027450827	3.02770272e-08	100	100	100	0	0	1	-80	80;
	27	28	0.0013398623	0.0027450827	3.02770272e-08	100	100	100	0	0	1	-80	80;
	28	29	0.0013398623	0.0027450827	3.02770272e-08	100	100	100	0	0	1	-80	80;
	1	30	0.0013398623	0.0027450827	3.02770272e-08	100	100	100	0	0	1	-80	80;
	30	31	0.0013398623	0.0027450827	3.02770272e-08	100	100	100	0	0	1	-80	80;
	31	32	0.0013398623	0.0027450827	3.02770272e-08	100	100	100	0	0	1	-80	80;
	32	33	0.0013398623	0.0027450827	3.02770272e-08	100	100	100	0	0	1	-80	80;
	33	34	0.0013398623	0.0027450827	3.02770272e-08	100	100	100	0	0	1	-80	80;
	34	35	0.0013398623	0.0027450827	3.02770272e-08	100	100	100	0	0	1	-80	80;
	35	36	0.0013398623	0.0027450827	3.02770272e-08	100	100	100	0	0	1	-80	80;
	36	37	0.0013398623	0.0027450827	3.02770272e-08	100	100	100	0	0	1	-80	80;
	37	38	0.0013398623	0.0027450827	3.02770272e-08	100	100	100	0	0	1	-80	80;
	38	39	0.0013398623	0.0027450827	3.02770272e-08	100	100	100	0	0	1	-80	80;
	39	40	0.0013398623	0.0027450827	3.02770272e-08	100	100	100	0	0	1	-80	80;
	40	41	0.0013398623	0.0027450827	3.02770272e-08	100	100	100	0	0	1	-80	80;
	41	42	0.0013398623	0.0027450827	3.02770272e-08	100	100	100	0	0	1	-80	80;
	42	43	0.0013398623	0.0027450827	3.02770272e-08	100	100	100	0	0	1	-80	80;
	43	44	0.0013398623	0.0027450827	3.02770272e-08	100	100	100	0	0	1	-80	80;
	44	45	0.0013398623	0.0027450827	3.02770272e-08	100	100	100	0	0	1	-80	80;
	45	46	0.0013398623	0.0027450827	3.02770272e-08	100	100	100	0	0	1	-80	80;
	46	47	0.0013398623	0.0027450827	3.02770272e-08	100	100	100	0	0	1	-80	80;
	47	48	0.0013398623	0.0027450827	3.02770272e-08	100	100	100	0	0	1	-80	80;
	48	49	0.0013398623	0.0027450827	3.02770272e-08	100	100	100	0	0	1	-80	80;
	49	50	0.0013398623	0.0027450827	3.02770272e-08	100	100	100	0	0	1	-80	80;
	50	51	0.0013398623	0.0027450827	3.02770272e-08	100	100	100	0	0	1	-80	80;
	51	52	0.0013398623	0.0027450827	3.02770272e-08	100	100	100	0	0	1	-80	80;
	52	53	0.0013398623	0.0027450827	3.02770272e-08	100	100	100	0	0	1	-80	80;
	53	54	0.0013398623	0.0027450827	3.02770272e-08	100	100	100	0	0	1	-80	80;
	54	55	0.0013398623	0.0027450827	3.02770272e-08	100	100	100	0	0	1	-80	80;
	55	56	0.0013398623	0.0027450827	3.02770272e-08	100	100	100	0	0	1	-80	80;
	56	57	0.0013398623	0.0027450827	3.02770272e-08	100	100	100	0	0	1	-80	80;
	57	58	0.0013398623	0.0027450827	3.02770272e-08	100	100	100	0	0	1	-80	80;
	58	59	0.0013398623	0.0027450827	3.02770272e-08	100	100	100	0	0	1	-80	80;
	59	60	0.0013398623	0.0027450827	3.02770272e-08	100	100	100	0	0	1	-80	80;
];
