function mpc = case_ieee123_storage_734
%CASE_IEEE123_STORAGE_734

%% MATPOWER Case Format : Version 2
mpc.version = '2';

%%-----  Power Flow Data  -----%%
%% system MVA base
mpc.baseMVA = 1;

%% bus data
%	bus_i	type	Pd	Qd	Gs	Bs	area	Vm	Va	baseKV	zone	Vmax	Vmin
mpc.bus = [
	1	3	-0.002691	-0.0013455	0	0	1	1	0	4.16	1	1.2	0.8;
	2	1	-0.002208	-0.001104	0	0	1	1	0	4.16	1	1.2	0.8;
	3	1	0.000747	0.0003735	0	0	1	1	0	4.16	1	1.2	0.8;
	4	1	0.000168	8.4e-05	0	0	1	1	0	4.16	1	1.2	0.8;
	5	1	-0.002244	-0.001122	0	0	1	1	0	4.16	1	1.2	0.8;
	6	1	1e-10	5e-11	0	0	1	1	0	4.16	1	1.2	0.8;
	7	1	1e-10	5e-11	0	0	1	1	0	4.16	1	1.2	0.8;
	8	1	-0.003057	-0.0015285	0	0	1	1	0	4.16	1	1.2	0.8;
	9	1	-0.007665	-0.0038325	0	0	1	1	0	4.16	1	1.2	0.8;
	10	1	-0.004607	-0.0023035	0	0	1	1	0	4.16	1	1.2	0.8;
	11	1	-0.003202	-0.001601	0	0	1	1	0	4.16	1	1.2	0.8;
	12	1	-0.004168	-0.002084	0	0	1	1	0	4.16	1	1.2	0.8;
	13	1	-0.00344	-0.00172	0	0	1	1	0	4.16	1	1.2	0.8;
	14	1	1e-10	5e-11	0	0	1	1	0	4.16	1	1.2	0.8;
	15	1	-0.003329	-0.0016645	0	0	1	1	0	4.16	1	1.2	0.8;
	16	1	-0.003305	-0.0016525	0	0	1	1	0	4.16	1	1.2	0.8;
	17	1	-0.004589	-0.0022945	0	0	1	1	0	4.16	1	1.2	0.8;
	18	1	-0.003844	-0.001922	0	0	1	1	0	4.16	1	1.2	0.8;
	19	1	-0.002157	-0.0010785	0	0	1	1	0	4.16	1	1.2	0.8;
	20	1	-0.002543	-0.0012715	0	0	1	1	0	4.16	1	1.2	0.8;
	21	1	-0.003865	-0.0019325	0	0	1	1	0	4.16	1	1.2	0.8;
	22	1	-0.002221	-0.0011105	0	0	1	1	0	4.16	1	1.2	0.8;
	23	1	-0.003243	-0.0016215	0	0	1	1	0	4.16	1	1.2	0.8;
	24	1	-0.003054	-0.001527	0	0	1	1	0	4.16	1	1.2	0.8;
	25	1	-0.002666	-0.001333	0	0	1	1	0	4.16	1	1.2	0.8;
	26	1	0.000128	6.4e-05	0	0	1	1	0	4.16	1	1.2	0.8;
	27	1	0.000414	0.000207	0	0	1	1	0	4.16	1	1.2	0.8;
	28	1	-0.00233	-0.001165	0	0	1	1	0	4.16	1	1.2	0.8;
	29	1	-0.001658	-0.000829	0	0	1	1	0	4.16	1	1.2	0.8;
	30	1	-0.002935	-0.0014675	0	0	1	1	0	4.16	1	1.2	0.8;
	31	1	-0.003476	-0.001738	0	0	1	1	0	4.16	1	1.2	0.8;
	32	1	-0.003237	-0.0016185	0	0	1	1	0	4.16	1	1.2	0.8;
	33	1	-0.002076	-0.001038	0	0	1	1	0	4.16	1	1.2	0.8;
	34	1	-0.003836	-0.001918	0	0	1	1	0	4.16	1	1.2	0.8;
	35	1	-0.003401	-0.0017005	0	0	1	1	0	4.16	1	1.2	0.8;
	36	1	1e-10	5e-11	0	0	1	1	0	4.16	1	1.2	0.8;
	37	1	-0.003613	-0.0018065	0	0	1	1	0	4.16	1	1.2	0.8;
	38	1	-0.004293	-0.0021465	0	0	1	1	0	4.16	1	1.2	0.8;
	39	1	-0.00296	-0.00148	0	0	1	1	0	4.16	1	1.2	0.8;
	40	1	-0.002245	-0.0011225	0	0	1	1	0	4.16	1	1.2	0.8;
	41	1	-0.006758	-0.003379	0	0	1	1	0	4.16	1	1.2	0.8;
	42	1	-0.002684	-0.001342	0	0	1	1	0	4.16	1	1.2	0.8;
	43	1	-0.004126	-0.002063	0	0	1	1	0	4.16	1	1.2	0.8;
	44	1	-0.00339	-0.001695	0	0	1	1	0	4.16	1	1.2	0.8;
	45	1	1e-10	5e-11	0	0	1	1	0	4.16	1	1.2	0.8;
	46	1	-0.001408	-0.000704	0	0	1	1	0	4.16	1	1.2	0.8;
	47	1	1e-10	5e-11	0	0	1	1	0	4.16	1	1.2	0.8;
	48	1	1e-10	5e-11	0	0	1	1	0	4.16	1	1.2	0.8;
	49	1	0.000494	0.000247	0	0	1	1	0	4.16	1	1.2	0.8;
	50	1	-0.003798	-0.001899	0	0	1	1	0	4.16	1	1.2	0.8;
	51	1	1e-10	5e-11	0	0	1	1	0	4.16	1	1.2	0.8;
	52	1	1e-10	5e-11	0	0	1	1	0	4.16	1	1.2	0.8;
	53	1	-0.000828	-0.000414	0	0	1	1	0	4.16	1	1.2	0.8;
	54	1	1e-10	5e-11	0	0	1	1	0	4.16	1	1.2	0.8;
	55	1	1e-10	5e-11	0	0	1	1	0	4.16	1	1.2	0.8;
	56	1	-0.003254	-0.001627	0	0	1	1	0	4.16	1	1.2	0.8;
	57	1	1e-10	5e-11	0	0	1	1	0	4.16	1	1.2	0.8;
	58	1	1e-10	5e-11	0	0	1	1	0	4.16	1	1.2	0.8;
	59	1	6.5e-05	3.25e-05	0	0	1	1	0	4.16	1	1.2	0.8;
	60	1	-0.003449	-0.0017245	0	0	1	1	0	4.16	1	1.2	0.8;
];

%% generator data
%	bus	Pg	Qg	Qmax	Qmin	Vg	mBase	status	Pmax	Pmin	Pc1	Pc2	Qc1min	Qc1max	Qc2min	Qc2max	ramp_agc	ramp_10	ramp_30	ramp_q	apf
mpc.gen = [
	1	-0.131836999	0	200	-200	1	1	1	200	-200	0	0	0	0	0	0	10	0	0	0	0;
];

%% branch data
%	fbus	tbus	r	x	b	rateA	rateB	rateC	ratio	angle	status	angmin	angmax
mpc.branch = [
	1	2	0.0013398623	0.0027450827	3.02770272e-08	100	100	100	0	0	1	-80	80;
	1	2	0.0013398623	0.0027450827	3.02770272e-08	100	100	100	0	0	1	-80	80;
	2	3	0.0013398623	0.0027450827	3.02770272e-08	100	100	100	0	0	1	-80	80;
	3	4	0.0013398623	0.0027450827	3.02770272e-08	100	100	100	0	0	1	-80	80;
	4	5	0.0013398623	0.0027450827	3.02770272e-08	100	100	100	0	0	1	-80	80;
	5	6	0.0013398623	0.0027450827	3.02770272e-08	100	100	100	0	0	1	-80	80;
	6	7	0.0013398623	0.0027450827	3.02770272e-08	100	100	100	0	0	1	-80	80;
	7	8	0.0013398623	0.0027450827	3.02770272e-08	100	100	100	0	0	1	-80	80;
	8	9	0.0013398623	0.0027450827	3.02770272e-08	100	100	100	0	0	1	-80	80;
	9	10	0.0013398623	0.0027450827	3.02770272e-08	100	100	100	0	0	1	-80	80;
	10	11	0.0013398623	0.0027450827	3.02770272e-08	100	100	100	0	0	1	-80	80;
	11	12	0.0013398623	0.0027450827	3.02770272e-08	100	100	100	0	0	1	-80	80;
	12	13	0.0013398623	0.0027450827	3.02770272e-08	100	100	100	0	0	1	-80	80;
	13	14	0.0013398623	0.0027450827	3.02770272e-08	100	100	100	0	0	1	-80	80;
	14	15	0.0013398623	0.0027450827	3.02770272e-08	100	100	100	0	0	1	-80	80;
	15	16	0.0013398623	0.0027450827	3.02770272e-08	100	100	100	0	0	1	-80	80;
	16	17	0.0013398623	0.0027450827	3.02770272e-08	100	100	100	0	0	1	-80	80;
	17	18	0.0013398623	0.0027450827	3.02770272e-08	100	100	100	0	0	1	-80	80;
	18	19	0.0013398623	0.0027450827	3.02770272e-08	100	100	100	0	0	1	-80	80;
	19	20	0.0013398623	0.0027450827	3.02770272e-08	100	100	100	0	0	1	-80	80;
	20	21	0.0013398623	0.0027450827	3.02770272e-08	100	100	100	0	0	1	-80	80;
	21	22	0.0013398623	0.0027450827	3.02770272e-08	100	100	100	0	0	1	-80	80;
	22	23	0.0013398623	0.0027450827	3.02770272e-08	100	100	100	0	0	1	-80	80;
	23	24	0.0013398623	0.0027450827	3.02770272e-08	100	100	100	0	0	1	-80	80;
	24	25	0.0013398623	0.0027450827	3.02770272e-08	100	100	100	0	0	1	-80	80;
	25	26	0.0013398623	0.0027450827	3.02770272e-08	100	100	100	0	0	1	-80	80;
	26	27	0.0013398623	0.0027450827	3.02770272e-08	100	100	100	0	0	1	-80	80;
	27	28	0.0013398623	0.0027450827	3.02770272e-08	100	100	100	0	0	1	-80	80;
	28	29	0.0013398623	0.0027450827	3.02770272e-08	100	100	100	0	0	1	-80	80;
	1	30	0.0013398623	0.0027450827	3.02770272e-08	100	100	100	0	0	1	-80	80;
	30	31	0.0013398623	0.0027450827	3.02770272e-08	100	100	100	0	0	1	-80	80;
	31	32	0.0013398623	0.0027450827	3.02770272e-08	100	100	100	0	0	1	-80	80;
	32	33	0.0013398623	0.0027450827	3.02770272e-08	100	100	100	0	0	1	-80	80;
	33	34	0.0013398623	0.0027450827	3.02770272e-08	100	100	100	0	0	1	-80	80;
	34	35	0.0013398623	0.0027450827	3.02770272e-08	100	100	100	0	0	1	-80	80;
	35	36	0.0013398623	0.0027450827	3.02770272e-08	100	100	100	0	0	1	-80	80;
	36	37	0.0013398623	0.0027450827	3.02770272e-08	100	100	100	0	0	1	-80	80;
	37	38	0.0013398623	0.0027450827	3.02770272e-08	100	100	100	0	0	1	-80	80;
	38	39	0.0013398623	0.0027450827	3.02770272e-08	100	100	100	0	0	1	-80	80;
	39	40	0.0013398623	0.0027450827	3.02770272e-08	100	100	100	0	0	1	-80	80;
	40	41	0.0013398623	0.0027450827	3.02770272e-08	100	100	100	0	0	1	-80	80;
	41	42	0.0013398623	0.0027450827	3.02770272e-08	100	100	100	0	0	1	-80	80;
	42	43	0.0013398623	0.0027450827	3.02770272e-08	100	100	100	0	0	1	-80	80;
	43	44	0.0013398623	0.0027450827	3.02770272e-08	100	100	100	0	0	1	-80	80;
	44	45	0.0013398623	0.0027450827	3.02770272e-08	100	100	100	0	0	1	-80	80;
	45	46	0.0013398623	0.0027450827	3.02770272e-08	100	100	100	0	0	1	-80	80;
	46	47	0.0013398623	0.0027450827	3.02770272e-08	100	100	100	0	0	1	-80	80;
	47	48	0.0013398623	0.0027450827	3.02770272e-08	100	100	100	0	0	1	-80	80;
	48	49	0.0013398623	0.0027450827	3.02770272e-08	100	100	100	0	0	1	-80	80;
	49	50	0.0013398623	0.0027450827	3.02770272e-08	100	100	100	0	0	1	-80	80;
	50	51	0.0013398623	0.0027450827	3.02770272e-08	100	100	100	0	0	1	-80	80;
	51	52	0.0013398623	0.0027450827	3.02770272e-08	100	100	100	0	0	1	-80	80;
	52	53	0.0013398623	0.0027450827	3.02770272e-08	100	100	100	0	0	1	-80	80;
	53	54	0.0013398623	0.0027450827	3.02770272e-08	100	100	100	0	0	1	-80	80;
	54	55	0.0013398623	0.0027450827	3.02770272e-08	100	100	100	0	0	1	-80	80;
	55	56	0.0013398623	0.0027450827	3.02770272e-08	100	100	100	0	0	1	-80	80;
	56	57	0.0013398623	0.0027450827	3.02770272e-08	100	100	100	0	0	1	-80	80;
	57	58	0.0013398623	0.0027450827	3.02770272e-08	100	100	100	0	0	1	-80	80;
	58	59	0.0013398623	0.0027450827	3.02770272e-08	100	100	100	0	0	1	-80	80;
