function mpc = case_ieee123_storage_424
%CASE_IEEE123_STORAGE_424

%% MATPOWER Case Format : Version 2
mpc.version = '2';

%%-----  Power Flow Data  -----%%
%% system MVA base
mpc.baseMVA = 1;

%% bus data
%	bus_i	type	Pd	Qd	Gs	Bs	area	Vm	Va	baseKV	zone	Vmax	Vmin
mpc.bus = [
	1	3	0.000331	0.0001655	0	0	1	1	0	4.16	1	1.2	0.8;
	2	1	0.001221	0.0006105	0	0	1	1	0	4.16	1	1.2	0.8;
	3	1	0.001876	0.000938	0	0	1	1	0	4.16	1	1.2	0.8;
	4	1	0.000358	0.000179	0	0	1	1	0	4.16	1	1.2	0.8;
	5	1	0.000432	0.000216	0	0	1	1	0	4.16	1	1.2	0.8;
	6	1	1e-10	5e-11	0	0	1	1	0	4.16	1	1.2	0.8;
	7	1	1e-10	5e-11	0	0	1	1	0	4.16	1	1.2	0.8;
	8	1	0.000188	9.4e-05	0	0	1	1	0	4.16	1	1.2	0.8;
	9	1	0.001072	0.000536	0	0	1	1	0	4.16	1	1.2	0.8;
	10	1	0.000316	0.000158	0	0	1	1	0	4.16	1	1.2	0.8;
	11	1	1e-10	5e-11	0	0	1	1	0	4.16	1	1.2	0.8;
	12	1	0.000672	0.000336	0	0	1	1	0	4.16	1	1.2	0.8;
	13	1	0.000338	0.000169	0	0	1	1	0	4.16	1	1.2	0.8;
	14	1	0.00105	0.000525	0	0	1	1	0	4.16	1	1.2	0.8;
	15	1	0.000476	0.000238	0	0	1	1	0	4.16	1	1.2	0.8;
	16	1	1e-10	5e-11	0	0	1	1	0	4.16	1	1.2	0.8;
	17	1	0.00394	0.00197	0	0	1	1	0	4.16	1	1.2	0.8;
	18	1	0.000408	0.000204	0	0	1	1	0	4.16	1	1.2	0.8;
	19	1	0.000428	0.000214	0	0	1	1	0	4.16	1	1.2	0.8;
	20	1	0.00013	6.5e-05	0	0	1	1	0	4.16	1	1.2	0.8;
	21	1	0.000369	0.0001845	0	0	1	1	0	4.16	1	1.2	0.8;
	22	1	0.000201	0.0001005	0	0	1	1	0	4.16	1	1.2	0.8;
	23	1	0.00012	6e-05	0	0	1	1	0	4.16	1	1.2	0.8;
	24	1	0.001228	0.000614	0	0	1	1	0	4.16	1	1.2	0.8;
	25	1	0.000163	8.15e-05	0	0	1	1	0	4.16	1	1.2	0.8;
	26	1	0.000357	0.0001785	0	0	1	1	0	4.16	1	1.2	0.8;
	27	1	0.000263	0.0001315	0	0	1	1	0	4.16	1	1.2	0.8;
	28	1	0.000303	0.0001515	0	0	1	1	0	4.16	1	1.2	0.8;
	29	1	1e-10	5e-11	0	0	1	1	0	4.16	1	1.2	0.8;
	30	1	0.000329	0.0001645	0	0	1	1	0	4.16	1	1.2	0.8;
	31	1	0.00024	0.00012	0	0	1	1	0	4.16	1	1.2	0.8;
	32	1	0.000923	0.0004615	0	0	1	1	0	4.16	1	1.2	0.8;
	33	1	0.002107	0.0010535	0	0	1	1	0	4.16	1	1.2	0.8;
	34	1	0.000399	0.0001995	0	0	1	1	0	4.16	1	1.2	0.8;
	35	1	0.001051	0.0005255	0	0	1	1	0	4.16	1	1.2	0.8;
	36	1	1e-10	5e-11	0	0	1	1	0	4.16	1	1.2	0.8;
	37	1	0.00266	0.00133	0	0	1	1	0	4.16	1	1.2	0.8;
	38	1	1e-10	5e-11	0	0	1	1	0	4.16	1	1.2	0.8;
	39	1	0.002561	0.0012805	0	0	1	1	0	4.16	1	1.2	0.8;
	40	1	0.000468	0.000234	0	0	1	1	0	4.16	1	1.2	0.8;
	41	1	0.000161	8.05e-05	0	0	1	1	0	4.16	1	1.2	0.8;
	42	1	0.00038	0.00019	0	0	1	1	0	4.16	1	1.2	0.8;
	43	1	0.000729	0.0003645	0	0	1	1	0	4.16	1	1.2	0.8;
	44	1	0.000409	0.0002045	0	0	1	1	0	4.16	1	1.2	0.8;
	45	1	0.001722	0.000861	0	0	1	1	0	4.16	1	1.2	0.8;
	46	1	0.002407	0.0012035	0	0	1	1	0	4.16	1	1.2	0.8;
	47	1	0.002082	0.001041	0	0	1	1	0	4.16	1	1.2	0.8;
	48	1	0.001325	0.0006625	0	0	1	1	0	4.16	1	1.2	0.8;
	49	1	0.000341	0.0001705	0	0	1	1	0	4.16	1	1.2	0.8;
	50	1	0.000637	0.0003185	0	0	1	1	0	4.16	1	1.2	0.8;
	51	1	1e-10	5e-11	0	0	1	1	0	4.16	1	1.2	0.8;
	52	1	0.000203	0.0001015	0	0	1	1	0	4.16	1	1.2	0.8;
	53	1	0.000565	0.0002825	0	0	1	1	0	4.16	1	1.2	0.8;
	54	1	0.001616	0.000808	0	0	1	1	0	4.16	1	1.2	0.8;
	55	1	0.000573	0.0002865	0	0	1	1	0	4.16	1	1.2	0.8;
	56	1	0.000142	7.1e-05	0	0	1	1	0	4.16	1	1.2	0.8;
	57	1	0.00019	9.5e-05	0	0	1	1	0	4.16	1	1.2	0.8;
	58	1	8.4e-05	4.2e-05	0	0	1	1	0	4.16	1	1.2	0.8;
	59	1	0.000266	0.000133	0	0	1	1	0	4.16	1	1.2	0.8;
	60	1	0.000273	0.0001365	0	0	1	1	0	4.16	1	1.2	0.8;
	61	1	0.000948	0.000474	0	0	1	1	0	4.16	1	1.2	0.8;
	62	1	0.000583	0.0002915	0	0	1	1	0	4.16	1	1.2	0.8;
	63	1	0.000384	0.000192	0	0	1	1	0	4.16	1	1.2	0.8;
	64	1	0.000363	0.0001815	0	0	1	1	0	4.16	1	1.2	0.8;
	65	1	0.000717	0.0003585	0	0	1	1	0	4.16	1	1.2	0.8;
	66	1	0.000899	0.0004495	0	0	1	1	0	4.16	1	1.2	0.8;
	67	1	0.00028	0.00014	0	0	1	1	0	4.16	1	1.2	0.8;
	68	1	0.000477	0.0002385	0	0	1	1	0	4.16	1	1.2	0.8;
	69	1	1e-10	5e-11	0	0	1	1	0	4.16	1	1.2	0.8;
	70	1	0.000551	0.0002755	0	0	1	1	0	4.16	1	1.2	0.8;
	71	1	0.001378	0.000689	0	0	1	1	0	4.16	1	1.2	0.8;
	72	1	0.000634	0.000317	0	0	1	1	0	4.16	1	1.2	0.8;
	73	1	4.3e-05	2.15e-05	0	0	1	1	0	4.16	1	1.2	0.8;
	74	1	0.000227	0.0001135	0	0	1	1	0	4.16	1	1.2	0.8;
	75	1	0.00036	0.00018	0	0	1	1	0	4.16	1	1.2	0.8;
	76	1	0.000435	0.0002175	0	0	1	1	0	4.16	1	1.2	0.8;
	77	1	0.000279	0.0001395	0	0	1	1	0	4.16	1	1.2	0.8;
	78	1	0.0011	0.00055	0	0	1	1	0	4.16	1	1.2	0.8;
	79	1	0.000564	0.000282	0	0	1	1	0	4.16	1	1.2	0.8;
	80	1	0.000789	0.0003945	0	0	1	1	0	4.16	1	1.2	0.8;
	81	1	0.000365	0.0001825	0	0	1	1	0	4.16	1	1.2	0.8;
	82	1	0.000102	5.1e-05	0	0	1	1	0	4.16	1	1.2	0.8;
	83	1	0.000453	0.0002265	0	0	1	1	0	4.16	1	1.2	0.8;
	84	1	0.000234	0.000117	0	0	1	1	0	4.16	1	1.2	0.8;
	85	1	0.000303	0.0001515	0	0	1	1	0	4.16	1	1.2	0.8;
	86	1	0.000508	0.000254	0	0	1	1	0	4.16	1	1.2	0.8;
	87	1	0.00019	9.5e-05	0	0	1	1	0	4.16	1	1.2	0.8;
	88	1	0.000244	0.000122	0	0	1	1	0	4.16	1	1.2	0.8;
	89	1	0.000404	0.000202	0	0	1	1	0	4.16	1	1.2	0.8;
	90	1	0.0008	0.0004	0	0	1	1	0	4.16	1	1.2	0.8;
	91	1	0.000112	5.6e-05	0	0	1	1	0	4.16	1	1.2	0.8;
	92	1	0.000484	0.000242	0	0	1	1	0	4.16	1	1.2	0.8;
	93	1	0.001005	0.0005025	0	0	1	1	0	4.16	1	1.2	0.8;
	94	1	0.000592	0.000296	0	0	1	1	0	4.16	1	1.2	0.8;
	95	1	0.001839	0.0009195	0	0	1	1	0	4.16	1	1.2	0.8;
	96	1	0.000283	0.0001415	0	0	1	1	0	4.16	1	1.2	0.8;
	97	1	0.001286	0.000643	0	0	1	1	0	4.16	1	1.2	0.8;
	98	1	0.001143	0.0005715	0	0	1	1	0	4.16	1	1.2	0.8;
	99	1	6.6e-05	3.3e-05	0	0	1	1	0	4.16	1	1.2	0.8;
	100	1	0.000471	0.0002355	0	0	1	1	0	4.16	1	1.2	0.8;
	101	1	0.000264	0.000132	0	0	1	1	0	4.16	1	1.2	0.8;
	102	1	0.000515	0.0002575	0	0	1	1	0	4.16	1	1.2	0.8;
	103	1	0.000961	0.0004805	0	0	1	1	0	4.16	1	1.2	0.8;
	104	1	0.000481	0.0002405	0	0	1	1	0	4.16	1	1.2	0.8;
	105	1	0.002719	0.0013595	0	0	1	1	0	4.16	1	1.2	0.8;
	106	1	1e-10	5e-11	0	0	1	1	0	4.16	1	1.2	0.8;
	107	1	1e-10	5e-11	0	0	1	1	0	4.16	1	1.2	0.8;
	108	1	0.000195	9.75e-05	0	0	1	1	0	4.16	1	1.2	0.8;
	109	1	0.000204	0.000102	0	0	1	1	0	4.16	1	1.2	0.8;
];

%% generator data
%	bus	Pg	Qg	Qmax	Qmin	Vg	mBase	status	Pmax	Pmin	Pc1	Pc2	Qc1min	Qc1max	Qc2min	Qc2max	ramp_agc	ramp_10	ramp_30	ramp_q	apf
mpc.gen = [
	1	17.068	0	200	-200	1	1	1	200	-200	0	0	0	0	0	0	10	0	0	0	0;
];

%% branch data
%	fbus	tbus	r	x	b	rateA	rateB	rateC	ratio	angle	status	angmin	angmax
