function mpc = case_ieee123_storage_949
%CASE_IEEE123_STORAGE_949

%% MATPOWER Case Format : Version 2
mpc.version = '2';

%%-----  Power Flow Data  -----%%
%% system MVA base
mpc.baseMVA = 1;

%% bus data
%	bus_i	type	Pd	Qd	Gs	Bs	area	Vm	Va	baseKV	zone	Vmax	Vmin
mpc.bus = [
	1	3	-0.00036	-0.00018	0	0	1	1	0	4.16	1	1.2	0.8;
	2	1	0.006167	0.0030835	0	0	1	1	0	4.16	1	1.2	0.8;
	3	1	0.00076	0.00038	0	0	1	1	0	4.16	1	1.2	0.8;
	4	1	-2.7e-05	-1.35e-05	0	0	1	1	0	4.16	1	1.2	0.8;
	5	1	-8.9e-05	-4.45e-05	0	0	1	1	0	4.16	1	1.2	0.8;
	6	1	1e-10	5e-11	0	0	1	1	0	4.16	1	1.2	0.8;
	7	1	1e-10	5e-11	0	0	1	1	0	4.16	1	1.2	0.8;
	8	1	0.000819	0.0004095	0	0	1	1	0	4.16	1	1.2	0.8;
	9	1	0.000744	0.000372	0	0	1	1	0	4.16	1	1.2	0.8;
	10	1	-0.000605	-0.0003025	0	0	1	1	0	4.16	1	1.2	0.8;
	11	1	1e-10	5e-11	0	0	1	1	0	4.16	1	1.2	0.8;
	12	1	0.000427	0.0002135	0	0	1	1	0	4.16	1	1.2	0.8;
	13	1	-0.000525	-0.0002625	0	0	1	1	0	4.16	1	1.2	0.8;
	14	1	6.9e-05	3.45e-05	0	0	1	1	0	4.16	1	1.2	0.8;
	15	1	-0.000341	-0.0001705	0	0	1	1	0	4.16	1	1.2	0.8;
	16	1	1e-10	5e-11	0	0	1	1	0	4.16	1	1.2	0.8;
	17	1	-0.000722	-0.000361	0	0	1	1	0	4.16	1	1.2	0.8;
	18	1	-0.000544	-0.000272	0	0	1	1	0	4.16	1	1.2	0.8;
	19	1	-0.000411	-0.0002055	0	0	1	1	0	4.16	1	1.2	0.8;
	20	1	-0.000634	-0.000317	0	0	1	1	0	4.16	1	1.2	0.8;
	21	1	-0.000202	-0.000101	0	0	1	1	0	4.16	1	1.2	0.8;
	22	1	0.000362	0.000181	0	0	1	1	0	4.16	1	1.2	0.8;
	23	1	-0.000353	-0.0001765	0	0	1	1	0	4.16	1	1.2	0.8;
	24	1	-9.8e-05	-4.9e-05	0	0	1	1	0	4.16	1	1.2	0.8;
	25	1	0.000129	6.45e-05	0	0	1	1	0	4.16	1	1.2	0.8;
	26	1	0.000374	0.000187	0	0	1	1	0	4.16	1	1.2	0.8;
	27	1	-0.000491	-0.0002455	0	0	1	1	0	4.16	1	1.2	0.8;
	28	1	-0.000186	-9.3e-05	0	0	1	1	0	4.16	1	1.2	0.8;
	29	1	1e-10	5e-11	0	0	1	1	0	4.16	1	1.2	0.8;
	30	1	-0.000319	-0.0001595	0	0	1	1	0	4.16	1	1.2	0.8;
	31	1	0.000134	6.7e-05	0	0	1	1	0	4.16	1	1.2	0.8;
	32	1	0.000396	0.000198	0	0	1	1	0	4.16	1	1.2	0.8;
	33	1	0.004988	0.002494	0	0	1	1	0	4.16	1	1.2	0.8;
	34	1	-3.6e-05	-1.8e-05	0	0	1	1	0	4.16	1	1.2	0.8;
	35	1	0.00063	0.000315	0	0	1	1	0	4.16	1	1.2	0.8;
	36	1	1e-10	5e-11	0	0	1	1	0	4.16	1	1.2	0.8;
	37	1	0.002804	0.001402	0	0	1	1	0	4.16	1	1.2	0.8;
	38	1	0.004195	0.0020975	0	0	1	1	0	4.16	1	1.2	0.8;
	39	1	-3.2e-05	-1.6e-05	0	0	1	1	0	4.16	1	1.2	0.8;
	40	1	1e-05	5e-06	0	0	1	1	0	4.16	1	1.2	0.8;
	41	1	0.001155	0.0005775	0	0	1	1	0	4.16	1	1.2	0.8;
	42	1	-0.000437	-0.0002185	0	0	1	1	0	4.16	1	1.2	0.8;
	43	1	-7.1e-05	-3.55e-05	0	0	1	1	0	4.16	1	1.2	0.8;
	44	1	0.000701	0.0003505	0	0	1	1	0	4.16	1	1.2	0.8;
	45	1	0.003345	0.0016725	0	0	1	1	0	4.16	1	1.2	0.8;
	46	1	0.00225	0.001125	0	0	1	1	0	4.16	1	1.2	0.8;
	47	1	0.001234	0.000617	0	0	1	1	0	4.16	1	1.2	0.8;
	48	1	0.000694	0.000347	0	0	1	1	0	4.16	1	1.2	0.8;
	49	1	-0.000488	-0.000244	0	0	1	1	0	4.16	1	1.2	0.8;
	50	1	0.00013	6.5e-05	0	0	1	1	0	4.16	1	1.2	0.8;
	51	1	1e-10	5e-11	0	0	1	1	0	4.16	1	1.2	0.8;
	52	1	-0.000622	-0.000311	0	0	1	1	0	4.16	1	1.2	0.8;
	53	1	0.00082	0.00041	0	0	1	1	0	4.16	1	1.2	0.8;
	54	1	-0.000386	-0.000193	0	0	1	1	0	4.16	1	1.2	0.8;
	55	1	4e-05	2e-05	0	0	1	1	0	4.16	1	1.2	0.8;
	56	1	2.9e-05	1.45e-05	0	0	1	1	0	4.16	1	1.2	0.8;
	57	1	-0.000311	-0.0001555	0	0	1	1	0	4.16	1	1.2	0.8;
	58	1	0.005229	0.0026145	0	0	1	1	0	4.16	1	1.2	0.8;
	59	1	-0.000566	-0.000283	0	0	1	1	0	4.16	1	1.2	0.8;
	60	1	0.000173	8.65e-05	0	0	1	1	0	4.16	1	1.2	0.8;
	61	1	-0.000722	-0.000361	0	0	1	1	0	4.16	1	1.2	0.8;
	62	1	-0.000303	-0.0001515	0	0	1	1	0	4.16	1	1.2	0.8;
	63	1	-0.000379	-0.0001895	0	0	1	1	0	4.16	1	1.2	0.8;
	64	1	0.004639	0.0023195	0	0	1	1	0	4.16	1	1.2	0.8;
	65	1	5.3e-05	2.65e-05	0	0	1	1	0	4.16	1	1.2	0.8;
	66	1	0.004075	0.0020375	0	0	1	1	0	4.16	1	1.2	0.8;
	67	1	0.001153	0.0005765	0	0	1	1	0	4.16	1	1.2	0.8;
	68	1	-0.000475	-0.0002375	0	0	1	1	0	4.16	1	1.2	0.8;
	69	1	1e-10	5e-11	0	0	1	1	0	4.16	1	1.2	0.8;
	70	1	-0.000957	-0.0004785	0	0	1	1	0	4.16	1	1.2	0.8;
	71	1	-0.000347	-0.0001735	0	0	1	1	0	4.16	1	1.2	0.8;
	72	1	-0.000174	-8.7e-05	0	0	1	1	0	4.16	1	1.2	0.8;
	73	1	0.00169	0.000845	0	0	1	1	0	4.16	1	1.2	0.8;
	74	1	-0.000394	-0.000197	0	0	1	1	0	4.16	1	1.2	0.8;
	75	1	-0.000442	-0.000221	0	0	1	1	0	4.16	1	1.2	0.8;
	76	1	0.00055	0.000275	0	0	1	1	0	4.16	1	1.2	0.8;
	77	1	0.001667	0.0008335	0	0	1	1	0	4.16	1	1.2	0.8;
	78	1	0.001357	0.0006785	0	0	1	1	0	4.16	1	1.2	0.8;
	79	1	0.00139	0.000695	0	0	1	1	0	4.16	1	1.2	0.8;
	80	1	0.00541	0.002705	0	0	1	1	0	4.16	1	1.2	0.8;
	81	1	-0.000459	-0.0002295	0	0	1	1	0	4.16	1	1.2	0.8;
	82	1	3.5e-05	1.75e-05	0	0	1	1	0	4.16	1	1.2	0.8;
	83	1	0.001302	0.000651	0	0	1	1	0	4.16	1	1.2	0.8;
	84	1	0.000414	0.000207	0	0	1	1	0	4.16	1	1.2	0.8;
	85	1	-0.001415	-0.0007075	0	0	1	1	0	4.16	1	1.2	0.8;
	86	1	0.00142	0.00071	0	0	1	1	0	4.16	1	1.2	0.8;
	87	1	-0.000521	-0.0002605	0	0	1	1	0	4.16	1	1.2	0.8;
	88	1	-0.000656	-0.000328	0	0	1	1	0	4.16	1	1.2	0.8;
	89	1	0.000451	0.0002255	0	0	1	1	0	4.16	1	1.2	0.8;
	90	1	0.00055	0.000275	0	0	1	1	0	4.16	1	1.2	0.8;
	91	1	0.000649	0.0003245	0	0	1	1	0	4.16	1	1.2	0.8;
	92	1	0.002196	0.001098	0	0	1	1	0	4.16	1	1.2	0.8;
	93	1	0.000697	0.0003485	0	0	1	1	0	4.16	1	1.2	0.8;
	94	1	0.001818	0.000909	0	0	1	1	0	4.16	1	1.2	0.8;
	95	1	0.000569	0.0002845	0	0	1	1	0	4.16	1	1.2	0.8;
	96	1	0.001025	0.0005125	0	0	1	1	0	4.16	1	1.2	0.8;
	97	1	0.002883	0.0014415	0	0	1	1	0	4.16	1	1.2	0.8;
	98	1	0.002146	0.001073	0	0	1	1	0	4.16	1	1.2	0.8;
	99	1	0.001039	0.0005195	0	0	1	1	0	4.16	1	1.2	0.8;
	100	1	0.001014	0.000507	0	0	1	1	0	4.16	1	1.2	0.8;
	101	1	0.000311	0.0001555	0	0	1	1	0	4.16	1	1.2	0.8;
	102	1	0.000157	7.85e-05	0	0	1	1	0	4.16	1	1.2	0.8;
	103	1	0.000978	0.000489	0	0	1	1	0	4.16	1	1.2	0.8;
	104	1	-0.000375	-0.0001875	0	0	1	1	0	4.16	1	1.2	0.8;
	105	1	0.003283	0.0016415	0	0	1	1	0	4.16	1	1.2	0.8;
	106	1	1e-10	5e-11	0	0	1	1	0	4.16	1	1.2	0.8;
	107	1	1e-10	5e-11	0	0	1	1	0	4.16	1	1.2	0.8;
	108	1	0.000412	0.000206	0	0	1	1	0	4.16	1	1.2	0.8;
	109	1	-0.000243	-0.0001215	0	0	1	1	0	4.16	1	1.2	0.8;
];

%% generator data
%	bus	Pg	Qg	Qmax	Qmin	Vg	mBase	status	Pmax	Pmin	Pc1	Pc2	Qc1min	Qc1max	Qc2min	Qc2max	ramp_agc	ramp_10	ramp_30	ramp_q	apf
mpc.gen = [
	1	17.068	0	200	-200	1	1	1	200	-200	0	0	0	0	0	0	10	0	0	0	0;
];

%% branch data
%	fbus	tbus	r	x	b	rateA	rateB	rateC	ratio	angle	status	angmin	angmax
