function mpc = case_ieee123_storage_827
%CASE_IEEE123_STORAGE_827

%% MATPOWER Case Format : Version 2
mpc.version = '2';

%%-----  Power Flow Data  -----%%
%% system MVA base
mpc.baseMVA = 1;

%% bus data
%	bus_i	type	Pd	Qd	Gs	Bs	area	Vm	Va	baseKV	zone	Vmax	Vmin
mpc.bus = [
	1	3	-0.003314	-0.001657	0	0	1	1	0	4.16	1	1.2	0.8;
	2	1	-0.002261	-0.0011305	0	0	1	1	0	4.16	1	1.2	0.8;
	3	1	0.000351	0.0001755	0	0	1	1	0	4.16	1	1.2	0.8;
	4	1	-0.00275	-0.001375	0	0	1	1	0	4.16	1	1.2	0.8;
	5	1	-0.002423	-0.0012115	0	0	1	1	0	4.16	1	1.2	0.8;
	6	1	1e-10	5e-11	0	0	1	1	0	4.16	1	1.2	0.8;
	7	1	1e-10	5e-11	0	0	1	1	0	4.16	1	1.2	0.8;
	8	1	-0.003656	-0.001828	0	0	1	1	0	4.16	1	1.2	0.8;
	9	1	-0.007218	-0.003609	0	0	1	1	0	4.16	1	1.2	0.8;
	10	1	-0.003893	-0.0019465	0	0	1	1	0	4.16	1	1.2	0.8;
	11	1	-0.003384	-0.001692	0	0	1	1	0	4.16	1	1.2	0.8;
	12	1	-0.004069	-0.0020345	0	0	1	1	0	4.16	1	1.2	0.8;
	13	1	-0.003398	-0.001699	0	0	1	1	0	4.16	1	1.2	0.8;
	14	1	1e-10	5e-11	0	0	1	1	0	4.16	1	1.2	0.8;
	15	1	-0.003656	-0.001828	0	0	1	1	0	4.16	1	1.2	0.8;
	16	1	-0.003706	-0.001853	0	0	1	1	0	4.16	1	1.2	0.8;
	17	1	-0.00431	-0.002155	0	0	1	1	0	4.16	1	1.2	0.8;
	18	1	-0.004061	-0.0020305	0	0	1	1	0	4.16	1	1.2	0.8;
	19	1	-0.002573	-0.0012865	0	0	1	1	0	4.16	1	1.2	0.8;
	20	1	-0.002776	-0.001388	0	0	1	1	0	4.16	1	1.2	0.8;
	21	1	-0.003935	-0.0019675	0	0	1	1	0	4.16	1	1.2	0.8;
	22	1	-0.002393	-0.0011965	0	0	1	1	0	4.16	1	1.2	0.8;
	23	1	-0.003318	-0.001659	0	0	1	1	0	4.16	1	1.2	0.8;
	24	1	-0.003329	-0.0016645	0	0	1	1	0	4.16	1	1.2	0.8;
	25	1	-0.002643	-0.0013215	0	0	1	1	0	4.16	1	1.2	0.8;
	26	1	0.000129	6.45e-05	0	0	1	1	0	4.16	1	1.2	0.8;
	27	1	0.000518	0.000259	0	0	1	1	0	4.16	1	1.2	0.8;
	28	1	-0.001952	-0.000976	0	0	1	1	0	4.16	1	1.2	0.8;
	29	1	-0.002183	-0.0010915	0	0	1	1	0	4.16	1	1.2	0.8;
	30	1	-0.003927	-0.0019635	0	0	1	1	0	4.16	1	1.2	0.8;
	31	1	-0.004033	-0.0020165	0	0	1	1	0	4.16	1	1.2	0.8;
	32	1	-0.003649	-0.0018245	0	0	1	1	0	4.16	1	1.2	0.8;
	33	1	-0.002079	-0.0010395	0	0	1	1	0	4.16	1	1.2	0.8;
	34	1	-0.004096	-0.002048	0	0	1	1	0	4.16	1	1.2	0.8;
	35	1	-0.003295	-0.0016475	0	0	1	1	0	4.16	1	1.2	0.8;
	36	1	-0.001793	-0.0008965	0	0	1	1	0	4.16	1	1.2	0.8;
	37	1	-0.003477	-0.0017385	0	0	1	1	0	4.16	1	1.2	0.8;
	38	1	-0.004202	-0.002101	0	0	1	1	0	4.16	1	1.2	0.8;
	39	1	-0.003278	-0.001639	0	0	1	1	0	4.16	1	1.2	0.8;
	40	1	-0.002769	-0.0013845	0	0	1	1	0	4.16	1	1.2	0.8;
	41	1	-0.006194	-0.003097	0	0	1	1	0	4.16	1	1.2	0.8;
	42	1	-0.003139	-0.0015695	0	0	1	1	0	4.16	1	1.2	0.8;
	43	1	-0.004107	-0.0020535	0	0	1	1	0	4.16	1	1.2	0.8;
	44	1	-0.003968	-0.001984	0	0	1	1	0	4.16	1	1.2	0.8;
	45	1	1e-10	5e-11	0	0	1	1	0	4.16	1	1.2	0.8;
	46	1	-0.001812	-0.000906	0	0	1	1	0	4.16	1	1.2	0.8;
	47	1	1e-10	5e-11	0	0	1	1	0	4.16	1	1.2	0.8;
	48	1	1e-10	5e-11	0	0	1	1	0	4.16	1	1.2	0.8;
	49	1	0.000598	0.000299	0	0	1	1	0	4.16	1	1.2	0.8;
	50	1	-0.004249	-0.0021245	0	0	1	1	0	4.16	1	1.2	0.8;
	51	1	1e-10	5e-11	0	0	1	1	0	4.16	1	1.2	0.8;
	52	1	1e-10	5e-11	0	0	1	1	0	4.16	1	1.2	0.8;
	53	1	-0.002116	-0.001058	0	0	1	1	0	4.16	1	1.2	0.8;
	54	1	1e-10	5e-11	0	0	1	1	0	4.16	1	1.2	0.8;
	55	1	1e-10	5e-11	0	0	1	1	0	4.16	1	1.2	0.8;
	56	1	-0.003234	-0.001617	0	0	1	1	0	4.16	1	1.2	0.8;
	57	1	1e-10	5e-11	0	0	1	1	0	4.16	1	1.2	0.8;
	58	1	1e-10	5e-11	0	0	1	1	0	4.16	1	1.2	0.8;
	59	1	6.5e-05	3.25e-05	0	0	1	1	0	4.16	1	1.2	0.8;
	60	1	-0.003767	-0.0018835	0	0	1	1	0	4.16	1	1.2	0.8;
];

%% generator data
%	bus	Pg	Qg	Qmax	Qmin	Vg	mBase	status	Pmax	Pmin	Pc1	Pc2	Qc1min	Qc1max	Qc2min	Qc2max	ramp_agc	ramp_10	ramp_30	ramp_q	apf
mpc.gen = [
	1	-0.144723999	0	200	-200	1	1	1	200	-200	0	0	0	0	0	0	10	0	0	0	0;
];

%% branch data
%	fbus	tbus	r	x	b	rateA	rateB	rateC	ratio	angle	status	angmin	angmax
mpc.branch = [
	1	2	0.0013398623	0.0027450827	3.02770272e-08	100	100	100	0	0	1	-80	80;
	1	2	0.0013398623	0.0027450827	3.02770272e-08	100	100	100	0	0	1	-80	80;
	2	3	0.0013398623	0.0027450827	3.02770272e-08	100	100	100	0	0	1	-80	80;
	3	4	0.0013398623	0.0027450827	3.02770272e-08	100	100	100	0	0	1	-80	80;
	4	5	0.0013398623	0.0027450827	3.02770272e-08	100	100	100	0	0	1	-80	80;
	5	6	0.0013398623	0.0027450827	3.02770272e-08	100	100	100	0	0	1	-80	80;
	6	7	0.0013398623	0.0027450827	3.02770272e-08	100	100	100	0	0	1	-80	80;
	7	8	0.0013398623	0.0027450827	3.02770272e-08	100	100	100	0	0	1	-80	80;
	8	9	0.0013398623	0.0027450827	3.02770272e-08	100	100	100	0	0	1	-80	80;
	9	10	0.0013398623	0.0027450827	3.02770272e-08	100	100	100	0	0	1	-80	80;
	10	11	0.0013398623	0.0027450827	3.02770272e-08	100	100	100	0	0	1	-80	80;
	11	12	0.0013398623	0.0027450827	3.02770272e-08	100	100	100	0	0	1	-80	80;
	12	13	0.0013398623	0.0027450827	3.02770272e-08	100	100	100	0	0	1	-80	80;
	13	14	0.0013398623	0.0027450827	3.02770272e-08	100	100	100	0	0	1	-80	80;
	14	15	0.0013398623	0.0027450827	3.02770272e-08	100	100	100	0	0	1	-80	80;
	15	16	0.0013398623	0.0027450827	3.02770272e-08	100	100	100	0	0	1	-80	80;
	16	17	0.0013398623	0.0027450827	3.02770272e-08	100	100	100	0	0	1	-80	80;
	17	18	0.0013398623	0.0027450827	3.02770272e-08	100	100	100	0	0	1	-80	80;
	18	19	0.0013398623	0.0027450827	3.02770272e-08	100	100	100	0	0	1	-80	80;
	19	20	0.0013398623	0.0027450827	3.02770272e-08	100	100	100	0	0	1	-80	80;
	20	21	0.0013398623	0.0027450827	3.02770272e-08	100	100	100	0	0	1	-80	80;
	21	22	0.0013398623	0.0027450827	3.02770272e-08	100	100	100	0	0	1	-80	80;
	22	23	0.0013398623	0.0027450827	3.02770272e-08	100	100	100	0	0	1	-80	80;
	23	24	0.0013398623	0.0027450827	3.02770272e-08	100	100	100	0	0	1	-80	80;
	24	25	0.0013398623	0.0027450827	3.02770272e-08	100	100	100	0	0	1	-80	80;
	25	26	0.0013398623	0.0027450827	3.02770272e-08	100	100	100	0	0	1	-80	80;
	26	27	0.0013398623	0.0027450827	3.02770272e-08	100	100	100	0	0	1	-80	80;
	27	28	0.0013398623	0.0027450827	3.02770272e-08	100	100	100	0	0	1	-80	80;
	28	29	0.0013398623	0.0027450827	3.02770272e-08	100	100	100	0	0	1	-80	80;
	1	30	0.0013398623	0.0027450827	3.02770272e-08	100	100	100	0	0	1	-80	80;
	30	31	0.0013398623	0.0027450827	3.02770272e-08	100	100	100	0	0	1	-80	80;
	31	32	0.0013398623	0.0027450827	3.02770272e-08	100	100	100	0	0	1	-80	80;
	32	33	0.0013398623	0.0027450827	3.02770272e-08	100	100	100	0	0	1	-80	80;
	33	34	0.0013398623	0.0027450827	3.02770272e-08	100	100	100	0	0	1	-80	80;
	34	35	0.0013398623	0.0027450827	3.02770272e-08	100	100	100	0	0	1	-80	80;
	35	36	0.0013398623	0.0027450827	3.02770272e-08	100	100	100	0	0	1	-80	80;
	36	37	0.0013398623	0.0027450827	3.02770272e-08	100	100	100	0	0	1	-80	80;
	37	38	0.0013398623	0.0027450827	3.02770272e-08	100	100	100	0	0	1	-80	80;
	38	39	0.0013398623	0.0027450827	3.02770272e-08	100	100	100	0	0	1	-80	80;
	39	40	0.0013398623	0.0027450827	3.02770272e-08	100	100	100	0	0	1	-80	80;
	40	41	0.0013398623	0.0027450827	3.02770272e-08	100	100	100	0	0	1	-80	80;
	41	42	0.0013398623	0.0027450827	3.02770272e-08	100	100	100	0	0	1	-80	80;
	42	43	0.0013398623	0.0027450827	3.02770272e-08	100	100	100	0	0	1	-80	80;
	43	44	0.0013398623	0.0027450827	3.02770272e-08	100	100	100	0	0	1	-80	80;
	44	45	0.0013398623	0.0027450827	3.02770272e-08	100	100	100	0	0	1	-80	80;
	45	46	0.0013398623	0.0027450827	3.02770272e-08	100	100	100	0	0	1	-80	80;
	46	47	0.0013398623	0.0027450827	3.02770272e-08	100	100	100	0	0	1	-80	80;
	47	48	0.0013398623	0.0027450827	3.02770272e-08	100	100	100	0	0	1	-80	80;
	48	49	0.0013398623	0.0027450827	3.02770272e-08	100	100	100	0	0	1	-80	80;
	49	50	0.0013398623	0.0027450827	3.02770272e-08	100	100	100	0	0	1	-80	80;
	50	51	0.0013398623	0.0027450827	3.02770272e-08	100	100	100	0	0	1	-80	80;
	51	52	0.0013398623	0.0027450827	3.02770272e-08	100	100	100	0	0	1	-80	80;
	52	53	0.0013398623	0.0027450827	3.02770272e-08	100	100	100	0	0	1	-80	80;
	53	54	0.0013398623	0.0027450827	3.02770272e-08	100	100	100	0	0	1	-80	80;
	54	55	0.0013398623	0.0027450827	3.02770272e-08	100	100	100	0	0	1	-80	80;
	55	56	0.0013398623	0.0027450827	3.02770272e-08	100	100	100	0	0	1	-80	80;
	56	57	0.0013398623	0.0027450827	3.02770272e-08	100	100	100	0	0	1	-80	80;
	57	58	0.0013398623	0.0027450827	3.02770272e-08	100	100	100	0	0	1	-80	80;
	58	59	0.0013398623	0.0027450827	3.02770272e-08	100	100	100	0	0	1	-80	80;
