function mpc = case_ieee123_storage_985
%CASE_IEEE123_STORAGE_985

%% MATPOWER Case Format : Version 2
mpc.version = '2';

%%-----  Power Flow Data  -----%%
%% system MVA base
mpc.baseMVA = 1;

%% bus data
%	bus_i	type	Pd	Qd	Gs	Bs	area	Vm	Va	baseKV	zone	Vmax	Vmin
mpc.bus = [
	1	3	-0.003533	-0.0017665	0	0	1	1	0	4.16	1	1.2	0.8;
	2	1	0.002103	0.0010515	0	0	1	1	0	4.16	1	1.2	0.8;
	3	1	0.00034	0.00017	0	0	1	1	0	4.16	1	1.2	0.8;
	4	1	-0.001882	-0.000941	0	0	1	1	0	4.16	1	1.2	0.8;
	5	1	-0.002067	-0.0010335	0	0	1	1	0	4.16	1	1.2	0.8;
	6	1	1e-10	5e-11	0	0	1	1	0	4.16	1	1.2	0.8;
	7	1	1e-10	5e-11	0	0	1	1	0	4.16	1	1.2	0.8;
	8	1	-0.003226	-0.001613	0	0	1	1	0	4.16	1	1.2	0.8;
	9	1	-0.00315	-0.001575	0	0	1	1	0	4.16	1	1.2	0.8;
	10	1	-0.002925	-0.0014625	0	0	1	1	0	4.16	1	1.2	0.8;
	11	1	-0.001242	-0.000621	0	0	1	1	0	4.16	1	1.2	0.8;
	12	1	-0.00343	-0.001715	0	0	1	1	0	4.16	1	1.2	0.8;
	13	1	-0.002737	-0.0013685	0	0	1	1	0	4.16	1	1.2	0.8;
	14	1	1e-10	5e-11	0	0	1	1	0	4.16	1	1.2	0.8;
	15	1	-0.003336	-0.001668	0	0	1	1	0	4.16	1	1.2	0.8;
	16	1	-0.003645	-0.0018225	0	0	1	1	0	4.16	1	1.2	0.8;
	17	1	-0.002874	-0.001437	0	0	1	1	0	4.16	1	1.2	0.8;
	18	1	-0.002828	-0.001414	0	0	1	1	0	4.16	1	1.2	0.8;
	19	1	-0.002729	-0.0013645	0	0	1	1	0	4.16	1	1.2	0.8;
	20	1	-0.001858	-0.000929	0	0	1	1	0	4.16	1	1.2	0.8;
	21	1	-0.003149	-0.0015745	0	0	1	1	0	4.16	1	1.2	0.8;
	22	1	-0.00213	-0.001065	0	0	1	1	0	4.16	1	1.2	0.8;
	23	1	-0.002621	-0.0013105	0	0	1	1	0	4.16	1	1.2	0.8;
	24	1	-0.002338	-0.001169	0	0	1	1	0	4.16	1	1.2	0.8;
	25	1	-0.001974	-0.000987	0	0	1	1	0	4.16	1	1.2	0.8;
	26	1	0.000292	0.000146	0	0	1	1	0	4.16	1	1.2	0.8;
	27	1	-0.001718	-0.000859	0	0	1	1	0	4.16	1	1.2	0.8;
	28	1	-0.001299	-0.0006495	0	0	1	1	0	4.16	1	1.2	0.8;
	29	1	-0.002613	-0.0013065	0	0	1	1	0	4.16	1	1.2	0.8;
	30	1	-0.003152	-0.001576	0	0	1	1	0	4.16	1	1.2	0.8;
	31	1	-0.001348	-0.000674	0	0	1	1	0	4.16	1	1.2	0.8;
	32	1	-0.002635	-0.0013175	0	0	1	1	0	4.16	1	1.2	0.8;
	33	1	-0.002007	-0.0010035	0	0	1	1	0	4.16	1	1.2	0.8;
	34	1	-0.003883	-0.0019415	0	0	1	1	0	4.16	1	1.2	0.8;
	35	1	-0.00236	-0.00118	0	0	1	1	0	4.16	1	1.2	0.8;
	36	1	-0.001756	-0.000878	0	0	1	1	0	4.16	1	1.2	0.8;
	37	1	-0.002124	-0.001062	0	0	1	1	0	4.16	1	1.2	0.8;
	38	1	-0.00317	-0.001585	0	0	1	1	0	4.16	1	1.2	0.8;
	39	1	-0.002925	-0.0014625	0	0	1	1	0	4.16	1	1.2	0.8;
	40	1	-0.002328	-0.001164	0	0	1	1	0	4.16	1	1.2	0.8;
	41	1	-0.003344	-0.001672	0	0	1	1	0	4.16	1	1.2	0.8;
	42	1	-0.00356	-0.00178	0	0	1	1	0	4.16	1	1.2	0.8;
	43	1	-0.003425	-0.0017125	0	0	1	1	0	4.16	1	1.2	0.8;
	44	1	-0.00232	-0.00116	0	0	1	1	0	4.16	1	1.2	0.8;
	45	1	1e-10	5e-11	0	0	1	1	0	4.16	1	1.2	0.8;
	46	1	0.000538	0.000269	0	0	1	1	0	4.16	1	1.2	0.8;
	47	1	1e-10	5e-11	0	0	1	1	0	4.16	1	1.2	0.8;
	48	1	1e-10	5e-11	0	0	1	1	0	4.16	1	1.2	0.8;
	49	1	0.000902	0.000451	0	0	1	1	0	4.16	1	1.2	0.8;
	50	1	-0.003076	-0.001538	0	0	1	1	0	4.16	1	1.2	0.8;
	51	1	1e-10	5e-11	0	0	1	1	0	4.16	1	1.2	0.8;
	52	1	1e-10	5e-11	0	0	1	1	0	4.16	1	1.2	0.8;
	53	1	-0.001736	-0.000868	0	0	1	1	0	4.16	1	1.2	0.8;
	54	1	1e-10	5e-11	0	0	1	1	0	4.16	1	1.2	0.8;
	55	1	1e-10	5e-11	0	0	1	1	0	4.16	1	1.2	0.8;
	56	1	-0.000138	-6.9e-05	0	0	1	1	0	4.16	1	1.2	0.8;
	57	1	1e-10	5e-11	0	0	1	1	0	4.16	1	1.2	0.8;
	58	1	1e-10	5e-11	0	0	1	1	0	4.16	1	1.2	0.8;
	59	1	0.000194	9.7e-05	0	0	1	1	0	4.16	1	1.2	0.8;
	60	1	-0.003611	-0.0018055	0	0	1	1	0	4.16	1	1.2	0.8;
];

%% generator data
%	bus	Pg	Qg	Qmax	Qmin	Vg	mBase	status	Pmax	Pmin	Pc1	Pc2	Qc1min	Qc1max	Qc2min	Qc2max	ramp_agc	ramp_10	ramp_30	ramp_q	apf
mpc.gen = [
	1	-0.103832999	0	200	-200	1	1	1	200	-200	0	0	0	0	0	0	10	0	0	0	0;
];

%% branch data
%	fbus	tbus	r	x	b	rateA	rateB	rateC	ratio	angle	status	angmin	angmax
mpc.branch = [
	1	2	0.0013398623	0.0027450827	3.02770272e-08	100	100	100	0	0	1	-80	80;
	1	2	0.0013398623	0.0027450827	3.02770272e-08	100	100	100	0	0	1	-80	80;
	2	3	0.0013398623	0.0027450827	3.02770272e-08	100	100	100	0	0	1	-80	80;
	3	4	0.0013398623	0.0027450827	3.02770272e-08	100	100	100	0	0	1	-80	80;
	4	5	0.0013398623	0.0027450827	3.02770272e-08	100	100	100	0	0	1	-80	80;
	5	6	0.0013398623	0.0027450827	3.02770272e-08	100	100	100	0	0	1	-80	80;
	6	7	0.0013398623	0.0027450827	3.02770272e-08	100	100	100	0	0	1	-80	80;
	7	8	0.0013398623	0.0027450827	3.02770272e-08	100	100	100	0	0	1	-80	80;
	8	9	0.0013398623	0.0027450827	3.02770272e-08	100	100	100	0	0	1	-80	80;
	9	10	0.0013398623	0.0027450827	3.02770272e-08	100	100	100	0	0	1	-80	80;
	10	11	0.0013398623	0.0027450827	3.02770272e-08	100	100	100	0	0	1	-80	80;
	11	12	0.0013398623	0.0027450827	3.02770272e-08	100	100	100	0	0	1	-80	80;
	12	13	0.0013398623	0.0027450827	3.02770272e-08	100	100	100	0	0	1	-80	80;
	13	14	0.0013398623	0.0027450827	3.02770272e-08	100	100	100	0	0	1	-80	80;
	14	15	0.0013398623	0.0027450827	3.02770272e-08	100	100	100	0	0	1	-80	80;
	15	16	0.0013398623	0.0027450827	3.02770272e-08	100	100	100	0	0	1	-80	80;
	16	17	0.0013398623	0.0027450827	3.02770272e-08	100	100	100	0	0	1	-80	80;
	17	18	0.0013398623	0.0027450827	3.02770272e-08	100	100	100	0	0	1	-80	80;
	18	19	0.0013398623	0.0027450827	3.02770272e-08	100	100	100	0	0	1	-80	80;
	19	20	0.0013398623	0.0027450827	3.02770272e-08	100	100	100	0	0	1	-80	80;
	20	21	0.0013398623	0.0027450827	3.02770272e-08	100	100	100	0	0	1	-80	80;
	21	22	0.0013398623	0.0027450827	3.02770272e-08	100	100	100	0	0	1	-80	80;
	22	23	0.0013398623	0.0027450827	3.02770272e-08	100	100	100	0	0	1	-80	80;
	23	24	0.0013398623	0.0027450827	3.02770272e-08	100	100	100	0	0	1	-80	80;
	24	25	0.0013398623	0.0027450827	3.02770272e-08	100	100	100	0	0	1	-80	80;
	25	26	0.0013398623	0.0027450827	3.02770272e-08	100	100	100	0	0	1	-80	80;
	26	27	0.0013398623	0.0027450827	3.02770272e-08	100	100	100	0	0	1	-80	80;
	27	28	0.0013398623	0.0027450827	3.02770272e-08	100	100	100	0	0	1	-80	80;
	28	29	0.0013398623	0.0027450827	3.02770272e-08	100	100	100	0	0	1	-80	80;
	1	30	0.0013398623	0.0027450827	3.02770272e-08	100	100	100	0	0	1	-80	80;
	30	31	0.0013398623	0.0027450827	3.02770272e-08	100	100	100	0	0	1	-80	80;
	31	32	0.0013398623	0.0027450827	3.02770272e-08	100	100	100	0	0	1	-80	80;
	32	33	0.0013398623	0.0027450827	3.02770272e-08	100	100	100	0	0	1	-80	80;
	33	34	0.0013398623	0.0027450827	3.02770272e-08	100	100	100	0	0	1	-80	80;
	34	35	0.0013398623	0.0027450827	3.02770272e-08	100	100	100	0	0	1	-80	80;
	35	36	0.0013398623	0.0027450827	3.02770272e-08	100	100	100	0	0	1	-80	80;
	36	37	0.0013398623	0.0027450827	3.02770272e-08	100	100	100	0	0	1	-80	80;
	37	38	0.0013398623	0.0027450827	3.02770272e-08	100	100	100	0	0	1	-80	80;
	38	39	0.0013398623	0.0027450827	3.02770272e-08	100	100	100	0	0	1	-80	80;
	39	40	0.0013398623	0.0027450827	3.02770272e-08	100	100	100	0	0	1	-80	80;
	40	41	0.0013398623	0.0027450827	3.02770272e-08	100	100	100	0	0	1	-80	80;
	41	42	0.0013398623	0.0027450827	3.02770272e-08	100	100	100	0	0	1	-80	80;
	42	43	0.0013398623	0.0027450827	3.02770272e-08	100	100	100	0	0	1	-80	80;
	43	44	0.0013398623	0.0027450827	3.02770272e-08	100	100	100	0	0	1	-80	80;
	44	45	0.0013398623	0.0027450827	3.02770272e-08	100	100	100	0	0	1	-80	80;
	45	46	0.0013398623	0.0027450827	3.02770272e-08	100	100	100	0	0	1	-80	80;
	46	47	0.0013398623	0.0027450827	3.02770272e-08	100	100	100	0	0	1	-80	80;
	47	48	0.0013398623	0.0027450827	3.02770272e-08	100	100	100	0	0	1	-80	80;
	48	49	0.0013398623	0.0027450827	3.02770272e-08	100	100	100	0	0	1	-80	80;
	49	50	0.0013398623	0.0027450827	3.02770272e-08	100	100	100	0	0	1	-80	80;
	50	51	0.0013398623	0.0027450827	3.02770272e-08	100	100	100	0	0	1	-80	80;
	51	52	0.0013398623	0.0027450827	3.02770272e-08	100	100	100	0	0	1	-80	80;
	52	53	0.0013398623	0.0027450827	3.02770272e-08	100	100	100	0	0	1	-80	80;
	53	54	0.0013398623	0.0027450827	3.02770272e-08	100	100	100	0	0	1	-80	80;
	54	55	0.0013398623	0.0027450827	3.02770272e-08	100	100	100	0	0	1	-80	80;
	55	56	0.0013398623	0.0027450827	3.02770272e-08	100	100	100	0	0	1	-80	80;
	56	57	0.0013398623	0.0027450827	3.02770272e-08	100	100	100	0	0	1	-80	80;
	57	58	0.0013398623	0.0027450827	3.02770272e-08	100	100	100	0	0	1	-80	80;
	58	59	0.0013398623	0.0027450827	3.02770272e-08	100	100	100	0	0	1	-80	80;
