function mpc = case_ieee123_storage_724
%CASE_IEEE123_STORAGE_724

%% MATPOWER Case Format : Version 2
mpc.version = '2';

%%-----  Power Flow Data  -----%%
%% system MVA base
mpc.baseMVA = 1;

%% bus data
%	bus_i	type	Pd	Qd	Gs	Bs	area	Vm	Va	baseKV	zone	Vmax	Vmin
mpc.bus = [
	1	3	-0.000241	-0.0001205	0	0	1	1	0	4.16	1	1.2	0.8;
	2	1	0.001589	0.0007945	0	0	1	1	0	4.16	1	1.2	0.8;
	3	1	0.001083	0.0005415	0	0	1	1	0	4.16	1	1.2	0.8;
	4	1	0.003772	0.001886	0	0	1	1	0	4.16	1	1.2	0.8;
	5	1	-3e-05	-1.5e-05	0	0	1	1	0	4.16	1	1.2	0.8;
	6	1	1e-10	5e-11	0	0	1	1	0	4.16	1	1.2	0.8;
	7	1	1e-10	5e-11	0	0	1	1	0	4.16	1	1.2	0.8;
	8	1	-0.000481	-0.0002405	0	0	1	1	0	4.16	1	1.2	0.8;
	9	1	0.001375	0.0006875	0	0	1	1	0	4.16	1	1.2	0.8;
	10	1	-0.000365	-0.0001825	0	0	1	1	0	4.16	1	1.2	0.8;
	11	1	1e-10	5e-11	0	0	1	1	0	4.16	1	1.2	0.8;
	12	1	0.000881	0.0004405	0	0	1	1	0	4.16	1	1.2	0.8;
	13	1	-0.000313	-0.0001565	0	0	1	1	0	4.16	1	1.2	0.8;
	14	1	0.001306	0.000653	0	0	1	1	0	4.16	1	1.2	0.8;
	15	1	-0.000128	-6.4e-05	0	0	1	1	0	4.16	1	1.2	0.8;
	16	1	1e-10	5e-11	0	0	1	1	0	4.16	1	1.2	0.8;
	17	1	-0.000407	-0.0002035	0	0	1	1	0	4.16	1	1.2	0.8;
	18	1	-0.000329	-0.0001645	0	0	1	1	0	4.16	1	1.2	0.8;
	19	1	-0.00014	-7e-05	0	0	1	1	0	4.16	1	1.2	0.8;
	20	1	-0.000391	-0.0001955	0	0	1	1	0	4.16	1	1.2	0.8;
	21	1	0.000381	0.0001905	0	0	1	1	0	4.16	1	1.2	0.8;
	22	1	0.000214	0.000107	0	0	1	1	0	4.16	1	1.2	0.8;
	23	1	-0.000174	-8.7e-05	0	0	1	1	0	4.16	1	1.2	0.8;
	24	1	8.3e-05	4.15e-05	0	0	1	1	0	4.16	1	1.2	0.8;
	25	1	-4e-05	-2e-05	0	0	1	1	0	4.16	1	1.2	0.8;
	26	1	0.000356	0.000178	0	0	1	1	0	4.16	1	1.2	0.8;
	27	1	-0.000306	-0.000153	0	0	1	1	0	4.16	1	1.2	0.8;
	28	1	0.000585	0.0002925	0	0	1	1	0	4.16	1	1.2	0.8;
	29	1	1e-10	5e-11	0	0	1	1	0	4.16	1	1.2	0.8;
	30	1	-7.3e-05	-3.65e-05	0	0	1	1	0	4.16	1	1.2	0.8;
	31	1	0.000134	6.7e-05	0	0	1	1	0	4.16	1	1.2	0.8;
	32	1	0.001116	0.000558	0	0	1	1	0	4.16	1	1.2	0.8;
	33	1	0.000804	0.000402	0	0	1	1	0	4.16	1	1.2	0.8;
	34	1	0.000232	0.000116	0	0	1	1	0	4.16	1	1.2	0.8;
	35	1	0.000379	0.0001895	0	0	1	1	0	4.16	1	1.2	0.8;
	36	1	1e-10	5e-11	0	0	1	1	0	4.16	1	1.2	0.8;
	37	1	0.000723	0.0003615	0	0	1	1	0	4.16	1	1.2	0.8;
	38	1	0.003526	0.001763	0	0	1	1	0	4.16	1	1.2	0.8;
	39	1	0.000656	0.000328	0	0	1	1	0	4.16	1	1.2	0.8;
	40	1	4.6e-05	2.3e-05	0	0	1	1	0	4.16	1	1.2	0.8;
	41	1	-0.000344	-0.000172	0	0	1	1	0	4.16	1	1.2	0.8;
	42	1	4e-06	2e-06	0	0	1	1	0	4.16	1	1.2	0.8;
	43	1	-0.000129	-6.45e-05	0	0	1	1	0	4.16	1	1.2	0.8;
	44	1	0.000475	0.0002375	0	0	1	1	0	4.16	1	1.2	0.8;
	45	1	0.008288	0.004144	0	0	1	1	0	4.16	1	1.2	0.8;
	46	1	0.001257	0.0006285	0	0	1	1	0	4.16	1	1.2	0.8;
	47	1	0.001233	0.0006165	0	0	1	1	0	4.16	1	1.2	0.8;
	48	1	0.000639	0.0003195	0	0	1	1	0	4.16	1	1.2	0.8;
	49	1	-0.000269	-0.0001345	0	0	1	1	0	4.16	1	1.2	0.8;
	50	1	0.00014	7e-05	0	0	1	1	0	4.16	1	1.2	0.8;
	51	1	1e-10	5e-11	0	0	1	1	0	4.16	1	1.2	0.8;
	52	1	-0.000346	-0.000173	0	0	1	1	0	4.16	1	1.2	0.8;
	53	1	0.001452	0.000726	0	0	1	1	0	4.16	1	1.2	0.8;
	54	1	-5.7e-05	-2.85e-05	0	0	1	1	0	4.16	1	1.2	0.8;
	55	1	0.000523	0.0002615	0	0	1	1	0	4.16	1	1.2	0.8;
	56	1	0.000129	6.45e-05	0	0	1	1	0	4.16	1	1.2	0.8;
	57	1	-7.6e-05	-3.8e-05	0	0	1	1	0	4.16	1	1.2	0.8;
	58	1	-0.00015	-7.5e-05	0	0	1	1	0	4.16	1	1.2	0.8;
	59	1	-0.000336	-0.000168	0	0	1	1	0	4.16	1	1.2	0.8;
	60	1	0.000168	8.4e-05	0	0	1	1	0	4.16	1	1.2	0.8;
	61	1	-0.000384	-0.000192	0	0	1	1	0	4.16	1	1.2	0.8;
	62	1	-0.0016	-0.0008	0	0	1	1	0	4.16	1	1.2	0.8;
	63	1	-0.0003	-0.00015	0	0	1	1	0	4.16	1	1.2	0.8;
	64	1	-0.000228	-0.000114	0	0	1	1	0	4.16	1	1.2	0.8;
	65	1	0.000839	0.0004195	0	0	1	1	0	4.16	1	1.2	0.8;
	66	1	0.000334	0.000167	0	0	1	1	0	4.16	1	1.2	0.8;
	67	1	0.000617	0.0003085	0	0	1	1	0	4.16	1	1.2	0.8;
	68	1	-0.00088	-0.00044	0	0	1	1	0	4.16	1	1.2	0.8;
	69	1	1e-10	5e-11	0	0	1	1	0	4.16	1	1.2	0.8;
	70	1	-0.000191	-9.55e-05	0	0	1	1	0	4.16	1	1.2	0.8;
	71	1	0.000299	0.0001495	0	0	1	1	0	4.16	1	1.2	0.8;
	72	1	-2.8e-05	-1.4e-05	0	0	1	1	0	4.16	1	1.2	0.8;
	73	1	4.3e-05	2.15e-05	0	0	1	1	0	4.16	1	1.2	0.8;
	74	1	-0.000166	-8.3e-05	0	0	1	1	0	4.16	1	1.2	0.8;
	75	1	-0.000328	-0.000164	0	0	1	1	0	4.16	1	1.2	0.8;
	76	1	0.000448	0.000224	0	0	1	1	0	4.16	1	1.2	0.8;
	77	1	0.000361	0.0001805	0	0	1	1	0	4.16	1	1.2	0.8;
	78	1	0.001381	0.0006905	0	0	1	1	0	4.16	1	1.2	0.8;
	79	1	0.000942	0.000471	0	0	1	1	0	4.16	1	1.2	0.8;
	80	1	0.000515	0.0002575	0	0	1	1	0	4.16	1	1.2	0.8;
	81	1	-0.000283	-0.0001415	0	0	1	1	0	4.16	1	1.2	0.8;
	82	1	-0.00021	-0.000105	0	0	1	1	0	4.16	1	1.2	0.8;
	83	1	6e-05	3e-05	0	0	1	1	0	4.16	1	1.2	0.8;
	84	1	0.000795	0.0003975	0	0	1	1	0	4.16	1	1.2	0.8;
	85	1	-0.000141	-7.05e-05	0	0	1	1	0	4.16	1	1.2	0.8;
	86	1	0.000139	6.95e-05	0	0	1	1	0	4.16	1	1.2	0.8;
	87	1	-0.000266	-0.000133	0	0	1	1	0	4.16	1	1.2	0.8;
	88	1	-0.000217	-0.0001085	0	0	1	1	0	4.16	1	1.2	0.8;
	89	1	1.1e-05	5.5e-06	0	0	1	1	0	4.16	1	1.2	0.8;
	90	1	0.00058	0.00029	0	0	1	1	0	4.16	1	1.2	0.8;
	91	1	0.003889	0.0019445	0	0	1	1	0	4.16	1	1.2	0.8;
	92	1	0.000616	0.000308	0	0	1	1	0	4.16	1	1.2	0.8;
	93	1	0.001339	0.0006695	0	0	1	1	0	4.16	1	1.2	0.8;
	94	1	0.007598	0.003799	0	0	1	1	0	4.16	1	1.2	0.8;
	95	1	0.000611	0.0003055	0	0	1	1	0	4.16	1	1.2	0.8;
	96	1	0.000253	0.0001265	0	0	1	1	0	4.16	1	1.2	0.8;
	97	1	0.000527	0.0002635	0	0	1	1	0	4.16	1	1.2	0.8;
	98	1	0.002545	0.0012725	0	0	1	1	0	4.16	1	1.2	0.8;
	99	1	0.000221	0.0001105	0	0	1	1	0	4.16	1	1.2	0.8;
	100	1	0.00061	0.000305	0	0	1	1	0	4.16	1	1.2	0.8;
	101	1	0.000243	0.0001215	0	0	1	1	0	4.16	1	1.2	0.8;
	102	1	0.00035	0.000175	0	0	1	1	0	4.16	1	1.2	0.8;
	103	1	0.00089	0.000445	0	0	1	1	0	4.16	1	1.2	0.8;
	104	1	-0.000299	-0.0001495	0	0	1	1	0	4.16	1	1.2	0.8;
	105	1	0.002798	0.001399	0	0	1	1	0	4.16	1	1.2	0.8;
	106	1	1e-10	5e-11	0	0	1	1	0	4.16	1	1.2	0.8;
	107	1	1e-10	5e-11	0	0	1	1	0	4.16	1	1.2	0.8;
	108	1	0.000472	0.000236	0	0	1	1	0	4.16	1	1.2	0.8;
	109	1	-0.000382	-0.000191	0	0	1	1	0	4.16	1	1.2	0.8;
];

%% generator data
%	bus	Pg	Qg	Qmax	Qmin	Vg	mBase	status	Pmax	Pmin	Pc1	Pc2	Qc1min	Qc1max	Qc2min	Qc2max	ramp_agc	ramp_10	ramp_30	ramp_q	apf
mpc.gen = [
	1	17.068	0	200	-200	1	1	1	200	-200	0	0	0	0	0	0	10	0	0	0	0;
];

%% branch data
%	fbus	tbus	r	x	b	rateA	rateB	rateC	ratio	angle	status	angmin	angmax
