function mpc = case_ieee123_storage_966
%CASE_IEEE123_STORAGE_966

%% MATPOWER Case Format : Version 2
mpc.version = '2';

%%-----  Power Flow Data  -----%%
%% system MVA base
mpc.baseMVA = 1;

%% bus data
%	bus_i	type	Pd	Qd	Gs	Bs	area	Vm	Va	baseKV	zone	Vmax	Vmin
mpc.bus = [
	1	3	-0.000434	-0.000217	0	0	1	1	0	4.16	1	1.2	0.8;
	2	1	0.001897	0.0009485	0	0	1	1	0	4.16	1	1.2	0.8;
	3	1	0.000749	0.0003745	0	0	1	1	0	4.16	1	1.2	0.8;
	4	1	-6.6e-05	-3.3e-05	0	0	1	1	0	4.16	1	1.2	0.8;
	5	1	-0.000272	-0.000136	0	0	1	1	0	4.16	1	1.2	0.8;
	6	1	1e-10	5e-11	0	0	1	1	0	4.16	1	1.2	0.8;
	7	1	1e-10	5e-11	0	0	1	1	0	4.16	1	1.2	0.8;
	8	1	-0.000376	-0.000188	0	0	1	1	0	4.16	1	1.2	0.8;
	9	1	0.000797	0.0003985	0	0	1	1	0	4.16	1	1.2	0.8;
	10	1	-0.000615	-0.0003075	0	0	1	1	0	4.16	1	1.2	0.8;
	11	1	1e-10	5e-11	0	0	1	1	0	4.16	1	1.2	0.8;
	12	1	0.00027	0.000135	0	0	1	1	0	4.16	1	1.2	0.8;
	13	1	-0.000566	-0.000283	0	0	1	1	0	4.16	1	1.2	0.8;
	14	1	0.000564	0.000282	0	0	1	1	0	4.16	1	1.2	0.8;
	15	1	-0.000489	-0.0002445	0	0	1	1	0	4.16	1	1.2	0.8;
	16	1	1e-10	5e-11	0	0	1	1	0	4.16	1	1.2	0.8;
	17	1	-0.000669	-0.0003345	0	0	1	1	0	4.16	1	1.2	0.8;
	18	1	-0.000619	-0.0003095	0	0	1	1	0	4.16	1	1.2	0.8;
	19	1	-0.000502	-0.000251	0	0	1	1	0	4.16	1	1.2	0.8;
	20	1	-0.000702	-0.000351	0	0	1	1	0	4.16	1	1.2	0.8;
	21	1	-0.000182	-9.1e-05	0	0	1	1	0	4.16	1	1.2	0.8;
	22	1	0.001076	0.000538	0	0	1	1	0	4.16	1	1.2	0.8;
	23	1	-0.000398	-0.000199	0	0	1	1	0	4.16	1	1.2	0.8;
	24	1	-1e-05	-5e-06	0	0	1	1	0	4.16	1	1.2	0.8;
	25	1	-1.2e-05	-6e-06	0	0	1	1	0	4.16	1	1.2	0.8;
	26	1	0.000151	7.55e-05	0	0	1	1	0	4.16	1	1.2	0.8;
	27	1	-0.000502	-0.000251	0	0	1	1	0	4.16	1	1.2	0.8;
	28	1	2.3e-05	1.15e-05	0	0	1	1	0	4.16	1	1.2	0.8;
	29	1	1e-10	5e-11	0	0	1	1	0	4.16	1	1.2	0.8;
	30	1	-0.000381	-0.0001905	0	0	1	1	0	4.16	1	1.2	0.8;
	31	1	0.000127	6.35e-05	0	0	1	1	0	4.16	1	1.2	0.8;
	32	1	0.003447	0.0017235	0	0	1	1	0	4.16	1	1.2	0.8;
	33	1	0.005706	0.002853	0	0	1	1	0	4.16	1	1.2	0.8;
	34	1	0.001512	0.000756	0	0	1	1	0	4.16	1	1.2	0.8;
	35	1	0.003366	0.001683	0	0	1	1	0	4.16	1	1.2	0.8;
	36	1	1e-10	5e-11	0	0	1	1	0	4.16	1	1.2	0.8;
	37	1	0.000696	0.000348	0	0	1	1	0	4.16	1	1.2	0.8;
	38	1	1e-10	5e-11	0	0	1	1	0	4.16	1	1.2	0.8;
	39	1	0.002336	0.001168	0	0	1	1	0	4.16	1	1.2	0.8;
	40	1	0.000999	0.0004995	0	0	1	1	0	4.16	1	1.2	0.8;
	41	1	0.003278	0.001639	0	0	1	1	0	4.16	1	1.2	0.8;
	42	1	7.5e-05	3.75e-05	0	0	1	1	0	4.16	1	1.2	0.8;
	43	1	0.000521	0.0002605	0	0	1	1	0	4.16	1	1.2	0.8;
	44	1	0.000635	0.0003175	0	0	1	1	0	4.16	1	1.2	0.8;
	45	1	0.003374	0.001687	0	0	1	1	0	4.16	1	1.2	0.8;
	46	1	0.002445	0.0012225	0	0	1	1	0	4.16	1	1.2	0.8;
	47	1	0.000961	0.0004805	0	0	1	1	0	4.16	1	1.2	0.8;
	48	1	0.000464	0.000232	0	0	1	1	0	4.16	1	1.2	0.8;
	49	1	-0.000482	-0.000241	0	0	1	1	0	4.16	1	1.2	0.8;
	50	1	0.000164	8.2e-05	0	0	1	1	0	4.16	1	1.2	0.8;
	51	1	1e-10	5e-11	0	0	1	1	0	4.16	1	1.2	0.8;
	52	1	-0.000811	-0.0004055	0	0	1	1	0	4.16	1	1.2	0.8;
	53	1	0.000622	0.000311	0	0	1	1	0	4.16	1	1.2	0.8;
	54	1	-0.000317	-0.0001585	0	0	1	1	0	4.16	1	1.2	0.8;
	55	1	0.000144	7.2e-05	0	0	1	1	0	4.16	1	1.2	0.8;
	56	1	0.000145	7.25e-05	0	0	1	1	0	4.16	1	1.2	0.8;
	57	1	-0.000242	-0.000121	0	0	1	1	0	4.16	1	1.2	0.8;
	58	1	-0.00051	-0.000255	0	0	1	1	0	4.16	1	1.2	0.8;
	59	1	-0.000163	-8.15e-05	0	0	1	1	0	4.16	1	1.2	0.8;
	60	1	0.000169	8.45e-05	0	0	1	1	0	4.16	1	1.2	0.8;
	61	1	-0.000916	-0.000458	0	0	1	1	0	4.16	1	1.2	0.8;
	62	1	0.009526	0.004763	0	0	1	1	0	4.16	1	1.2	0.8;
	63	1	-0.000581	-0.0002905	0	0	1	1	0	4.16	1	1.2	0.8;
	64	1	0.003635	0.0018175	0	0	1	1	0	4.16	1	1.2	0.8;
	65	1	1e-05	5e-06	0	0	1	1	0	4.16	1	1.2	0.8;
	66	1	0.000424	0.000212	0	0	1	1	0	4.16	1	1.2	0.8;
	67	1	0.000237	0.0001185	0	0	1	1	0	4.16	1	1.2	0.8;
	68	1	-0.00023	-0.000115	0	0	1	1	0	4.16	1	1.2	0.8;
	69	1	1e-10	5e-11	0	0	1	1	0	4.16	1	1.2	0.8;
	70	1	-0.000412	-0.000206	0	0	1	1	0	4.16	1	1.2	0.8;
	71	1	-7.6e-05	-3.8e-05	0	0	1	1	0	4.16	1	1.2	0.8;
	72	1	-0.000422	-0.000211	0	0	1	1	0	4.16	1	1.2	0.8;
	73	1	0.000218	0.000109	0	0	1	1	0	4.16	1	1.2	0.8;
	74	1	-0.000273	-0.0001365	0	0	1	1	0	4.16	1	1.2	0.8;
	75	1	-0.000143	-7.15e-05	0	0	1	1	0	4.16	1	1.2	0.8;
	76	1	0.000441	0.0002205	0	0	1	1	0	4.16	1	1.2	0.8;
	77	1	-9.8e-05	-4.9e-05	0	0	1	1	0	4.16	1	1.2	0.8;
	78	1	0.001	0.0005	0	0	1	1	0	4.16	1	1.2	0.8;
	79	1	0.00435	0.002175	0	0	1	1	0	4.16	1	1.2	0.8;
	80	1	0.000497	0.0002485	0	0	1	1	0	4.16	1	1.2	0.8;
	81	1	-0.000452	-0.000226	0	0	1	1	0	4.16	1	1.2	0.8;
	82	1	0.000544	0.000272	0	0	1	1	0	4.16	1	1.2	0.8;
	83	1	0.000685	0.0003425	0	0	1	1	0	4.16	1	1.2	0.8;
	84	1	0.000429	0.0002145	0	0	1	1	0	4.16	1	1.2	0.8;
	85	1	-0.000215	-0.0001075	0	0	1	1	0	4.16	1	1.2	0.8;
	86	1	-0.00023	-0.000115	0	0	1	1	0	4.16	1	1.2	0.8;
	87	1	-0.000654	-0.000327	0	0	1	1	0	4.16	1	1.2	0.8;
	88	1	-0.000648	-0.000324	0	0	1	1	0	4.16	1	1.2	0.8;
	89	1	0.002545	0.0012725	0	0	1	1	0	4.16	1	1.2	0.8;
	90	1	0.000366	0.000183	0	0	1	1	0	4.16	1	1.2	0.8;
	91	1	0.004279	0.0021395	0	0	1	1	0	4.16	1	1.2	0.8;
	92	1	0.001161	0.0005805	0	0	1	1	0	4.16	1	1.2	0.8;
	93	1	0.000823	0.0004115	0	0	1	1	0	4.16	1	1.2	0.8;
	94	1	0.009929	0.0049645	0	0	1	1	0	4.16	1	1.2	0.8;
	95	1	0.000568	0.000284	0	0	1	1	0	4.16	1	1.2	0.8;
	96	1	0.000446	0.000223	0	0	1	1	0	4.16	1	1.2	0.8;
	97	1	0.003132	0.001566	0	0	1	1	0	4.16	1	1.2	0.8;
	98	1	0.002786	0.001393	0	0	1	1	0	4.16	1	1.2	0.8;
	99	1	0.001033	0.0005165	0	0	1	1	0	4.16	1	1.2	0.8;
	100	1	0.000528	0.000264	0	0	1	1	0	4.16	1	1.2	0.8;
	101	1	1e-10	5e-11	0	0	1	1	0	4.16	1	1.2	0.8;
	102	1	0.000296	0.000148	0	0	1	1	0	4.16	1	1.2	0.8;
	103	1	0.000714	0.000357	0	0	1	1	0	4.16	1	1.2	0.8;
	104	1	5.4e-05	2.7e-05	0	0	1	1	0	4.16	1	1.2	0.8;
	105	1	0.003584	0.001792	0	0	1	1	0	4.16	1	1.2	0.8;
	106	1	1e-10	5e-11	0	0	1	1	0	4.16	1	1.2	0.8;
	107	1	1e-10	5e-11	0	0	1	1	0	4.16	1	1.2	0.8;
	108	1	0.002144	0.001072	0	0	1	1	0	4.16	1	1.2	0.8;
	109	1	-0.000495	-0.0002475	0	0	1	1	0	4.16	1	1.2	0.8;
];

%% generator data
%	bus	Pg	Qg	Qmax	Qmin	Vg	mBase	status	Pmax	Pmin	Pc1	Pc2	Qc1min	Qc1max	Qc2min	Qc2max	ramp_agc	ramp_10	ramp_30	ramp_q	apf
mpc.gen = [
	1	17.068	0	200	-200	1	1	1	200	-200	0	0	0	0	0	0	10	0	0	0	0;
];

%% branch data
%	fbus	tbus	r	x	b	rateA	rateB	rateC	ratio	angle	status	angmin	angmax
