function mpc = case_ieee123_storage_455
%CASE_IEEE123_STORAGE_455

%% MATPOWER Case Format : Version 2
mpc.version = '2';

%%-----  Power Flow Data  -----%%
%% system MVA base
mpc.baseMVA = 1;

%% bus data
%	bus_i	type	Pd	Qd	Gs	Bs	area	Vm	Va	baseKV	zone	Vmax	Vmin
mpc.bus = [
	1	3	0.001033	0.0005165	0	0	1	1	0	4.16	1	1.2	0.8;
	2	1	0.001028	0.000514	0	0	1	1	0	4.16	1	1.2	0.8;
	3	1	0.001308	0.000654	0	0	1	1	0	4.16	1	1.2	0.8;
	4	1	0.000278	0.000139	0	0	1	1	0	4.16	1	1.2	0.8;
	5	1	0.000296	0.000148	0	0	1	1	0	4.16	1	1.2	0.8;
	6	1	1e-10	5e-11	0	0	1	1	0	4.16	1	1.2	0.8;
	7	1	1e-10	5e-11	0	0	1	1	0	4.16	1	1.2	0.8;
	8	1	7e-05	3.5e-05	0	0	1	1	0	4.16	1	1.2	0.8;
	9	1	0.000704	0.000352	0	0	1	1	0	4.16	1	1.2	0.8;
	10	1	-5.6e-05	-2.8e-05	0	0	1	1	0	4.16	1	1.2	0.8;
	11	1	1e-10	5e-11	0	0	1	1	0	4.16	1	1.2	0.8;
	12	1	0.000748	0.000374	0	0	1	1	0	4.16	1	1.2	0.8;
	13	1	0.000103	5.15e-05	0	0	1	1	0	4.16	1	1.2	0.8;
	14	1	0.001144	0.000572	0	0	1	1	0	4.16	1	1.2	0.8;
	15	1	0.000331	0.0001655	0	0	1	1	0	4.16	1	1.2	0.8;
	16	1	1e-10	5e-11	0	0	1	1	0	4.16	1	1.2	0.8;
	17	1	0.000875	0.0004375	0	0	1	1	0	4.16	1	1.2	0.8;
	18	1	0.000144	7.2e-05	0	0	1	1	0	4.16	1	1.2	0.8;
	19	1	0.000329	0.0001645	0	0	1	1	0	4.16	1	1.2	0.8;
	20	1	-5.1e-05	-2.55e-05	0	0	1	1	0	4.16	1	1.2	0.8;
	21	1	0.000357	0.0001785	0	0	1	1	0	4.16	1	1.2	0.8;
	22	1	0.000298	0.000149	0	0	1	1	0	4.16	1	1.2	0.8;
	23	1	-1.9e-05	-9.5e-06	0	0	1	1	0	4.16	1	1.2	0.8;
	24	1	0.000361	0.0001805	0	0	1	1	0	4.16	1	1.2	0.8;
	25	1	3.2e-05	1.6e-05	0	0	1	1	0	4.16	1	1.2	0.8;
	26	1	0.000356	0.000178	0	0	1	1	0	4.16	1	1.2	0.8;
	27	1	2.4e-05	1.2e-05	0	0	1	1	0	4.16	1	1.2	0.8;
	28	1	0.000154	7.7e-05	0	0	1	1	0	4.16	1	1.2	0.8;
	29	1	1e-10	5e-11	0	0	1	1	0	4.16	1	1.2	0.8;
	30	1	9.7e-05	4.85e-05	0	0	1	1	0	4.16	1	1.2	0.8;
	31	1	0.000246	0.000123	0	0	1	1	0	4.16	1	1.2	0.8;
	32	1	0.001037	0.0005185	0	0	1	1	0	4.16	1	1.2	0.8;
	33	1	0.003581	0.0017905	0	0	1	1	0	4.16	1	1.2	0.8;
	34	1	0.000413	0.0002065	0	0	1	1	0	4.16	1	1.2	0.8;
	35	1	0.00093	0.000465	0	0	1	1	0	4.16	1	1.2	0.8;
	36	1	1e-10	5e-11	0	0	1	1	0	4.16	1	1.2	0.8;
	37	1	0.002396	0.001198	0	0	1	1	0	4.16	1	1.2	0.8;
	38	1	1e-10	5e-11	0	0	1	1	0	4.16	1	1.2	0.8;
	39	1	0.002617	0.0013085	0	0	1	1	0	4.16	1	1.2	0.8;
	40	1	0.000589	0.0002945	0	0	1	1	0	4.16	1	1.2	0.8;
	41	1	7.1e-05	3.55e-05	0	0	1	1	0	4.16	1	1.2	0.8;
	42	1	0.0001	5e-05	0	0	1	1	0	4.16	1	1.2	0.8;
	43	1	0.000449	0.0002245	0	0	1	1	0	4.16	1	1.2	0.8;
	44	1	0.000529	0.0002645	0	0	1	1	0	4.16	1	1.2	0.8;
	45	1	0.005971	0.0029855	0	0	1	1	0	4.16	1	1.2	0.8;
	46	1	0.002971	0.0014855	0	0	1	1	0	4.16	1	1.2	0.8;
	47	1	0.001663	0.0008315	0	0	1	1	0	4.16	1	1.2	0.8;
	48	1	0.00089	0.000445	0	0	1	1	0	4.16	1	1.2	0.8;
	49	1	3.2e-05	1.6e-05	0	0	1	1	0	4.16	1	1.2	0.8;
	50	1	0.000454	0.000227	0	0	1	1	0	4.16	1	1.2	0.8;
	51	1	1e-10	5e-11	0	0	1	1	0	4.16	1	1.2	0.8;
	52	1	0.000112	5.6e-05	0	0	1	1	0	4.16	1	1.2	0.8;
	53	1	0.000346	0.000173	0	0	1	1	0	4.16	1	1.2	0.8;
	54	1	0.000989	0.0004945	0	0	1	1	0	4.16	1	1.2	0.8;
	55	1	0.000738	0.000369	0	0	1	1	0	4.16	1	1.2	0.8;
	56	1	5.9e-05	2.95e-05	0	0	1	1	0	4.16	1	1.2	0.8;
	57	1	0.000162	8.1e-05	0	0	1	1	0	4.16	1	1.2	0.8;
	58	1	-3.2e-05	-1.6e-05	0	0	1	1	0	4.16	1	1.2	0.8;
	59	1	-6.9e-05	-3.45e-05	0	0	1	1	0	4.16	1	1.2	0.8;
	60	1	0.000267	0.0001335	0	0	1	1	0	4.16	1	1.2	0.8;
	61	1	5.2e-05	2.6e-05	0	0	1	1	0	4.16	1	1.2	0.8;
	62	1	0.000894	0.000447	0	0	1	1	0	4.16	1	1.2	0.8;
	63	1	0.000321	0.0001605	0	0	1	1	0	4.16	1	1.2	0.8;
	64	1	0.000165	8.25e-05	0	0	1	1	0	4.16	1	1.2	0.8;
	65	1	0.00056	0.00028	0	0	1	1	0	4.16	1	1.2	0.8;
	66	1	0.001728	0.000864	0	0	1	1	0	4.16	1	1.2	0.8;
	67	1	0.000209	0.0001045	0	0	1	1	0	4.16	1	1.2	0.8;
	68	1	0.00033	0.000165	0	0	1	1	0	4.16	1	1.2	0.8;
	69	1	1e-10	5e-11	0	0	1	1	0	4.16	1	1.2	0.8;
	70	1	0.000308	0.000154	0	0	1	1	0	4.16	1	1.2	0.8;
	71	1	0.000779	0.0003895	0	0	1	1	0	4.16	1	1.2	0.8;
	72	1	0.000603	0.0003015	0	0	1	1	0	4.16	1	1.2	0.8;
	73	1	0.000157	7.85e-05	0	0	1	1	0	4.16	1	1.2	0.8;
	74	1	0.00029	0.000145	0	0	1	1	0	4.16	1	1.2	0.8;
	75	1	0.000234	0.000117	0	0	1	1	0	4.16	1	1.2	0.8;
	76	1	0.000278	0.000139	0	0	1	1	0	4.16	1	1.2	0.8;
	77	1	0.000341	0.0001705	0	0	1	1	0	4.16	1	1.2	0.8;
	78	1	0.000854	0.000427	0	0	1	1	0	4.16	1	1.2	0.8;
	79	1	0.000409	0.0002045	0	0	1	1	0	4.16	1	1.2	0.8;
	80	1	0.000789	0.0003945	0	0	1	1	0	4.16	1	1.2	0.8;
	81	1	0.000182	9.1e-05	0	0	1	1	0	4.16	1	1.2	0.8;
	82	1	-0.000482	-0.000241	0	0	1	1	0	4.16	1	1.2	0.8;
	83	1	0.000332	0.000166	0	0	1	1	0	4.16	1	1.2	0.8;
	84	1	0.000327	0.0001635	0	0	1	1	0	4.16	1	1.2	0.8;
	85	1	4.1e-05	2.05e-05	0	0	1	1	0	4.16	1	1.2	0.8;
	86	1	0.00024	0.00012	0	0	1	1	0	4.16	1	1.2	0.8;
	87	1	0.000137	6.85e-05	0	0	1	1	0	4.16	1	1.2	0.8;
	88	1	0.000133	6.65e-05	0	0	1	1	0	4.16	1	1.2	0.8;
	89	1	0.000346	0.000173	0	0	1	1	0	4.16	1	1.2	0.8;
	90	1	0.00063	0.000315	0	0	1	1	0	4.16	1	1.2	0.8;
	91	1	0.000176	8.8e-05	0	0	1	1	0	4.16	1	1.2	0.8;
	92	1	0.00052	0.00026	0	0	1	1	0	4.16	1	1.2	0.8;
	93	1	0.001021	0.0005105	0	0	1	1	0	4.16	1	1.2	0.8;
	94	1	0.000412	0.000206	0	0	1	1	0	4.16	1	1.2	0.8;
	95	1	0.001632	0.000816	0	0	1	1	0	4.16	1	1.2	0.8;
	96	1	0.000164	8.2e-05	0	0	1	1	0	4.16	1	1.2	0.8;
	97	1	0.000946	0.000473	0	0	1	1	0	4.16	1	1.2	0.8;
	98	1	0.000605	0.0003025	0	0	1	1	0	4.16	1	1.2	0.8;
	99	1	0.000196	9.8e-05	0	0	1	1	0	4.16	1	1.2	0.8;
	100	1	0.000338	0.000169	0	0	1	1	0	4.16	1	1.2	0.8;
	101	1	0.000248	0.000124	0	0	1	1	0	4.16	1	1.2	0.8;
	102	1	0.001324	0.000662	0	0	1	1	0	4.16	1	1.2	0.8;
	103	1	0.000687	0.0003435	0	0	1	1	0	4.16	1	1.2	0.8;
	104	1	0.000374	0.000187	0	0	1	1	0	4.16	1	1.2	0.8;
	105	1	0.002956	0.001478	0	0	1	1	0	4.16	1	1.2	0.8;
	106	1	1e-10	5e-11	0	0	1	1	0	4.16	1	1.2	0.8;
	107	1	1e-10	5e-11	0	0	1	1	0	4.16	1	1.2	0.8;
	108	1	0.000281	0.0001405	0	0	1	1	0	4.16	1	1.2	0.8;
	109	1	3e-06	1.5e-06	0	0	1	1	0	4.16	1	1.2	0.8;
];

%% generator data
%	bus	Pg	Qg	Qmax	Qmin	Vg	mBase	status	Pmax	Pmin	Pc1	Pc2	Qc1min	Qc1max	Qc2min	Qc2max	ramp_agc	ramp_10	ramp_30	ramp_q	apf
mpc.gen = [
	1	17.068	0	200	-200	1	1	1	200	-200	0	0	0	0	0	0	10	0	0	0	0;
];

%% branch data
%	fbus	tbus	r	x	b	rateA	rateB	rateC	ratio	angle	status	angmin	angmax
