function mpc = case_ieee123_storage_720
%CASE_IEEE123_STORAGE_720

%% MATPOWER Case Format : Version 2
mpc.version = '2';

%%-----  Power Flow Data  -----%%
%% system MVA base
mpc.baseMVA = 1;

%% bus data
%	bus_i	type	Pd	Qd	Gs	Bs	area	Vm	Va	baseKV	zone	Vmax	Vmin
mpc.bus = [
	1	3	-0.001591	-0.0007955	0	0	1	1	0	4.16	1	1.2	0.8;
	2	1	-0.001011	-0.0005055	0	0	1	1	0	4.16	1	1.2	0.8;
	3	1	0.00085	0.000425	0	0	1	1	0	4.16	1	1.2	0.8;
	4	1	0.00021	0.000105	0	0	1	1	0	4.16	1	1.2	0.8;
	5	1	-0.001299	-0.0006495	0	0	1	1	0	4.16	1	1.2	0.8;
	6	1	1e-10	5e-11	0	0	1	1	0	4.16	1	1.2	0.8;
	7	1	1e-10	5e-11	0	0	1	1	0	4.16	1	1.2	0.8;
	8	1	-0.002077	-0.0010385	0	0	1	1	0	4.16	1	1.2	0.8;
	9	1	-0.004974	-0.002487	0	0	1	1	0	4.16	1	1.2	0.8;
	10	1	-0.002754	-0.001377	0	0	1	1	0	4.16	1	1.2	0.8;
	11	1	-0.001864	-0.000932	0	0	1	1	0	4.16	1	1.2	0.8;
	12	1	-0.002346	-0.001173	0	0	1	1	0	4.16	1	1.2	0.8;
	13	1	0.000321	0.0001605	0	0	1	1	0	4.16	1	1.2	0.8;
	14	1	1e-10	5e-11	0	0	1	1	0	4.16	1	1.2	0.8;
	15	1	-0.002307	-0.0011535	0	0	1	1	0	4.16	1	1.2	0.8;
	16	1	-0.002149	-0.0010745	0	0	1	1	0	4.16	1	1.2	0.8;
	17	1	-0.002897	-0.0014485	0	0	1	1	0	4.16	1	1.2	0.8;
	18	1	-0.002548	-0.001274	0	0	1	1	0	4.16	1	1.2	0.8;
	19	1	-0.00115	-0.000575	0	0	1	1	0	4.16	1	1.2	0.8;
	20	1	-0.001946	-0.000973	0	0	1	1	0	4.16	1	1.2	0.8;
	21	1	-0.002489	-0.0012445	0	0	1	1	0	4.16	1	1.2	0.8;
	22	1	-0.001318	-0.000659	0	0	1	1	0	4.16	1	1.2	0.8;
	23	1	-0.002076	-0.001038	0	0	1	1	0	4.16	1	1.2	0.8;
	24	1	-0.001381	-0.0006905	0	0	1	1	0	4.16	1	1.2	0.8;
	25	1	-0.001689	-0.0008445	0	0	1	1	0	4.16	1	1.2	0.8;
	26	1	0.000142	7.1e-05	0	0	1	1	0	4.16	1	1.2	0.8;
	27	1	0.000414	0.000207	0	0	1	1	0	4.16	1	1.2	0.8;
	28	1	0.001544	0.000772	0	0	1	1	0	4.16	1	1.2	0.8;
	29	1	-0.000726	-0.000363	0	0	1	1	0	4.16	1	1.2	0.8;
	30	1	-0.001915	-0.0009575	0	0	1	1	0	4.16	1	1.2	0.8;
	31	1	-0.00217	-0.001085	0	0	1	1	0	4.16	1	1.2	0.8;
	32	1	-0.002147	-0.0010735	0	0	1	1	0	4.16	1	1.2	0.8;
	33	1	-0.001184	-0.000592	0	0	1	1	0	4.16	1	1.2	0.8;
	34	1	-0.002554	-0.001277	0	0	1	1	0	4.16	1	1.2	0.8;
	35	1	-0.002122	-0.001061	0	0	1	1	0	4.16	1	1.2	0.8;
	36	1	1e-10	5e-11	0	0	1	1	0	4.16	1	1.2	0.8;
	37	1	-0.002373	-0.0011865	0	0	1	1	0	4.16	1	1.2	0.8;
	38	1	-0.002934	-0.001467	0	0	1	1	0	4.16	1	1.2	0.8;
	39	1	-0.001858	-0.000929	0	0	1	1	0	4.16	1	1.2	0.8;
	40	1	-0.001508	-0.000754	0	0	1	1	0	4.16	1	1.2	0.8;
	41	1	-0.004299	-0.0021495	0	0	1	1	0	4.16	1	1.2	0.8;
	42	1	-0.001792	-0.000896	0	0	1	1	0	4.16	1	1.2	0.8;
	43	1	-0.002564	-0.001282	0	0	1	1	0	4.16	1	1.2	0.8;
	44	1	-0.002484	-0.001242	0	0	1	1	0	4.16	1	1.2	0.8;
	45	1	1e-10	5e-11	0	0	1	1	0	4.16	1	1.2	0.8;
	46	1	-0.00088	-0.00044	0	0	1	1	0	4.16	1	1.2	0.8;
	47	1	1e-10	5e-11	0	0	1	1	0	4.16	1	1.2	0.8;
	48	1	1e-10	5e-11	0	0	1	1	0	4.16	1	1.2	0.8;
	49	1	0.000539	0.0002695	0	0	1	1	0	4.16	1	1.2	0.8;
	50	1	-0.00274	-0.00137	0	0	1	1	0	4.16	1	1.2	0.8;
	51	1	1e-10	5e-11	0	0	1	1	0	4.16	1	1.2	0.8;
	52	1	1e-10	5e-11	0	0	1	1	0	4.16	1	1.2	0.8;
	53	1	-0.000792	-0.000396	0	0	1	1	0	4.16	1	1.2	0.8;
	54	1	1e-10	5e-11	0	0	1	1	0	4.16	1	1.2	0.8;
	55	1	1e-10	5e-11	0	0	1	1	0	4.16	1	1.2	0.8;
	56	1	-0.002089	-0.0010445	0	0	1	1	0	4.16	1	1.2	0.8;
	57	1	1e-10	5e-11	0	0	1	1	0	4.16	1	1.2	0.8;
	58	1	1e-10	5e-11	0	0	1	1	0	4.16	1	1.2	0.8;
	59	1	0.000195	9.75e-05	0	0	1	1	0	4.16	1	1.2	0.8;
	60	1	-0.002382	-0.001191	0	0	1	1	0	4.16	1	1.2	0.8;
];

%% generator data
%	bus	Pg	Qg	Qmax	Qmin	Vg	mBase	status	Pmax	Pmin	Pc1	Pc2	Qc1min	Qc1max	Qc2min	Qc2max	ramp_agc	ramp_10	ramp_30	ramp_q	apf
mpc.gen = [
	1	-0.0771639987	0	200	-200	1	1	1	200	-200	0	0	0	0	0	0	10	0	0	0	0;
];

%% branch data
%	fbus	tbus	r	x	b	rateA	rateB	rateC	ratio	angle	status	angmin	angmax
mpc.branch = [
	1	2	0.0013398623	0.0027450827	3.02770272e-08	100	100	100	0	0	1	-80	80;
	1	2	0.0013398623	0.0027450827	3.02770272e-08	100	100	100	0	0	1	-80	80;
	2	3	0.0013398623	0.0027450827	3.02770272e-08	100	100	100	0	0	1	-80	80;
	3	4	0.0013398623	0.0027450827	3.02770272e-08	100	100	100	0	0	1	-80	80;
	4	5	0.0013398623	0.0027450827	3.02770272e-08	100	100	100	0	0	1	-80	80;
	5	6	0.0013398623	0.0027450827	3.02770272e-08	100	100	100	0	0	1	-80	80;
	6	7	0.0013398623	0.0027450827	3.02770272e-08	100	100	100	0	0	1	-80	80;
	7	8	0.0013398623	0.0027450827	3.02770272e-08	100	100	100	0	0	1	-80	80;
	8	9	0.0013398623	0.0027450827	3.02770272e-08	100	100	100	0	0	1	-80	80;
	9	10	0.0013398623	0.0027450827	3.02770272e-08	100	100	100	0	0	1	-80	80;
	10	11	0.0013398623	0.0027450827	3.02770272e-08	100	100	100	0	0	1	-80	80;
	11	12	0.0013398623	0.0027450827	3.02770272e-08	100	100	100	0	0	1	-80	80;
	12	13	0.0013398623	0.0027450827	3.02770272e-08	100	100	100	0	0	1	-80	80;
	13	14	0.0013398623	0.0027450827	3.02770272e-08	100	100	100	0	0	1	-80	80;
	14	15	0.0013398623	0.0027450827	3.02770272e-08	100	100	100	0	0	1	-80	80;
	15	16	0.0013398623	0.0027450827	3.02770272e-08	100	100	100	0	0	1	-80	80;
	16	17	0.0013398623	0.0027450827	3.02770272e-08	100	100	100	0	0	1	-80	80;
	17	18	0.0013398623	0.0027450827	3.02770272e-08	100	100	100	0	0	1	-80	80;
	18	19	0.0013398623	0.0027450827	3.02770272e-08	100	100	100	0	0	1	-80	80;
	19	20	0.0013398623	0.0027450827	3.02770272e-08	100	100	100	0	0	1	-80	80;
	20	21	0.0013398623	0.0027450827	3.02770272e-08	100	100	100	0	0	1	-80	80;
	21	22	0.0013398623	0.0027450827	3.02770272e-08	100	100	100	0	0	1	-80	80;
	22	23	0.0013398623	0.0027450827	3.02770272e-08	100	100	100	0	0	1	-80	80;
	23	24	0.0013398623	0.0027450827	3.02770272e-08	100	100	100	0	0	1	-80	80;
	24	25	0.0013398623	0.0027450827	3.02770272e-08	100	100	100	0	0	1	-80	80;
	25	26	0.0013398623	0.0027450827	3.02770272e-08	100	100	100	0	0	1	-80	80;
	26	27	0.0013398623	0.0027450827	3.02770272e-08	100	100	100	0	0	1	-80	80;
	27	28	0.0013398623	0.0027450827	3.02770272e-08	100	100	100	0	0	1	-80	80;
	28	29	0.0013398623	0.0027450827	3.02770272e-08	100	100	100	0	0	1	-80	80;
	1	30	0.0013398623	0.0027450827	3.02770272e-08	100	100	100	0	0	1	-80	80;
	30	31	0.0013398623	0.0027450827	3.02770272e-08	100	100	100	0	0	1	-80	80;
	31	32	0.0013398623	0.0027450827	3.02770272e-08	100	100	100	0	0	1	-80	80;
	32	33	0.0013398623	0.0027450827	3.02770272e-08	100	100	100	0	0	1	-80	80;
	33	34	0.0013398623	0.0027450827	3.02770272e-08	100	100	100	0	0	1	-80	80;
	34	35	0.0013398623	0.0027450827	3.02770272e-08	100	100	100	0	0	1	-80	80;
	35	36	0.0013398623	0.0027450827	3.02770272e-08	100	100	100	0	0	1	-80	80;
	36	37	0.0013398623	0.0027450827	3.02770272e-08	100	100	100	0	0	1	-80	80;
	37	38	0.0013398623	0.0027450827	3.02770272e-08	100	100	100	0	0	1	-80	80;
	38	39	0.0013398623	0.0027450827	3.02770272e-08	100	100	100	0	0	1	-80	80;
	39	40	0.0013398623	0.0027450827	3.02770272e-08	100	100	100	0	0	1	-80	80;
	40	41	0.0013398623	0.0027450827	3.02770272e-08	100	100	100	0	0	1	-80	80;
	41	42	0.0013398623	0.0027450827	3.02770272e-08	100	100	100	0	0	1	-80	80;
	42	43	0.0013398623	0.0027450827	3.02770272e-08	100	100	100	0	0	1	-80	80;
	43	44	0.0013398623	0.0027450827	3.02770272e-08	100	100	100	0	0	1	-80	80;
	44	45	0.0013398623	0.0027450827	3.02770272e-08	100	100	100	0	0	1	-80	80;
	45	46	0.0013398623	0.0027450827	3.02770272e-08	100	100	100	0	0	1	-80	80;
	46	47	0.0013398623	0.0027450827	3.02770272e-08	100	100	100	0	0	1	-80	80;
	47	48	0.0013398623	0.0027450827	3.02770272e-08	100	100	100	0	0	1	-80	80;
	48	49	0.0013398623	0.0027450827	3.02770272e-08	100	100	100	0	0	1	-80	80;
	49	50	0.0013398623	0.0027450827	3.02770272e-08	100	100	100	0	0	1	-80	80;
	50	51	0.0013398623	0.0027450827	3.02770272e-08	100	100	100	0	0	1	-80	80;
	51	52	0.0013398623	0.0027450827	3.02770272e-08	100	100	100	0	0	1	-80	80;
	52	53	0.0013398623	0.0027450827	3.02770272e-08	100	100	100	0	0	1	-80	80;
	53	54	0.0013398623	0.0027450827	3.02770272e-08	100	100	100	0	0	1	-80	80;
	54	55	0.0013398623	0.0027450827	3.02770272e-08	100	100	100	0	0	1	-80	80;
	55	56	0.0013398623	0.0027450827	3.02770272e-08	100	100	100	0	0	1	-80	80;
	56	57	0.0013398623	0.0027450827	3.02770272e-08	100	100	100	0	0	1	-80	80;
	57	58	0.0013398623	0.0027450827	3.02770272e-08	100	100	100	0	0	1	-80	80;
	58	59	0.0013398623	0.0027450827	3.02770272e-08	100	100	100	0	0	1	-80	80;
