function mpc = case_ieee123_storage_581
%CASE_IEEE123_STORAGE_581

%% MATPOWER Case Format : Version 2
mpc.version = '2';

%%-----  Power Flow Data  -----%%
%% system MVA base
mpc.baseMVA = 1;

%% bus data
%	bus_i	type	Pd	Qd	Gs	Bs	area	Vm	Va	baseKV	zone	Vmax	Vmin
mpc.bus = [
	1	3	-0.000529	-0.0002645	0	0	1	1	0	4.16	1	1.2	0.8;
	2	1	0.001623	0.0008115	0	0	1	1	0	4.16	1	1.2	0.8;
	3	1	0.001323	0.0006615	0	0	1	1	0	4.16	1	1.2	0.8;
	4	1	0.000828	0.000414	0	0	1	1	0	4.16	1	1.2	0.8;
	5	1	-0.000185	-9.25e-05	0	0	1	1	0	4.16	1	1.2	0.8;
	6	1	1e-10	5e-11	0	0	1	1	0	4.16	1	1.2	0.8;
	7	1	1e-10	5e-11	0	0	1	1	0	4.16	1	1.2	0.8;
	8	1	-0.00062	-0.00031	0	0	1	1	0	4.16	1	1.2	0.8;
	9	1	-0.001144	-0.000572	0	0	1	1	0	4.16	1	1.2	0.8;
	10	1	-0.000719	-0.0003595	0	0	1	1	0	4.16	1	1.2	0.8;
	11	1	1e-10	5e-11	0	0	1	1	0	4.16	1	1.2	0.8;
	12	1	-0.000248	-0.000124	0	0	1	1	0	4.16	1	1.2	0.8;
	13	1	-0.000614	-0.000307	0	0	1	1	0	4.16	1	1.2	0.8;
	14	1	0.000324	0.000162	0	0	1	1	0	4.16	1	1.2	0.8;
	15	1	-0.000582	-0.000291	0	0	1	1	0	4.16	1	1.2	0.8;
	16	1	1e-10	5e-11	0	0	1	1	0	4.16	1	1.2	0.8;
	17	1	-0.00051	-0.000255	0	0	1	1	0	4.16	1	1.2	0.8;
	18	1	-0.000573	-0.0002865	0	0	1	1	0	4.16	1	1.2	0.8;
	19	1	-0.000508	-0.000254	0	0	1	1	0	4.16	1	1.2	0.8;
	20	1	-0.00075	-0.000375	0	0	1	1	0	4.16	1	1.2	0.8;
	21	1	-0.000402	-0.000201	0	0	1	1	0	4.16	1	1.2	0.8;
	22	1	0.000317	0.0001585	0	0	1	1	0	4.16	1	1.2	0.8;
	23	1	-0.000258	-0.000129	0	0	1	1	0	4.16	1	1.2	0.8;
	24	1	0.002294	0.001147	0	0	1	1	0	4.16	1	1.2	0.8;
	25	1	-0.000397	-0.0001985	0	0	1	1	0	4.16	1	1.2	0.8;
	26	1	9.8e-05	4.9e-05	0	0	1	1	0	4.16	1	1.2	0.8;
	27	1	-0.000533	-0.0002665	0	0	1	1	0	4.16	1	1.2	0.8;
	28	1	-0.000558	-0.000279	0	0	1	1	0	4.16	1	1.2	0.8;
	29	1	1e-10	5e-11	0	0	1	1	0	4.16	1	1.2	0.8;
	30	1	-0.000259	-0.0001295	0	0	1	1	0	4.16	1	1.2	0.8;
	31	1	0.000125	6.25e-05	0	0	1	1	0	4.16	1	1.2	0.8;
	32	1	-2.2e-05	-1.1e-05	0	0	1	1	0	4.16	1	1.2	0.8;
	33	1	0.000568	0.000284	0	0	1	1	0	4.16	1	1.2	0.8;
	34	1	0.000223	0.0001115	0	0	1	1	0	4.16	1	1.2	0.8;
	35	1	-7.8e-05	-3.9e-05	0	0	1	1	0	4.16	1	1.2	0.8;
	36	1	1e-10	5e-11	0	0	1	1	0	4.16	1	1.2	0.8;
	37	1	-6e-05	-3e-05	0	0	1	1	0	4.16	1	1.2	0.8;
	38	1	1e-10	5e-11	0	0	1	1	0	4.16	1	1.2	0.8;
	39	1	0.000323	0.0001615	0	0	1	1	0	4.16	1	1.2	0.8;
	40	1	-6.8e-05	-3.4e-05	0	0	1	1	0	4.16	1	1.2	0.8;
	41	1	-0.000727	-0.0003635	0	0	1	1	0	4.16	1	1.2	0.8;
	42	1	-0.00031	-0.000155	0	0	1	1	0	4.16	1	1.2	0.8;
	43	1	-0.000401	-0.0002005	0	0	1	1	0	4.16	1	1.2	0.8;
	44	1	0.000975	0.0004875	0	0	1	1	0	4.16	1	1.2	0.8;
	45	1	0.006287	0.0031435	0	0	1	1	0	4.16	1	1.2	0.8;
	46	1	0.000876	0.000438	0	0	1	1	0	4.16	1	1.2	0.8;
	47	1	0.001541	0.0007705	0	0	1	1	0	4.16	1	1.2	0.8;
	48	1	4.1e-05	2.05e-05	0	0	1	1	0	4.16	1	1.2	0.8;
	49	1	0.000551	0.0002755	0	0	1	1	0	4.16	1	1.2	0.8;
	50	1	7.8e-05	3.9e-05	0	0	1	1	0	4.16	1	1.2	0.8;
	51	1	1e-10	5e-11	0	0	1	1	0	4.16	1	1.2	0.8;
	52	1	-0.000749	-0.0003745	0	0	1	1	0	4.16	1	1.2	0.8;
	53	1	0.000219	0.0001095	0	0	1	1	0	4.16	1	1.2	0.8;
	54	1	-0.000434	-0.000217	0	0	1	1	0	4.16	1	1.2	0.8;
	55	1	-0.000175	-8.75e-05	0	0	1	1	0	4.16	1	1.2	0.8;
	56	1	-0.000666	-0.000333	0	0	1	1	0	4.16	1	1.2	0.8;
	57	1	-0.00041	-0.000205	0	0	1	1	0	4.16	1	1.2	0.8;
	58	1	-0.000458	-0.000229	0	0	1	1	0	4.16	1	1.2	0.8;
	59	1	-0.00043	-0.000215	0	0	1	1	0	4.16	1	1.2	0.8;
	60	1	0.000227	0.0001135	0	0	1	1	0	4.16	1	1.2	0.8;
	61	1	-0.000967	-0.0004835	0	0	1	1	0	4.16	1	1.2	0.8;
	62	1	-0.001676	-0.000838	0	0	1	1	0	4.16	1	1.2	0.8;
	63	1	-0.000668	-0.000334	0	0	1	1	0	4.16	1	1.2	0.8;
	64	1	-1.4e-05	-7e-06	0	0	1	1	0	4.16	1	1.2	0.8;
	65	1	0.00387	0.001935	0	0	1	1	0	4.16	1	1.2	0.8;
	66	1	0.001658	0.000829	0	0	1	1	0	4.16	1	1.2	0.8;
	67	1	-0.000278	-0.000139	0	0	1	1	0	4.16	1	1.2	0.8;
	68	1	-0.002026	-0.001013	0	0	1	1	0	4.16	1	1.2	0.8;
	69	1	1e-10	5e-11	0	0	1	1	0	4.16	1	1.2	0.8;
	70	1	-0.00034	-0.00017	0	0	1	1	0	4.16	1	1.2	0.8;
	71	1	-0.000716	-0.000358	0	0	1	1	0	4.16	1	1.2	0.8;
	72	1	7.6e-05	3.8e-05	0	0	1	1	0	4.16	1	1.2	0.8;
	73	1	4.3e-05	2.15e-05	0	0	1	1	0	4.16	1	1.2	0.8;
	74	1	-0.000429	-0.0002145	0	0	1	1	0	4.16	1	1.2	0.8;
	75	1	-0.000399	-0.0001995	0	0	1	1	0	4.16	1	1.2	0.8;
	76	1	0.00077	0.000385	0	0	1	1	0	4.16	1	1.2	0.8;
	77	1	7e-06	3.5e-06	0	0	1	1	0	4.16	1	1.2	0.8;
	78	1	0.001115	0.0005575	0	0	1	1	0	4.16	1	1.2	0.8;
	79	1	0.001219	0.0006095	0	0	1	1	0	4.16	1	1.2	0.8;
	80	1	0.000453	0.0002265	0	0	1	1	0	4.16	1	1.2	0.8;
	81	1	-0.000576	-0.000288	0	0	1	1	0	4.16	1	1.2	0.8;
	82	1	-0.002306	-0.001153	0	0	1	1	0	4.16	1	1.2	0.8;
	83	1	0.000184	9.2e-05	0	0	1	1	0	4.16	1	1.2	0.8;
	84	1	0.000417	0.0002085	0	0	1	1	0	4.16	1	1.2	0.8;
	85	1	-0.000848	-0.000424	0	0	1	1	0	4.16	1	1.2	0.8;
	86	1	-0.000116	-5.8e-05	0	0	1	1	0	4.16	1	1.2	0.8;
	87	1	-0.000588	-0.000294	0	0	1	1	0	4.16	1	1.2	0.8;
	88	1	-0.000409	-0.0002045	0	0	1	1	0	4.16	1	1.2	0.8;
	89	1	0.00017	8.5e-05	0	0	1	1	0	4.16	1	1.2	0.8;
	90	1	0.000424	0.000212	0	0	1	1	0	4.16	1	1.2	0.8;
	91	1	0.000176	8.8e-05	0	0	1	1	0	4.16	1	1.2	0.8;
	92	1	0.000253	0.0001265	0	0	1	1	0	4.16	1	1.2	0.8;
	93	1	0.00106	0.00053	0	0	1	1	0	4.16	1	1.2	0.8;
	94	1	0.000479	0.0002395	0	0	1	1	0	4.16	1	1.2	0.8;
	95	1	0.000561	0.0002805	0	0	1	1	0	4.16	1	1.2	0.8;
	96	1	0.000513	0.0002565	0	0	1	1	0	4.16	1	1.2	0.8;
	97	1	0.006234	0.003117	0	0	1	1	0	4.16	1	1.2	0.8;
	98	1	0.002983	0.0014915	0	0	1	1	0	4.16	1	1.2	0.8;
	99	1	6.5e-05	3.25e-05	0	0	1	1	0	4.16	1	1.2	0.8;
	100	1	0.00053	0.000265	0	0	1	1	0	4.16	1	1.2	0.8;
	101	1	0.000277	0.0001385	0	0	1	1	0	4.16	1	1.2	0.8;
	102	1	0.000644	0.000322	0	0	1	1	0	4.16	1	1.2	0.8;
	103	1	0.000963	0.0004815	0	0	1	1	0	4.16	1	1.2	0.8;
	104	1	0.00081	0.000405	0	0	1	1	0	4.16	1	1.2	0.8;
	105	1	0.002916	0.001458	0	0	1	1	0	4.16	1	1.2	0.8;
	106	1	1e-10	5e-11	0	0	1	1	0	4.16	1	1.2	0.8;
	107	1	1e-10	5e-11	0	0	1	1	0	4.16	1	1.2	0.8;
	108	1	0.000987	0.0004935	0	0	1	1	0	4.16	1	1.2	0.8;
	109	1	-0.0007	-0.00035	0	0	1	1	0	4.16	1	1.2	0.8;
];

%% generator data
%	bus	Pg	Qg	Qmax	Qmin	Vg	mBase	status	Pmax	Pmin	Pc1	Pc2	Qc1min	Qc1max	Qc2min	Qc2max	ramp_agc	ramp_10	ramp_30	ramp_q	apf
mpc.gen = [
	1	17.068	0	200	-200	1	1	1	200	-200	0	0	0	0	0	0	10	0	0	0	0;
];

%% branch data
%	fbus	tbus	r	x	b	rateA	rateB	rateC	ratio	angle	status	angmin	angmax
