function mpc = case_ieee123_storage_377
%CASE_IEEE123_STORAGE_377

%% MATPOWER Case Format : Version 2
mpc.version = '2';

%%-----  Power Flow Data  -----%%
%% system MVA base
mpc.baseMVA = 1;

%% bus data
%	bus_i	type	Pd	Qd	Gs	Bs	area	Vm	Va	baseKV	zone	Vmax	Vmin
mpc.bus = [
	1	3	0.00032	0.00016	0	0	1	1	0	4.16	1	1.2	0.8;
	2	1	0.001357	0.0006785	0	0	1	1	0	4.16	1	1.2	0.8;
	3	1	0.001131	0.0005655	0	0	1	1	0	4.16	1	1.2	0.8;
	4	1	0.000296	0.000148	0	0	1	1	0	4.16	1	1.2	0.8;
	5	1	0.000335	0.0001675	0	0	1	1	0	4.16	1	1.2	0.8;
	6	1	1e-10	5e-11	0	0	1	1	0	4.16	1	1.2	0.8;
	7	1	1e-10	5e-11	0	0	1	1	0	4.16	1	1.2	0.8;
	8	1	0.000294	0.000147	0	0	1	1	0	4.16	1	1.2	0.8;
	9	1	0.00344	0.00172	0	0	1	1	0	4.16	1	1.2	0.8;
	10	1	0.000862	0.000431	0	0	1	1	0	4.16	1	1.2	0.8;
	11	1	1e-10	5e-11	0	0	1	1	0	4.16	1	1.2	0.8;
	12	1	0.00056	0.00028	0	0	1	1	0	4.16	1	1.2	0.8;
	13	1	0.000323	0.0001615	0	0	1	1	0	4.16	1	1.2	0.8;
	14	1	0.00114	0.00057	0	0	1	1	0	4.16	1	1.2	0.8;
	15	1	0.000501	0.0002505	0	0	1	1	0	4.16	1	1.2	0.8;
	16	1	1e-10	5e-11	0	0	1	1	0	4.16	1	1.2	0.8;
	17	1	0.000535	0.0002675	0	0	1	1	0	4.16	1	1.2	0.8;
	18	1	0.0002	0.0001	0	0	1	1	0	4.16	1	1.2	0.8;
	19	1	0.000572	0.000286	0	0	1	1	0	4.16	1	1.2	0.8;
	20	1	0.000128	6.4e-05	0	0	1	1	0	4.16	1	1.2	0.8;
	21	1	0.000393	0.0001965	0	0	1	1	0	4.16	1	1.2	0.8;
	22	1	0.000318	0.000159	0	0	1	1	0	4.16	1	1.2	0.8;
	23	1	0.000108	5.4e-05	0	0	1	1	0	4.16	1	1.2	0.8;
	24	1	0.000248	0.000124	0	0	1	1	0	4.16	1	1.2	0.8;
	25	1	0.000275	0.0001375	0	0	1	1	0	4.16	1	1.2	0.8;
	26	1	0.000328	0.000164	0	0	1	1	0	4.16	1	1.2	0.8;
	27	1	0.000433	0.0002165	0	0	1	1	0	4.16	1	1.2	0.8;
	28	1	0.000356	0.000178	0	0	1	1	0	4.16	1	1.2	0.8;
	29	1	1e-10	5e-11	0	0	1	1	0	4.16	1	1.2	0.8;
	30	1	0.000232	0.000116	0	0	1	1	0	4.16	1	1.2	0.8;
	31	1	0.000226	0.000113	0	0	1	1	0	4.16	1	1.2	0.8;
	32	1	0.000293	0.0001465	0	0	1	1	0	4.16	1	1.2	0.8;
	33	1	0.001536	0.000768	0	0	1	1	0	4.16	1	1.2	0.8;
	34	1	0.0005	0.00025	0	0	1	1	0	4.16	1	1.2	0.8;
	35	1	0.00102	0.00051	0	0	1	1	0	4.16	1	1.2	0.8;
	36	1	1e-10	5e-11	0	0	1	1	0	4.16	1	1.2	0.8;
	37	1	0.002798	0.001399	0	0	1	1	0	4.16	1	1.2	0.8;
	38	1	0.00038	0.00019	0	0	1	1	0	4.16	1	1.2	0.8;
	39	1	0.002733	0.0013665	0	0	1	1	0	4.16	1	1.2	0.8;
	40	1	0.000596	0.000298	0	0	1	1	0	4.16	1	1.2	0.8;
	41	1	0.000223	0.0001115	0	0	1	1	0	4.16	1	1.2	0.8;
	42	1	0.000538	0.000269	0	0	1	1	0	4.16	1	1.2	0.8;
	43	1	0.000507	0.0002535	0	0	1	1	0	4.16	1	1.2	0.8;
	44	1	0.00054	0.00027	0	0	1	1	0	4.16	1	1.2	0.8;
	45	1	0.000514	0.000257	0	0	1	1	0	4.16	1	1.2	0.8;
	46	1	0.001539	0.0007695	0	0	1	1	0	4.16	1	1.2	0.8;
	47	1	0.00181	0.000905	0	0	1	1	0	4.16	1	1.2	0.8;
	48	1	0.000161	8.05e-05	0	0	1	1	0	4.16	1	1.2	0.8;
	49	1	0.000216	0.000108	0	0	1	1	0	4.16	1	1.2	0.8;
	50	1	0.000523	0.0002615	0	0	1	1	0	4.16	1	1.2	0.8;
	51	1	1e-10	5e-11	0	0	1	1	0	4.16	1	1.2	0.8;
	52	1	0.000328	0.000164	0	0	1	1	0	4.16	1	1.2	0.8;
	53	1	0.000563	0.0002815	0	0	1	1	0	4.16	1	1.2	0.8;
	54	1	0.000543	0.0002715	0	0	1	1	0	4.16	1	1.2	0.8;
	55	1	0.000327	0.0001635	0	0	1	1	0	4.16	1	1.2	0.8;
	56	1	0.000129	6.45e-05	0	0	1	1	0	4.16	1	1.2	0.8;
	57	1	0.000179	8.95e-05	0	0	1	1	0	4.16	1	1.2	0.8;
	58	1	0.000221	0.0001105	0	0	1	1	0	4.16	1	1.2	0.8;
	59	1	0.000129	6.45e-05	0	0	1	1	0	4.16	1	1.2	0.8;
	60	1	0.000166	8.3e-05	0	0	1	1	0	4.16	1	1.2	0.8;
	61	1	0.00026	0.00013	0	0	1	1	0	4.16	1	1.2	0.8;
	62	1	0.000516	0.000258	0	0	1	1	0	4.16	1	1.2	0.8;
	63	1	0.000493	0.0002465	0	0	1	1	0	4.16	1	1.2	0.8;
	64	1	0.000265	0.0001325	0	0	1	1	0	4.16	1	1.2	0.8;
	65	1	0.000633	0.0003165	0	0	1	1	0	4.16	1	1.2	0.8;
	66	1	0.000941	0.0004705	0	0	1	1	0	4.16	1	1.2	0.8;
	67	1	0.000667	0.0003335	0	0	1	1	0	4.16	1	1.2	0.8;
	68	1	0.000735	0.0003675	0	0	1	1	0	4.16	1	1.2	0.8;
	69	1	1e-10	5e-11	0	0	1	1	0	4.16	1	1.2	0.8;
	70	1	0.000486	0.000243	0	0	1	1	0	4.16	1	1.2	0.8;
	71	1	0.000738	0.000369	0	0	1	1	0	4.16	1	1.2	0.8;
	72	1	0.000302	0.000151	0	0	1	1	0	4.16	1	1.2	0.8;
	73	1	0.000151	7.55e-05	0	0	1	1	0	4.16	1	1.2	0.8;
	74	1	0.000212	0.000106	0	0	1	1	0	4.16	1	1.2	0.8;
	75	1	0.000362	0.000181	0	0	1	1	0	4.16	1	1.2	0.8;
	76	1	0.000366	0.000183	0	0	1	1	0	4.16	1	1.2	0.8;
	77	1	0.000582	0.000291	0	0	1	1	0	4.16	1	1.2	0.8;
	78	1	0.000992	0.000496	0	0	1	1	0	4.16	1	1.2	0.8;
	79	1	0.000915	0.0004575	0	0	1	1	0	4.16	1	1.2	0.8;
	80	1	0.000633	0.0003165	0	0	1	1	0	4.16	1	1.2	0.8;
	81	1	0.003953	0.0019765	0	0	1	1	0	4.16	1	1.2	0.8;
	82	1	0.00024	0.00012	0	0	1	1	0	4.16	1	1.2	0.8;
	83	1	0.000218	0.000109	0	0	1	1	0	4.16	1	1.2	0.8;
	84	1	0.000305	0.0001525	0	0	1	1	0	4.16	1	1.2	0.8;
	85	1	0.000204	0.000102	0	0	1	1	0	4.16	1	1.2	0.8;
	86	1	0.000488	0.000244	0	0	1	1	0	4.16	1	1.2	0.8;
	87	1	0.000334	0.000167	0	0	1	1	0	4.16	1	1.2	0.8;
	88	1	0.000414	0.000207	0	0	1	1	0	4.16	1	1.2	0.8;
	89	1	0.000165	8.25e-05	0	0	1	1	0	4.16	1	1.2	0.8;
	90	1	0.000869	0.0004345	0	0	1	1	0	4.16	1	1.2	0.8;
	91	1	0.000113	5.65e-05	0	0	1	1	0	4.16	1	1.2	0.8;
	92	1	0.000693	0.0003465	0	0	1	1	0	4.16	1	1.2	0.8;
	93	1	0.000588	0.000294	0	0	1	1	0	4.16	1	1.2	0.8;
	94	1	0.000539	0.0002695	0	0	1	1	0	4.16	1	1.2	0.8;
	95	1	0.001158	0.000579	0	0	1	1	0	4.16	1	1.2	0.8;
	96	1	0.000558	0.000279	0	0	1	1	0	4.16	1	1.2	0.8;
	97	1	0.000718	0.000359	0	0	1	1	0	4.16	1	1.2	0.8;
	98	1	0.0013	0.00065	0	0	1	1	0	4.16	1	1.2	0.8;
	99	1	0.000195	9.75e-05	0	0	1	1	0	4.16	1	1.2	0.8;
	100	1	0.000466	0.000233	0	0	1	1	0	4.16	1	1.2	0.8;
	101	1	1e-10	5e-11	0	0	1	1	0	4.16	1	1.2	0.8;
	102	1	0.000328	0.000164	0	0	1	1	0	4.16	1	1.2	0.8;
	103	1	0.00162	0.00081	0	0	1	1	0	4.16	1	1.2	0.8;
	104	1	0.000495	0.0002475	0	0	1	1	0	4.16	1	1.2	0.8;
	105	1	0.002873	0.0014365	0	0	1	1	0	4.16	1	1.2	0.8;
	106	1	1e-10	5e-11	0	0	1	1	0	4.16	1	1.2	0.8;
	107	1	1e-10	5e-11	0	0	1	1	0	4.16	1	1.2	0.8;
	108	1	0.000195	9.75e-05	0	0	1	1	0	4.16	1	1.2	0.8;
	109	1	9.8e-05	4.9e-05	0	0	1	1	0	4.16	1	1.2	0.8;
];

%% generator data
%	bus	Pg	Qg	Qmax	Qmin	Vg	mBase	status	Pmax	Pmin	Pc1	Pc2	Qc1min	Qc1max	Qc2min	Qc2max	ramp_agc	ramp_10	ramp_30	ramp_q	apf
mpc.gen = [
	1	17.068	0	200	-200	1	1	1	200	-200	0	0	0	0	0	0	10	0	0	0	0;
];

%% branch data
%	fbus	tbus	r	x	b	rateA	rateB	rateC	ratio	angle	status	angmin	angmax
