function mpc = case_ieee123_storage_592
%CASE_IEEE123_STORAGE_592

%% MATPOWER Case Format : Version 2
mpc.version = '2';

%%-----  Power Flow Data  -----%%
%% system MVA base
mpc.baseMVA = 1;

%% bus data
%	bus_i	type	Pd	Qd	Gs	Bs	area	Vm	Va	baseKV	zone	Vmax	Vmin
mpc.bus = [
	1	3	-0.001209	-0.0006045	0	0	1	1	0	4.16	1	1.2	0.8;
	2	1	0.000296	0.000148	0	0	1	1	0	4.16	1	1.2	0.8;
	3	1	0.001304	0.000652	0	0	1	1	0	4.16	1	1.2	0.8;
	4	1	-0.000633	-0.0003165	0	0	1	1	0	4.16	1	1.2	0.8;
	5	1	-0.001108	-0.000554	0	0	1	1	0	4.16	1	1.2	0.8;
	6	1	1e-10	5e-11	0	0	1	1	0	4.16	1	1.2	0.8;
	7	1	1e-10	5e-11	0	0	1	1	0	4.16	1	1.2	0.8;
	8	1	-0.001691	-0.0008455	0	0	1	1	0	4.16	1	1.2	0.8;
	9	1	-0.003681	-0.0018405	0	0	1	1	0	4.16	1	1.2	0.8;
	10	1	-0.00168	-0.00084	0	0	1	1	0	4.16	1	1.2	0.8;
	11	1	1e-10	5e-11	0	0	1	1	0	4.16	1	1.2	0.8;
	12	1	-0.00131	-0.000655	0	0	1	1	0	4.16	1	1.2	0.8;
	13	1	-0.001442	-0.000721	0	0	1	1	0	4.16	1	1.2	0.8;
	14	1	0.000773	0.0003865	0	0	1	1	0	4.16	1	1.2	0.8;
	15	1	-0.001232	-0.000616	0	0	1	1	0	4.16	1	1.2	0.8;
	16	1	1e-10	5e-11	0	0	1	1	0	4.16	1	1.2	0.8;
	17	1	-0.001302	-0.000651	0	0	1	1	0	4.16	1	1.2	0.8;
	18	1	-0.001306	-0.000653	0	0	1	1	0	4.16	1	1.2	0.8;
	19	1	-0.001854	-0.000927	0	0	1	1	0	4.16	1	1.2	0.8;
	20	1	-0.001434	-0.000717	0	0	1	1	0	4.16	1	1.2	0.8;
	21	1	-0.000872	-0.000436	0	0	1	1	0	4.16	1	1.2	0.8;
	22	1	0.000188	9.4e-05	0	0	1	1	0	4.16	1	1.2	0.8;
	23	1	-0.000883	-0.0004415	0	0	1	1	0	4.16	1	1.2	0.8;
	24	1	-0.001619	-0.0008095	0	0	1	1	0	4.16	1	1.2	0.8;
	25	1	-0.001035	-0.0005175	0	0	1	1	0	4.16	1	1.2	0.8;
	26	1	0.000104	5.2e-05	0	0	1	1	0	4.16	1	1.2	0.8;
	27	1	-0.001554	-0.000777	0	0	1	1	0	4.16	1	1.2	0.8;
	28	1	-0.001507	-0.0007535	0	0	1	1	0	4.16	1	1.2	0.8;
	29	1	1e-10	5e-11	0	0	1	1	0	4.16	1	1.2	0.8;
	30	1	-0.000633	-0.0003165	0	0	1	1	0	4.16	1	1.2	0.8;
	31	1	0.000245	0.0001225	0	0	1	1	0	4.16	1	1.2	0.8;
	32	1	-0.000726	-0.000363	0	0	1	1	0	4.16	1	1.2	0.8;
	33	1	0.000737	0.0003685	0	0	1	1	0	4.16	1	1.2	0.8;
	34	1	-0.000905	-0.0004525	0	0	1	1	0	4.16	1	1.2	0.8;
	35	1	-0.001054	-0.000527	0	0	1	1	0	4.16	1	1.2	0.8;
	36	1	1e-10	5e-11	0	0	1	1	0	4.16	1	1.2	0.8;
	37	1	-0.000406	-0.000203	0	0	1	1	0	4.16	1	1.2	0.8;
	38	1	1e-10	5e-11	0	0	1	1	0	4.16	1	1.2	0.8;
	39	1	0.00014	7e-05	0	0	1	1	0	4.16	1	1.2	0.8;
	40	1	-0.000539	-0.0002695	0	0	1	1	0	4.16	1	1.2	0.8;
	41	1	-0.001941	-0.0009705	0	0	1	1	0	4.16	1	1.2	0.8;
	42	1	-0.001387	-0.0006935	0	0	1	1	0	4.16	1	1.2	0.8;
	43	1	0.000206	0.000103	0	0	1	1	0	4.16	1	1.2	0.8;
	44	1	0.000929	0.0004645	0	0	1	1	0	4.16	1	1.2	0.8;
	45	1	0.00588	0.00294	0	0	1	1	0	4.16	1	1.2	0.8;
	46	1	-0.000167	-8.35e-05	0	0	1	1	0	4.16	1	1.2	0.8;
	47	1	0.000969	0.0004845	0	0	1	1	0	4.16	1	1.2	0.8;
	48	1	-0.000707	-0.0003535	0	0	1	1	0	4.16	1	1.2	0.8;
	49	1	-0.000432	-0.000216	0	0	1	1	0	4.16	1	1.2	0.8;
	50	1	-0.000362	-0.000181	0	0	1	1	0	4.16	1	1.2	0.8;
	51	1	1e-10	5e-11	0	0	1	1	0	4.16	1	1.2	0.8;
	52	1	-0.002168	-0.001084	0	0	1	1	0	4.16	1	1.2	0.8;
	53	1	-0.000549	-0.0002745	0	0	1	1	0	4.16	1	1.2	0.8;
	54	1	-0.001457	-0.0007285	0	0	1	1	0	4.16	1	1.2	0.8;
	55	1	-0.000914	-0.000457	0	0	1	1	0	4.16	1	1.2	0.8;
	56	1	-0.001417	-0.0007085	0	0	1	1	0	4.16	1	1.2	0.8;
	57	1	-0.000961	-0.0004805	0	0	1	1	0	4.16	1	1.2	0.8;
	58	1	-0.001587	-0.0007935	0	0	1	1	0	4.16	1	1.2	0.8;
	59	1	-0.001723	-0.0008615	0	0	1	1	0	4.16	1	1.2	0.8;
	60	1	0.000234	0.000117	0	0	1	1	0	4.16	1	1.2	0.8;
	61	1	-0.001861	-0.0009305	0	0	1	1	0	4.16	1	1.2	0.8;
	62	1	-0.00059	-0.000295	0	0	1	1	0	4.16	1	1.2	0.8;
	63	1	-0.001712	-0.000856	0	0	1	1	0	4.16	1	1.2	0.8;
	64	1	-0.000344	-0.000172	0	0	1	1	0	4.16	1	1.2	0.8;
	65	1	-1.8e-05	-9e-06	0	0	1	1	0	4.16	1	1.2	0.8;
	66	1	-0.001006	-0.000503	0	0	1	1	0	4.16	1	1.2	0.8;
	67	1	-0.000613	-0.0003065	0	0	1	1	0	4.16	1	1.2	0.8;
	68	1	-0.001249	-0.0006245	0	0	1	1	0	4.16	1	1.2	0.8;
	69	1	1e-10	5e-11	0	0	1	1	0	4.16	1	1.2	0.8;
	70	1	-0.001026	-0.000513	0	0	1	1	0	4.16	1	1.2	0.8;
	71	1	-0.002032	-0.001016	0	0	1	1	0	4.16	1	1.2	0.8;
	72	1	-0.001047	-0.0005235	0	0	1	1	0	4.16	1	1.2	0.8;
	73	1	4.3e-05	2.15e-05	0	0	1	1	0	4.16	1	1.2	0.8;
	74	1	-0.001434	-0.000717	0	0	1	1	0	4.16	1	1.2	0.8;
	75	1	-0.001392	-0.000696	0	0	1	1	0	4.16	1	1.2	0.8;
	76	1	0.000778	0.000389	0	0	1	1	0	4.16	1	1.2	0.8;
	77	1	-0.000696	-0.000348	0	0	1	1	0	4.16	1	1.2	0.8;
	78	1	0.000141	7.05e-05	0	0	1	1	0	4.16	1	1.2	0.8;
	79	1	5.6e-05	2.8e-05	0	0	1	1	0	4.16	1	1.2	0.8;
	80	1	-0.00079	-0.000395	0	0	1	1	0	4.16	1	1.2	0.8;
	81	1	-0.001845	-0.0009225	0	0	1	1	0	4.16	1	1.2	0.8;
	82	1	-0.000829	-0.0004145	0	0	1	1	0	4.16	1	1.2	0.8;
	83	1	-0.000485	-0.0002425	0	0	1	1	0	4.16	1	1.2	0.8;
	84	1	0.000632	0.000316	0	0	1	1	0	4.16	1	1.2	0.8;
	85	1	-0.000527	-0.0002635	0	0	1	1	0	4.16	1	1.2	0.8;
	86	1	-0.00055	-0.000275	0	0	1	1	0	4.16	1	1.2	0.8;
	87	1	-0.001534	-0.000767	0	0	1	1	0	4.16	1	1.2	0.8;
	88	1	-0.001223	-0.0006115	0	0	1	1	0	4.16	1	1.2	0.8;
	89	1	-0.001274	-0.000637	0	0	1	1	0	4.16	1	1.2	0.8;
	90	1	-0.000564	-0.000282	0	0	1	1	0	4.16	1	1.2	0.8;
	91	1	0.00024	0.00012	0	0	1	1	0	4.16	1	1.2	0.8;
	92	1	-4.8e-05	-2.4e-05	0	0	1	1	0	4.16	1	1.2	0.8;
	93	1	0.001056	0.000528	0	0	1	1	0	4.16	1	1.2	0.8;
	94	1	0.000486	0.000243	0	0	1	1	0	4.16	1	1.2	0.8;
	95	1	0.000757	0.0003785	0	0	1	1	0	4.16	1	1.2	0.8;
	96	1	0.000174	8.7e-05	0	0	1	1	0	4.16	1	1.2	0.8;
	97	1	0.000894	0.000447	0	0	1	1	0	4.16	1	1.2	0.8;
	98	1	0.002887	0.0014435	0	0	1	1	0	4.16	1	1.2	0.8;
	99	1	6.5e-05	3.25e-05	0	0	1	1	0	4.16	1	1.2	0.8;
	100	1	0.00055	0.000275	0	0	1	1	0	4.16	1	1.2	0.8;
	101	1	0.000308	0.000154	0	0	1	1	0	4.16	1	1.2	0.8;
	102	1	0.000531	0.0002655	0	0	1	1	0	4.16	1	1.2	0.8;
	103	1	0.001118	0.000559	0	0	1	1	0	4.16	1	1.2	0.8;
	104	1	-0.00052	-0.00026	0	0	1	1	0	4.16	1	1.2	0.8;
	105	1	0.002839	0.0014195	0	0	1	1	0	4.16	1	1.2	0.8;
	106	1	1e-10	5e-11	0	0	1	1	0	4.16	1	1.2	0.8;
	107	1	1e-10	5e-11	0	0	1	1	0	4.16	1	1.2	0.8;
	108	1	0.000814	0.000407	0	0	1	1	0	4.16	1	1.2	0.8;
	109	1	-0.001438	-0.000719	0	0	1	1	0	4.16	1	1.2	0.8;
];

%% generator data
%	bus	Pg	Qg	Qmax	Qmin	Vg	mBase	status	Pmax	Pmin	Pc1	Pc2	Qc1min	Qc1max	Qc2min	Qc2max	ramp_agc	ramp_10	ramp_30	ramp_q	apf
mpc.gen = [
	1	17.068	0	200	-200	1	1	1	200	-200	0	0	0	0	0	0	10	0	0	0	0;
];

%% branch data
%	fbus	tbus	r	x	b	rateA	rateB	rateC	ratio	angle	status	angmin	angmax
