function mpc = case_ieee123_storage_952
%CASE_IEEE123_STORAGE_952

%% MATPOWER Case Format : Version 2
mpc.version = '2';

%%-----  Power Flow Data  -----%%
%% system MVA base
mpc.baseMVA = 1;

%% bus data
%	bus_i	type	Pd	Qd	Gs	Bs	area	Vm	Va	baseKV	zone	Vmax	Vmin
mpc.bus = [
	1	3	-0.000525	-0.0002625	0	0	1	1	0	4.16	1	1.2	0.8;
	2	1	0.006025	0.0030125	0	0	1	1	0	4.16	1	1.2	0.8;
	3	1	0.002951	0.0014755	0	0	1	1	0	4.16	1	1.2	0.8;
	4	1	-0.000138	-6.9e-05	0	0	1	1	0	4.16	1	1.2	0.8;
	5	1	-0.00018	-9e-05	0	0	1	1	0	4.16	1	1.2	0.8;
	6	1	1e-10	5e-11	0	0	1	1	0	4.16	1	1.2	0.8;
	7	1	1e-10	5e-11	0	0	1	1	0	4.16	1	1.2	0.8;
	8	1	-0.000235	-0.0001175	0	0	1	1	0	4.16	1	1.2	0.8;
	9	1	0.000428	0.000214	0	0	1	1	0	4.16	1	1.2	0.8;
	10	1	-0.000765	-0.0003825	0	0	1	1	0	4.16	1	1.2	0.8;
	11	1	1e-10	5e-11	0	0	1	1	0	4.16	1	1.2	0.8;
	12	1	0.000253	0.0001265	0	0	1	1	0	4.16	1	1.2	0.8;
	13	1	-0.000786	-0.000393	0	0	1	1	0	4.16	1	1.2	0.8;
	14	1	-0.000204	-0.000102	0	0	1	1	0	4.16	1	1.2	0.8;
	15	1	-0.000443	-0.0002215	0	0	1	1	0	4.16	1	1.2	0.8;
	16	1	1e-10	5e-11	0	0	1	1	0	4.16	1	1.2	0.8;
	17	1	-0.000874	-0.000437	0	0	1	1	0	4.16	1	1.2	0.8;
	18	1	-0.000694	-0.000347	0	0	1	1	0	4.16	1	1.2	0.8;
	19	1	-0.000705	-0.0003525	0	0	1	1	0	4.16	1	1.2	0.8;
	20	1	-0.000777	-0.0003885	0	0	1	1	0	4.16	1	1.2	0.8;
	21	1	-0.00034	-0.00017	0	0	1	1	0	4.16	1	1.2	0.8;
	22	1	0.00041	0.000205	0	0	1	1	0	4.16	1	1.2	0.8;
	23	1	-0.00051	-0.000255	0	0	1	1	0	4.16	1	1.2	0.8;
	24	1	-0.000159	-7.95e-05	0	0	1	1	0	4.16	1	1.2	0.8;
	25	1	2.2e-05	1.1e-05	0	0	1	1	0	4.16	1	1.2	0.8;
	26	1	0.000126	6.3e-05	0	0	1	1	0	4.16	1	1.2	0.8;
	27	1	-0.000619	-0.0003095	0	0	1	1	0	4.16	1	1.2	0.8;
	28	1	-0.000297	-0.0001485	0	0	1	1	0	4.16	1	1.2	0.8;
	29	1	1e-10	5e-11	0	0	1	1	0	4.16	1	1.2	0.8;
	30	1	-0.000408	-0.000204	0	0	1	1	0	4.16	1	1.2	0.8;
	31	1	0.000134	6.7e-05	0	0	1	1	0	4.16	1	1.2	0.8;
	32	1	0.000281	0.0001405	0	0	1	1	0	4.16	1	1.2	0.8;
	33	1	0.004724	0.002362	0	0	1	1	0	4.16	1	1.2	0.8;
	34	1	-0.000222	-0.000111	0	0	1	1	0	4.16	1	1.2	0.8;
	35	1	0.00038	0.00019	0	0	1	1	0	4.16	1	1.2	0.8;
	36	1	1e-10	5e-11	0	0	1	1	0	4.16	1	1.2	0.8;
	37	1	0.002962	0.001481	0	0	1	1	0	4.16	1	1.2	0.8;
	38	1	0.003784	0.001892	0	0	1	1	0	4.16	1	1.2	0.8;
	39	1	0.000108	5.4e-05	0	0	1	1	0	4.16	1	1.2	0.8;
	40	1	-0.000135	-6.75e-05	0	0	1	1	0	4.16	1	1.2	0.8;
	41	1	0.000961	0.0004805	0	0	1	1	0	4.16	1	1.2	0.8;
	42	1	2.7e-05	1.35e-05	0	0	1	1	0	4.16	1	1.2	0.8;
	43	1	-0.000214	-0.000107	0	0	1	1	0	4.16	1	1.2	0.8;
	44	1	0.000596	0.000298	0	0	1	1	0	4.16	1	1.2	0.8;
	45	1	0.003339	0.0016695	0	0	1	1	0	4.16	1	1.2	0.8;
	46	1	0.000829	0.0004145	0	0	1	1	0	4.16	1	1.2	0.8;
	47	1	0.001122	0.000561	0	0	1	1	0	4.16	1	1.2	0.8;
	48	1	0.000569	0.0002845	0	0	1	1	0	4.16	1	1.2	0.8;
	49	1	-0.000619	-0.0003095	0	0	1	1	0	4.16	1	1.2	0.8;
	50	1	-9.3e-05	-4.65e-05	0	0	1	1	0	4.16	1	1.2	0.8;
	51	1	1e-10	5e-11	0	0	1	1	0	4.16	1	1.2	0.8;
	52	1	-0.000813	-0.0004065	0	0	1	1	0	4.16	1	1.2	0.8;
	53	1	0.000561	0.0002805	0	0	1	1	0	4.16	1	1.2	0.8;
	54	1	-0.000533	-0.0002665	0	0	1	1	0	4.16	1	1.2	0.8;
	55	1	-7.3e-05	-3.65e-05	0	0	1	1	0	4.16	1	1.2	0.8;
	56	1	-0.000101	-5.05e-05	0	0	1	1	0	4.16	1	1.2	0.8;
	57	1	-0.00025	-0.000125	0	0	1	1	0	4.16	1	1.2	0.8;
	58	1	-0.000257	-0.0001285	0	0	1	1	0	4.16	1	1.2	0.8;
	59	1	-0.000321	-0.0001605	0	0	1	1	0	4.16	1	1.2	0.8;
	60	1	0.000173	8.65e-05	0	0	1	1	0	4.16	1	1.2	0.8;
	61	1	-0.00056	-0.00028	0	0	1	1	0	4.16	1	1.2	0.8;
	62	1	-0.000395	-0.0001975	0	0	1	1	0	4.16	1	1.2	0.8;
	63	1	-0.000527	-0.0002635	0	0	1	1	0	4.16	1	1.2	0.8;
	64	1	0.004619	0.0023095	0	0	1	1	0	4.16	1	1.2	0.8;
	65	1	-8.5e-05	-4.25e-05	0	0	1	1	0	4.16	1	1.2	0.8;
	66	1	0.006046	0.003023	0	0	1	1	0	4.16	1	1.2	0.8;
	67	1	0.000178	8.9e-05	0	0	1	1	0	4.16	1	1.2	0.8;
	68	1	-0.000741	-0.0003705	0	0	1	1	0	4.16	1	1.2	0.8;
	69	1	1e-10	5e-11	0	0	1	1	0	4.16	1	1.2	0.8;
	70	1	-0.001402	-0.000701	0	0	1	1	0	4.16	1	1.2	0.8;
	71	1	-0.00043	-0.000215	0	0	1	1	0	4.16	1	1.2	0.8;
	72	1	-0.000468	-0.000234	0	0	1	1	0	4.16	1	1.2	0.8;
	73	1	0.002366	0.001183	0	0	1	1	0	4.16	1	1.2	0.8;
	74	1	-0.000516	-0.000258	0	0	1	1	0	4.16	1	1.2	0.8;
	75	1	-0.000589	-0.0002945	0	0	1	1	0	4.16	1	1.2	0.8;
	76	1	0.000344	0.000172	0	0	1	1	0	4.16	1	1.2	0.8;
	77	1	-0.000158	-7.9e-05	0	0	1	1	0	4.16	1	1.2	0.8;
	78	1	0.001429	0.0007145	0	0	1	1	0	4.16	1	1.2	0.8;
	79	1	0.00121	0.000605	0	0	1	1	0	4.16	1	1.2	0.8;
	80	1	0.005282	0.002641	0	0	1	1	0	4.16	1	1.2	0.8;
	81	1	-0.000617	-0.0003085	0	0	1	1	0	4.16	1	1.2	0.8;
	82	1	-2.4e-05	-1.2e-05	0	0	1	1	0	4.16	1	1.2	0.8;
	83	1	0.000948	0.000474	0	0	1	1	0	4.16	1	1.2	0.8;
	84	1	0.000412	0.000206	0	0	1	1	0	4.16	1	1.2	0.8;
	85	1	-0.000962	-0.000481	0	0	1	1	0	4.16	1	1.2	0.8;
	86	1	0.002544	0.001272	0	0	1	1	0	4.16	1	1.2	0.8;
	87	1	-0.000667	-0.0003335	0	0	1	1	0	4.16	1	1.2	0.8;
	88	1	-0.000801	-0.0004005	0	0	1	1	0	4.16	1	1.2	0.8;
	89	1	-0.0002	-0.0001	0	0	1	1	0	4.16	1	1.2	0.8;
	90	1	0.000734	0.000367	0	0	1	1	0	4.16	1	1.2	0.8;
	91	1	0.000627	0.0003135	0	0	1	1	0	4.16	1	1.2	0.8;
	92	1	0.007637	0.0038185	0	0	1	1	0	4.16	1	1.2	0.8;
	93	1	0.000699	0.0003495	0	0	1	1	0	4.16	1	1.2	0.8;
	94	1	0.001597	0.0007985	0	0	1	1	0	4.16	1	1.2	0.8;
	95	1	0.000574	0.000287	0	0	1	1	0	4.16	1	1.2	0.8;
	96	1	0.000651	0.0003255	0	0	1	1	0	4.16	1	1.2	0.8;
	97	1	0.003399	0.0016995	0	0	1	1	0	4.16	1	1.2	0.8;
	98	1	0.001315	0.0006575	0	0	1	1	0	4.16	1	1.2	0.8;
	99	1	0.000993	0.0004965	0	0	1	1	0	4.16	1	1.2	0.8;
	100	1	0.00102	0.00051	0	0	1	1	0	4.16	1	1.2	0.8;
	101	1	0.000313	0.0001565	0	0	1	1	0	4.16	1	1.2	0.8;
	102	1	0.000157	7.85e-05	0	0	1	1	0	4.16	1	1.2	0.8;
	103	1	0.000739	0.0003695	0	0	1	1	0	4.16	1	1.2	0.8;
	104	1	-0.000435	-0.0002175	0	0	1	1	0	4.16	1	1.2	0.8;
	105	1	0.003471	0.0017355	0	0	1	1	0	4.16	1	1.2	0.8;
	106	1	1e-10	5e-11	0	0	1	1	0	4.16	1	1.2	0.8;
	107	1	1e-10	5e-11	0	0	1	1	0	4.16	1	1.2	0.8;
	108	1	0.000421	0.0002105	0	0	1	1	0	4.16	1	1.2	0.8;
	109	1	-0.000424	-0.000212	0	0	1	1	0	4.16	1	1.2	0.8;
];

%% generator data
%	bus	Pg	Qg	Qmax	Qmin	Vg	mBase	status	Pmax	Pmin	Pc1	Pc2	Qc1min	Qc1max	Qc2min	Qc2max	ramp_agc	ramp_10	ramp_30	ramp_q	apf
mpc.gen = [
	1	17.068	0	200	-200	1	1	1	200	-200	0	0	0	0	0	0	10	0	0	0	0;
];

%% branch data
%	fbus	tbus	r	x	b	rateA	rateB	rateC	ratio	angle	status	angmin	angmax
