function mpc = case_ieee123_storage_1070
%CASE_IEEE123_STORAGE_1070

%% MATPOWER Case Format : Version 2
mpc.version = '2';

%%-----  Power Flow Data  -----%%
%% system MVA base
mpc.baseMVA = 1;

%% bus data
%	bus_i	type	Pd	Qd	Gs	Bs	area	Vm	Va	baseKV	zone	Vmax	Vmin
mpc.bus = [
	1	3	-0.002547	-0.0012735	0	0	1	1	0	4.16	1	1.2	0.8;
	2	1	0.000259	0.0001295	0	0	1	1	0	4.16	1	1.2	0.8;
	3	1	0.000396	0.000198	0	0	1	1	0	4.16	1	1.2	0.8;
	4	1	0.000368	0.000184	0	0	1	1	0	4.16	1	1.2	0.8;
	5	1	-0.0014	-0.0007	0	0	1	1	0	4.16	1	1.2	0.8;
	6	1	1e-10	5e-11	0	0	1	1	0	4.16	1	1.2	0.8;
	7	1	1e-10	5e-11	0	0	1	1	0	4.16	1	1.2	0.8;
	8	1	-0.002171	-0.0010855	0	0	1	1	0	4.16	1	1.2	0.8;
	9	1	-0.002355	-0.0011775	0	0	1	1	0	4.16	1	1.2	0.8;
	10	1	0.001814	0.000907	0	0	1	1	0	4.16	1	1.2	0.8;
	11	1	-0.00113	-0.000565	0	0	1	1	0	4.16	1	1.2	0.8;
	12	1	-0.001517	-0.0007585	0	0	1	1	0	4.16	1	1.2	0.8;
	13	1	-0.0012	-0.0006	0	0	1	1	0	4.16	1	1.2	0.8;
	14	1	1e-10	5e-11	0	0	1	1	0	4.16	1	1.2	0.8;
	15	1	-0.00201	-0.001005	0	0	1	1	0	4.16	1	1.2	0.8;
	16	1	-0.00173	-0.000865	0	0	1	1	0	4.16	1	1.2	0.8;
	17	1	-0.001348	-0.000674	0	0	1	1	0	4.16	1	1.2	0.8;
	18	1	-0.001885	-0.0009425	0	0	1	1	0	4.16	1	1.2	0.8;
	19	1	-0.002026	-0.001013	0	0	1	1	0	4.16	1	1.2	0.8;
	20	1	-0.000238	-0.000119	0	0	1	1	0	4.16	1	1.2	0.8;
	21	1	0.001113	0.0005565	0	0	1	1	0	4.16	1	1.2	0.8;
	22	1	-0.001074	-0.000537	0	0	1	1	0	4.16	1	1.2	0.8;
	23	1	-0.00098	-0.00049	0	0	1	1	0	4.16	1	1.2	0.8;
	24	1	-0.001337	-0.0006685	0	0	1	1	0	4.16	1	1.2	0.8;
	25	1	-0.000846	-0.000423	0	0	1	1	0	4.16	1	1.2	0.8;
	26	1	0.000132	6.6e-05	0	0	1	1	0	4.16	1	1.2	0.8;
	27	1	-0.001283	-0.0006415	0	0	1	1	0	4.16	1	1.2	0.8;
	28	1	0.000573	0.0002865	0	0	1	1	0	4.16	1	1.2	0.8;
	29	1	-0.001917	-0.0009585	0	0	1	1	0	4.16	1	1.2	0.8;
	30	1	-0.001724	-0.000862	0	0	1	1	0	4.16	1	1.2	0.8;
	31	1	-0.000572	-0.000286	0	0	1	1	0	4.16	1	1.2	0.8;
	32	1	-0.000923	-0.0004615	0	0	1	1	0	4.16	1	1.2	0.8;
	33	1	-0.000676	-0.000338	0	0	1	1	0	4.16	1	1.2	0.8;
	34	1	-0.002364	-0.001182	0	0	1	1	0	4.16	1	1.2	0.8;
	35	1	-0.001162	-0.000581	0	0	1	1	0	4.16	1	1.2	0.8;
	36	1	-0.001153	-0.0005765	0	0	1	1	0	4.16	1	1.2	0.8;
	37	1	-2.1e-05	-1.05e-05	0	0	1	1	0	4.16	1	1.2	0.8;
	38	1	-0.001507	-0.0007535	0	0	1	1	0	4.16	1	1.2	0.8;
	39	1	-0.001923	-0.0009615	0	0	1	1	0	4.16	1	1.2	0.8;
	40	1	-0.000904	-0.000452	0	0	1	1	0	4.16	1	1.2	0.8;
	41	1	-0.001163	-0.0005815	0	0	1	1	0	4.16	1	1.2	0.8;
	42	1	-0.002076	-0.001038	0	0	1	1	0	4.16	1	1.2	0.8;
	43	1	-0.001901	-0.0009505	0	0	1	1	0	4.16	1	1.2	0.8;
	44	1	-0.000575	-0.0002875	0	0	1	1	0	4.16	1	1.2	0.8;
	45	1	1e-10	5e-11	0	0	1	1	0	4.16	1	1.2	0.8;
	46	1	0.001699	0.0008495	0	0	1	1	0	4.16	1	1.2	0.8;
	47	1	1e-10	5e-11	0	0	1	1	0	4.16	1	1.2	0.8;
	48	1	1e-10	5e-11	0	0	1	1	0	4.16	1	1.2	0.8;
	49	1	0.000721	0.0003605	0	0	1	1	0	4.16	1	1.2	0.8;
	50	1	-0.001492	-0.000746	0	0	1	1	0	4.16	1	1.2	0.8;
	51	1	1e-10	5e-11	0	0	1	1	0	4.16	1	1.2	0.8;
	52	1	1e-10	5e-11	0	0	1	1	0	4.16	1	1.2	0.8;
	53	1	-0.001302	-0.000651	0	0	1	1	0	4.16	1	1.2	0.8;
	54	1	1e-10	5e-11	0	0	1	1	0	4.16	1	1.2	0.8;
	55	1	1e-10	5e-11	0	0	1	1	0	4.16	1	1.2	0.8;
	56	1	0.00104	0.00052	0	0	1	1	0	4.16	1	1.2	0.8;
	57	1	1e-10	5e-11	0	0	1	1	0	4.16	1	1.2	0.8;
	58	1	1e-10	5e-11	0	0	1	1	0	4.16	1	1.2	0.8;
	59	1	0.000194	9.7e-05	0	0	1	1	0	4.16	1	1.2	0.8;
	60	1	-0.001665	-0.0008325	0	0	1	1	0	4.16	1	1.2	0.8;
];

%% generator data
%	bus	Pg	Qg	Qmax	Qmin	Vg	mBase	status	Pmax	Pmin	Pc1	Pc2	Qc1min	Qc1max	Qc2min	Qc2max	ramp_agc	ramp_10	ramp_30	ramp_q	apf
mpc.gen = [
	1	-0.0437879988	0	200	-200	1	1	1	200	-200	0	0	0	0	0	0	10	0	0	0	0;
];

%% branch data
%	fbus	tbus	r	x	b	rateA	rateB	rateC	ratio	angle	status	angmin	angmax
mpc.branch = [
	1	2	0.0013398623	0.0027450827	3.02770272e-08	100	100	100	0	0	1	-80	80;
	1	2	0.0013398623	0.0027450827	3.02770272e-08	100	100	100	0	0	1	-80	80;
	2	3	0.0013398623	0.0027450827	3.02770272e-08	100	100	100	0	0	1	-80	80;
	3	4	0.0013398623	0.0027450827	3.02770272e-08	100	100	100	0	0	1	-80	80;
	4	5	0.0013398623	0.0027450827	3.02770272e-08	100	100	100	0	0	1	-80	80;
	5	6	0.0013398623	0.0027450827	3.02770272e-08	100	100	100	0	0	1	-80	80;
	6	7	0.0013398623	0.0027450827	3.02770272e-08	100	100	100	0	0	1	-80	80;
	7	8	0.0013398623	0.0027450827	3.02770272e-08	100	100	100	0	0	1	-80	80;
	8	9	0.0013398623	0.0027450827	3.02770272e-08	100	100	100	0	0	1	-80	80;
	9	10	0.0013398623	0.0027450827	3.02770272e-08	100	100	100	0	0	1	-80	80;
	10	11	0.0013398623	0.0027450827	3.02770272e-08	100	100	100	0	0	1	-80	80;
	11	12	0.0013398623	0.0027450827	3.02770272e-08	100	100	100	0	0	1	-80	80;
	12	13	0.0013398623	0.0027450827	3.02770272e-08	100	100	100	0	0	1	-80	80;
	13	14	0.0013398623	0.0027450827	3.02770272e-08	100	100	100	0	0	1	-80	80;
	14	15	0.0013398623	0.0027450827	3.02770272e-08	100	100	100	0	0	1	-80	80;
	15	16	0.0013398623	0.0027450827	3.02770272e-08	100	100	100	0	0	1	-80	80;
	16	17	0.0013398623	0.0027450827	3.02770272e-08	100	100	100	0	0	1	-80	80;
	17	18	0.0013398623	0.0027450827	3.02770272e-08	100	100	100	0	0	1	-80	80;
	18	19	0.0013398623	0.0027450827	3.02770272e-08	100	100	100	0	0	1	-80	80;
	19	20	0.0013398623	0.0027450827	3.02770272e-08	100	100	100	0	0	1	-80	80;
	20	21	0.0013398623	0.0027450827	3.02770272e-08	100	100	100	0	0	1	-80	80;
	21	22	0.0013398623	0.0027450827	3.02770272e-08	100	100	100	0	0	1	-80	80;
	22	23	0.0013398623	0.0027450827	3.02770272e-08	100	100	100	0	0	1	-80	80;
	23	24	0.0013398623	0.0027450827	3.02770272e-08	100	100	100	0	0	1	-80	80;
	24	25	0.0013398623	0.0027450827	3.02770272e-08	100	100	100	0	0	1	-80	80;
	25	26	0.0013398623	0.0027450827	3.02770272e-08	100	100	100	0	0	1	-80	80;
	26	27	0.0013398623	0.0027450827	3.02770272e-08	100	100	100	0	0	1	-80	80;
	27	28	0.0013398623	0.0027450827	3.02770272e-08	100	100	100	0	0	1	-80	80;
	28	29	0.0013398623	0.0027450827	3.02770272e-08	100	100	100	0	0	1	-80	80;
	1	30	0.0013398623	0.0027450827	3.02770272e-08	100	100	100	0	0	1	-80	80;
	30	31	0.0013398623	0.0027450827	3.02770272e-08	100	100	100	0	0	1	-80	80;
	31	32	0.0013398623	0.0027450827	3.02770272e-08	100	100	100	0	0	1	-80	80;
	32	33	0.0013398623	0.0027450827	3.02770272e-08	100	100	100	0	0	1	-80	80;
	33	34	0.0013398623	0.0027450827	3.02770272e-08	100	100	100	0	0	1	-80	80;
	34	35	0.0013398623	0.0027450827	3.02770272e-08	100	100	100	0	0	1	-80	80;
	35	36	0.0013398623	0.0027450827	3.02770272e-08	100	100	100	0	0	1	-80	80;
	36	37	0.0013398623	0.0027450827	3.02770272e-08	100	100	100	0	0	1	-80	80;
	37	38	0.0013398623	0.0027450827	3.02770272e-08	100	100	100	0	0	1	-80	80;
	38	39	0.0013398623	0.0027450827	3.02770272e-08	100	100	100	0	0	1	-80	80;
	39	40	0.0013398623	0.0027450827	3.02770272e-08	100	100	100	0	0	1	-80	80;
	40	41	0.0013398623	0.0027450827	3.02770272e-08	100	100	100	0	0	1	-80	80;
	41	42	0.0013398623	0.0027450827	3.02770272e-08	100	100	100	0	0	1	-80	80;
	42	43	0.0013398623	0.0027450827	3.02770272e-08	100	100	100	0	0	1	-80	80;
	43	44	0.0013398623	0.0027450827	3.02770272e-08	100	100	100	0	0	1	-80	80;
	44	45	0.0013398623	0.0027450827	3.02770272e-08	100	100	100	0	0	1	-80	80;
	45	46	0.0013398623	0.0027450827	3.02770272e-08	100	100	100	0	0	1	-80	80;
	46	47	0.0013398623	0.0027450827	3.02770272e-08	100	100	100	0	0	1	-80	80;
	47	48	0.0013398623	0.0027450827	3.02770272e-08	100	100	100	0	0	1	-80	80;
	48	49	0.0013398623	0.0027450827	3.02770272e-08	100	100	100	0	0	1	-80	80;
	49	50	0.0013398623	0.0027450827	3.02770272e-08	100	100	100	0	0	1	-80	80;
	50	51	0.0013398623	0.0027450827	3.02770272e-08	100	100	100	0	0	1	-80	80;
	51	52	0.0013398623	0.0027450827	3.02770272e-08	100	100	100	0	0	1	-80	80;
	52	53	0.0013398623	0.0027450827	3.02770272e-08	100	100	100	0	0	1	-80	80;
	53	54	0.0013398623	0.0027450827	3.02770272e-08	100	100	100	0	0	1	-80	80;
	54	55	0.0013398623	0.0027450827	3.02770272e-08	100	100	100	0	0	1	-80	80;
	55	56	0.0013398623	0.0027450827	3.02770272e-08	100	100	100	0	0	1	-80	80;
	56	57	0.0013398623	0.0027450827	3.02770272e-08	100	100	100	0	0	1	-80	80;
	57	58	0.0013398623	0.0027450827	3.02770272e-08	100	100	100	0	0	1	-80	80;
	58	59	0.0013398623	0.0027450827	3.02770272e-08	100	100	100	0	0	1	-80	80;
