function mpc = case_ieee123_storage_986
%CASE_IEEE123_STORAGE_986

%% MATPOWER Case Format : Version 2
mpc.version = '2';

%%-----  Power Flow Data  -----%%
%% system MVA base
mpc.baseMVA = 1;

%% bus data
%	bus_i	type	Pd	Qd	Gs	Bs	area	Vm	Va	baseKV	zone	Vmax	Vmin
mpc.bus = [
	1	3	-0.000358	-0.000179	0	0	1	1	0	4.16	1	1.2	0.8;
	2	1	0.001562	0.000781	0	0	1	1	0	4.16	1	1.2	0.8;
	3	1	0.000614	0.000307	0	0	1	1	0	4.16	1	1.2	0.8;
	4	1	2.1e-05	1.05e-05	0	0	1	1	0	4.16	1	1.2	0.8;
	5	1	-0.000147	-7.35e-05	0	0	1	1	0	4.16	1	1.2	0.8;
	6	1	1e-10	5e-11	0	0	1	1	0	4.16	1	1.2	0.8;
	7	1	1e-10	5e-11	0	0	1	1	0	4.16	1	1.2	0.8;
	8	1	-0.000274	-0.000137	0	0	1	1	0	4.16	1	1.2	0.8;
	9	1	0.001377	0.0006885	0	0	1	1	0	4.16	1	1.2	0.8;
	10	1	-0.000236	-0.000118	0	0	1	1	0	4.16	1	1.2	0.8;
	11	1	1e-10	5e-11	0	0	1	1	0	4.16	1	1.2	0.8;
	12	1	0.000365	0.0001825	0	0	1	1	0	4.16	1	1.2	0.8;
	13	1	-0.00039	-0.000195	0	0	1	1	0	4.16	1	1.2	0.8;
	14	1	0.001	0.0005	0	0	1	1	0	4.16	1	1.2	0.8;
	15	1	-0.0002	-0.0001	0	0	1	1	0	4.16	1	1.2	0.8;
	16	1	1e-10	5e-11	0	0	1	1	0	4.16	1	1.2	0.8;
	17	1	-0.000562	-0.000281	0	0	1	1	0	4.16	1	1.2	0.8;
	18	1	-0.000489	-0.0002445	0	0	1	1	0	4.16	1	1.2	0.8;
	19	1	-0.000183	-9.15e-05	0	0	1	1	0	4.16	1	1.2	0.8;
	20	1	-0.00049	-0.000245	0	0	1	1	0	4.16	1	1.2	0.8;
	21	1	-0.000222	-0.000111	0	0	1	1	0	4.16	1	1.2	0.8;
	22	1	0.000272	0.000136	0	0	1	1	0	4.16	1	1.2	0.8;
	23	1	-0.000241	-0.0001205	0	0	1	1	0	4.16	1	1.2	0.8;
	24	1	0.000195	9.75e-05	0	0	1	1	0	4.16	1	1.2	0.8;
	25	1	0.000299	0.0001495	0	0	1	1	0	4.16	1	1.2	0.8;
	26	1	0.000348	0.000174	0	0	1	1	0	4.16	1	1.2	0.8;
	27	1	-0.000362	-0.000181	0	0	1	1	0	4.16	1	1.2	0.8;
	28	1	0.000228	0.000114	0	0	1	1	0	4.16	1	1.2	0.8;
	29	1	1e-10	5e-11	0	0	1	1	0	4.16	1	1.2	0.8;
	30	1	-0.000229	-0.0001145	0	0	1	1	0	4.16	1	1.2	0.8;
	31	1	0.000242	0.000121	0	0	1	1	0	4.16	1	1.2	0.8;
	32	1	0.001204	0.000602	0	0	1	1	0	4.16	1	1.2	0.8;
	33	1	0.005848	0.002924	0	0	1	1	0	4.16	1	1.2	0.8;
	34	1	0.000196	9.8e-05	0	0	1	1	0	4.16	1	1.2	0.8;
	35	1	0.004218	0.002109	0	0	1	1	0	4.16	1	1.2	0.8;
	36	1	1e-10	5e-11	0	0	1	1	0	4.16	1	1.2	0.8;
	37	1	0.001005	0.0005025	0	0	1	1	0	4.16	1	1.2	0.8;
	38	1	1e-10	5e-11	0	0	1	1	0	4.16	1	1.2	0.8;
	39	1	0.003094	0.001547	0	0	1	1	0	4.16	1	1.2	0.8;
	40	1	0.001251	0.0006255	0	0	1	1	0	4.16	1	1.2	0.8;
	41	1	0.003418	0.001709	0	0	1	1	0	4.16	1	1.2	0.8;
	42	1	-0.000227	-0.0001135	0	0	1	1	0	4.16	1	1.2	0.8;
	43	1	0.000228	0.000114	0	0	1	1	0	4.16	1	1.2	0.8;
	44	1	0.000486	0.000243	0	0	1	1	0	4.16	1	1.2	0.8;
	45	1	0.003295	0.0016475	0	0	1	1	0	4.16	1	1.2	0.8;
	46	1	0.000931	0.0004655	0	0	1	1	0	4.16	1	1.2	0.8;
	47	1	0.001115	0.0005575	0	0	1	1	0	4.16	1	1.2	0.8;
	48	1	0.001464	0.000732	0	0	1	1	0	4.16	1	1.2	0.8;
	49	1	-0.000374	-0.000187	0	0	1	1	0	4.16	1	1.2	0.8;
	50	1	0.000189	9.45e-05	0	0	1	1	0	4.16	1	1.2	0.8;
	51	1	1e-10	5e-11	0	0	1	1	0	4.16	1	1.2	0.8;
	52	1	-0.000577	-0.0002885	0	0	1	1	0	4.16	1	1.2	0.8;
	53	1	0.003257	0.0016285	0	0	1	1	0	4.16	1	1.2	0.8;
	54	1	-0.000115	-5.75e-05	0	0	1	1	0	4.16	1	1.2	0.8;
	55	1	0.000305	0.0001525	0	0	1	1	0	4.16	1	1.2	0.8;
	56	1	0.00029	0.000145	0	0	1	1	0	4.16	1	1.2	0.8;
	57	1	-0.000125	-6.25e-05	0	0	1	1	0	4.16	1	1.2	0.8;
	58	1	-0.000369	-0.0001845	0	0	1	1	0	4.16	1	1.2	0.8;
	59	1	-0.000314	-0.000157	0	0	1	1	0	4.16	1	1.2	0.8;
	60	1	0.000166	8.3e-05	0	0	1	1	0	4.16	1	1.2	0.8;
	61	1	-0.000326	-0.000163	0	0	1	1	0	4.16	1	1.2	0.8;
	62	1	0.009617	0.0048085	0	0	1	1	0	4.16	1	1.2	0.8;
	63	1	-0.00025	-0.000125	0	0	1	1	0	4.16	1	1.2	0.8;
	64	1	0.003631	0.0018155	0	0	1	1	0	4.16	1	1.2	0.8;
	65	1	0.00033	0.000165	0	0	1	1	0	4.16	1	1.2	0.8;
	66	1	0.001151	0.0005755	0	0	1	1	0	4.16	1	1.2	0.8;
	67	1	0.00081	0.000405	0	0	1	1	0	4.16	1	1.2	0.8;
	68	1	-0.000168	-8.4e-05	0	0	1	1	0	4.16	1	1.2	0.8;
	69	1	1e-10	5e-11	0	0	1	1	0	4.16	1	1.2	0.8;
	70	1	-0.000273	-0.0001365	0	0	1	1	0	4.16	1	1.2	0.8;
	71	1	-0.000119	-5.95e-05	0	0	1	1	0	4.16	1	1.2	0.8;
	72	1	-3.3e-05	-1.65e-05	0	0	1	1	0	4.16	1	1.2	0.8;
	73	1	0.001398	0.000699	0	0	1	1	0	4.16	1	1.2	0.8;
	74	1	0.000307	0.0001535	0	0	1	1	0	4.16	1	1.2	0.8;
	75	1	9.1e-05	4.55e-05	0	0	1	1	0	4.16	1	1.2	0.8;
	76	1	0.000317	0.0001585	0	0	1	1	0	4.16	1	1.2	0.8;
	77	1	0.000126	6.3e-05	0	0	1	1	0	4.16	1	1.2	0.8;
	78	1	0.003409	0.0017045	0	0	1	1	0	4.16	1	1.2	0.8;
	79	1	0.001197	0.0005985	0	0	1	1	0	4.16	1	1.2	0.8;
	80	1	0.004878	0.002439	0	0	1	1	0	4.16	1	1.2	0.8;
	81	1	-0.000222	-0.000111	0	0	1	1	0	4.16	1	1.2	0.8;
	82	1	0.003165	0.0015825	0	0	1	1	0	4.16	1	1.2	0.8;
	83	1	0.000439	0.0002195	0	0	1	1	0	4.16	1	1.2	0.8;
	84	1	0.0004	0.0002	0	0	1	1	0	4.16	1	1.2	0.8;
	85	1	0.000146	7.3e-05	0	0	1	1	0	4.16	1	1.2	0.8;
	86	1	-7.7e-05	-3.85e-05	0	0	1	1	0	4.16	1	1.2	0.8;
	87	1	-0.000417	-0.0002085	0	0	1	1	0	4.16	1	1.2	0.8;
	88	1	-0.000296	-0.000148	0	0	1	1	0	4.16	1	1.2	0.8;
	89	1	0.00026	0.00013	0	0	1	1	0	4.16	1	1.2	0.8;
	90	1	0.003179	0.0015895	0	0	1	1	0	4.16	1	1.2	0.8;
	91	1	0.001642	0.000821	0	0	1	1	0	4.16	1	1.2	0.8;
	92	1	0.002227	0.0011135	0	0	1	1	0	4.16	1	1.2	0.8;
	93	1	0.000705	0.0003525	0	0	1	1	0	4.16	1	1.2	0.8;
	94	1	0.002714	0.001357	0	0	1	1	0	4.16	1	1.2	0.8;
	95	1	0.000672	0.000336	0	0	1	1	0	4.16	1	1.2	0.8;
	96	1	0.005207	0.0026035	0	0	1	1	0	4.16	1	1.2	0.8;
	97	1	0.001023	0.0005115	0	0	1	1	0	4.16	1	1.2	0.8;
	98	1	0.00096	0.00048	0	0	1	1	0	4.16	1	1.2	0.8;
	99	1	0.00035	0.000175	0	0	1	1	0	4.16	1	1.2	0.8;
	100	1	0.000492	0.000246	0	0	1	1	0	4.16	1	1.2	0.8;
	101	1	1e-10	5e-11	0	0	1	1	0	4.16	1	1.2	0.8;
	102	1	0.000424	0.000212	0	0	1	1	0	4.16	1	1.2	0.8;
	103	1	0.000837	0.0004185	0	0	1	1	0	4.16	1	1.2	0.8;
	104	1	0.000383	0.0001915	0	0	1	1	0	4.16	1	1.2	0.8;
	105	1	0.003646	0.001823	0	0	1	1	0	4.16	1	1.2	0.8;
	106	1	1e-10	5e-11	0	0	1	1	0	4.16	1	1.2	0.8;
	107	1	1e-10	5e-11	0	0	1	1	0	4.16	1	1.2	0.8;
	108	1	0.000696	0.000348	0	0	1	1	0	4.16	1	1.2	0.8;
	109	1	0.000479	0.0002395	0	0	1	1	0	4.16	1	1.2	0.8;
];

%% generator data
%	bus	Pg	Qg	Qmax	Qmin	Vg	mBase	status	Pmax	Pmin	Pc1	Pc2	Qc1min	Qc1max	Qc2min	Qc2max	ramp_agc	ramp_10	ramp_30	ramp_q	apf
mpc.gen = [
	1	17.068	0	200	-200	1	1	1	200	-200	0	0	0	0	0	0	10	0	0	0	0;
];

%% branch data
%	fbus	tbus	r	x	b	rateA	rateB	rateC	ratio	angle	status	angmin	angmax
