function mpc = case_ieee123_storage_152
%CASE_IEEE123_STORAGE_152

%% MATPOWER Case Format : Version 2
mpc.version = '2';

%%-----  Power Flow Data  -----%%
%% system MVA base
mpc.baseMVA = 1;

%% bus data
%	bus_i	type	Pd	Qd	Gs	Bs	area	Vm	Va	baseKV	zone	Vmax	Vmin
mpc.bus = [
	1	3	0.000202	0.000101	0	0	1	1	0	4.16	1	1.2	0.8;
	2	1	0.001222	0.000611	0	0	1	1	0	4.16	1	1.2	0.8;
	3	1	0.001136	0.000568	0	0	1	1	0	4.16	1	1.2	0.8;
	4	1	0.000138	6.9e-05	0	0	1	1	0	4.16	1	1.2	0.8;
	5	1	0.000193	9.65e-05	0	0	1	1	0	4.16	1	1.2	0.8;
	6	1	1e-10	5e-11	0	0	1	1	0	4.16	1	1.2	0.8;
	7	1	1e-10	5e-11	0	0	1	1	0	4.16	1	1.2	0.8;
	8	1	0.000291	0.0001455	0	0	1	1	0	4.16	1	1.2	0.8;
	9	1	0.00249	0.001245	0	0	1	1	0	4.16	1	1.2	0.8;
	10	1	0.000259	0.0001295	0	0	1	1	0	4.16	1	1.2	0.8;
	11	1	1e-10	5e-11	0	0	1	1	0	4.16	1	1.2	0.8;
	12	1	0.000687	0.0003435	0	0	1	1	0	4.16	1	1.2	0.8;
	13	1	0.000326	0.000163	0	0	1	1	0	4.16	1	1.2	0.8;
	14	1	0.000963	0.0004815	0	0	1	1	0	4.16	1	1.2	0.8;
	15	1	0.000189	9.45e-05	0	0	1	1	0	4.16	1	1.2	0.8;
	16	1	1e-10	5e-11	0	0	1	1	0	4.16	1	1.2	0.8;
	17	1	0.00171	0.000855	0	0	1	1	0	4.16	1	1.2	0.8;
	18	1	0.000262	0.000131	0	0	1	1	0	4.16	1	1.2	0.8;
	19	1	0.000578	0.000289	0	0	1	1	0	4.16	1	1.2	0.8;
	20	1	0.000212	0.000106	0	0	1	1	0	4.16	1	1.2	0.8;
	21	1	0.000156	7.8e-05	0	0	1	1	0	4.16	1	1.2	0.8;
	22	1	0.000301	0.0001505	0	0	1	1	0	4.16	1	1.2	0.8;
	23	1	0.000485	0.0002425	0	0	1	1	0	4.16	1	1.2	0.8;
	24	1	0.000349	0.0001745	0	0	1	1	0	4.16	1	1.2	0.8;
	25	1	0.000293	0.0001465	0	0	1	1	0	4.16	1	1.2	0.8;
	26	1	0.000333	0.0001665	0	0	1	1	0	4.16	1	1.2	0.8;
	27	1	0.00021	0.000105	0	0	1	1	0	4.16	1	1.2	0.8;
	28	1	0.000543	0.0002715	0	0	1	1	0	4.16	1	1.2	0.8;
	29	1	1e-10	5e-11	0	0	1	1	0	4.16	1	1.2	0.8;
	30	1	0.000234	0.000117	0	0	1	1	0	4.16	1	1.2	0.8;
	31	1	0.000195	9.75e-05	0	0	1	1	0	4.16	1	1.2	0.8;
	32	1	0.000915	0.0004575	0	0	1	1	0	4.16	1	1.2	0.8;
	33	1	0.003372	0.001686	0	0	1	1	0	4.16	1	1.2	0.8;
	34	1	0.000606	0.000303	0	0	1	1	0	4.16	1	1.2	0.8;
	35	1	0.000613	0.0003065	0	0	1	1	0	4.16	1	1.2	0.8;
	36	1	1e-10	5e-11	0	0	1	1	0	4.16	1	1.2	0.8;
	37	1	0.002678	0.001339	0	0	1	1	0	4.16	1	1.2	0.8;
	38	1	0.000852	0.000426	0	0	1	1	0	4.16	1	1.2	0.8;
	39	1	0.000582	0.000291	0	0	1	1	0	4.16	1	1.2	0.8;
	40	1	0.00055	0.000275	0	0	1	1	0	4.16	1	1.2	0.8;
	41	1	0.000229	0.0001145	0	0	1	1	0	4.16	1	1.2	0.8;
	42	1	0.000521	0.0002605	0	0	1	1	0	4.16	1	1.2	0.8;
	43	1	0.00859	0.004295	0	0	1	1	0	4.16	1	1.2	0.8;
	44	1	0.000334	0.000167	0	0	1	1	0	4.16	1	1.2	0.8;
	45	1	0.000921	0.0004605	0	0	1	1	0	4.16	1	1.2	0.8;
	46	1	0.009966	0.004983	0	0	1	1	0	4.16	1	1.2	0.8;
	47	1	0.001638	0.000819	0	0	1	1	0	4.16	1	1.2	0.8;
	48	1	0.000549	0.0002745	0	0	1	1	0	4.16	1	1.2	0.8;
	49	1	0.000217	0.0001085	0	0	1	1	0	4.16	1	1.2	0.8;
	50	1	0.000412	0.000206	0	0	1	1	0	4.16	1	1.2	0.8;
	51	1	1e-10	5e-11	0	0	1	1	0	4.16	1	1.2	0.8;
	52	1	0.00019	9.5e-05	0	0	1	1	0	4.16	1	1.2	0.8;
	53	1	0.000691	0.0003455	0	0	1	1	0	4.16	1	1.2	0.8;
	54	1	0.000436	0.000218	0	0	1	1	0	4.16	1	1.2	0.8;
	55	1	0.000344	0.000172	0	0	1	1	0	4.16	1	1.2	0.8;
	56	1	0.00013	6.5e-05	0	0	1	1	0	4.16	1	1.2	0.8;
	57	1	0.000181	9.05e-05	0	0	1	1	0	4.16	1	1.2	0.8;
	58	1	8.5e-05	4.25e-05	0	0	1	1	0	4.16	1	1.2	0.8;
	59	1	0.00013	6.5e-05	0	0	1	1	0	4.16	1	1.2	0.8;
	60	1	0.000133	6.65e-05	0	0	1	1	0	4.16	1	1.2	0.8;
	61	1	0.000287	0.0001435	0	0	1	1	0	4.16	1	1.2	0.8;
	62	1	0.000988	0.000494	0	0	1	1	0	4.16	1	1.2	0.8;
	63	1	0.000565	0.0002825	0	0	1	1	0	4.16	1	1.2	0.8;
	64	1	0.000274	0.000137	0	0	1	1	0	4.16	1	1.2	0.8;
	65	1	0.000737	0.0003685	0	0	1	1	0	4.16	1	1.2	0.8;
	66	1	0.000793	0.0003965	0	0	1	1	0	4.16	1	1.2	0.8;
	67	1	0.000404	0.000202	0	0	1	1	0	4.16	1	1.2	0.8;
	68	1	0.000738	0.000369	0	0	1	1	0	4.16	1	1.2	0.8;
	69	1	1e-10	5e-11	0	0	1	1	0	4.16	1	1.2	0.8;
	70	1	0.001452	0.000726	0	0	1	1	0	4.16	1	1.2	0.8;
	71	1	0.00049	0.000245	0	0	1	1	0	4.16	1	1.2	0.8;
	72	1	0.000156	7.8e-05	0	0	1	1	0	4.16	1	1.2	0.8;
	73	1	4.3e-05	2.15e-05	0	0	1	1	0	4.16	1	1.2	0.8;
	74	1	0.000339	0.0001695	0	0	1	1	0	4.16	1	1.2	0.8;
	75	1	0.000393	0.0001965	0	0	1	1	0	4.16	1	1.2	0.8;
	76	1	0.000446	0.000223	0	0	1	1	0	4.16	1	1.2	0.8;
	77	1	0.000152	7.6e-05	0	0	1	1	0	4.16	1	1.2	0.8;
	78	1	0.00052	0.00026	0	0	1	1	0	4.16	1	1.2	0.8;
	79	1	0.000463	0.0002315	0	0	1	1	0	4.16	1	1.2	0.8;
	80	1	0.000659	0.0003295	0	0	1	1	0	4.16	1	1.2	0.8;
	81	1	0.000767	0.0003835	0	0	1	1	0	4.16	1	1.2	0.8;
	82	1	0.000244	0.000122	0	0	1	1	0	4.16	1	1.2	0.8;
	83	1	0.000327	0.0001635	0	0	1	1	0	4.16	1	1.2	0.8;
	84	1	0.000398	0.000199	0	0	1	1	0	4.16	1	1.2	0.8;
	85	1	0.013161	0.0065805	0	0	1	1	0	4.16	1	1.2	0.8;
	86	1	0.000439	0.0002195	0	0	1	1	0	4.16	1	1.2	0.8;
	87	1	0.000192	9.6e-05	0	0	1	1	0	4.16	1	1.2	0.8;
	88	1	0.000226	0.000113	0	0	1	1	0	4.16	1	1.2	0.8;
	89	1	0.000185	9.25e-05	0	0	1	1	0	4.16	1	1.2	0.8;
	90	1	0.000748	0.000374	0	0	1	1	0	4.16	1	1.2	0.8;
	91	1	0.00011	5.5e-05	0	0	1	1	0	4.16	1	1.2	0.8;
	92	1	0.000422	0.000211	0	0	1	1	0	4.16	1	1.2	0.8;
	93	1	0.000726	0.000363	0	0	1	1	0	4.16	1	1.2	0.8;
	94	1	0.000691	0.0003455	0	0	1	1	0	4.16	1	1.2	0.8;
	95	1	0.001167	0.0005835	0	0	1	1	0	4.16	1	1.2	0.8;
	96	1	0.001171	0.0005855	0	0	1	1	0	4.16	1	1.2	0.8;
	97	1	0.000234	0.000117	0	0	1	1	0	4.16	1	1.2	0.8;
	98	1	0.000778	0.000389	0	0	1	1	0	4.16	1	1.2	0.8;
	99	1	6.6e-05	3.3e-05	0	0	1	1	0	4.16	1	1.2	0.8;
	100	1	0.000396	0.000198	0	0	1	1	0	4.16	1	1.2	0.8;
	101	1	1e-10	5e-11	0	0	1	1	0	4.16	1	1.2	0.8;
	102	1	0.000211	0.0001055	0	0	1	1	0	4.16	1	1.2	0.8;
	103	1	0.000582	0.000291	0	0	1	1	0	4.16	1	1.2	0.8;
	104	1	0.000474	0.000237	0	0	1	1	0	4.16	1	1.2	0.8;
	105	1	0.000871	0.0004355	0	0	1	1	0	4.16	1	1.2	0.8;
	106	1	1e-10	5e-11	0	0	1	1	0	4.16	1	1.2	0.8;
	107	1	1e-10	5e-11	0	0	1	1	0	4.16	1	1.2	0.8;
	108	1	0.000294	0.000147	0	0	1	1	0	4.16	1	1.2	0.8;
	109	1	0.000237	0.0001185	0	0	1	1	0	4.16	1	1.2	0.8;
];

%% generator data
%	bus	Pg	Qg	Qmax	Qmin	Vg	mBase	status	Pmax	Pmin	Pc1	Pc2	Qc1min	Qc1max	Qc2min	Qc2max	ramp_agc	ramp_10	ramp_30	ramp_q	apf
mpc.gen = [
	1	17.068	0	200	-200	1	1	1	200	-200	0	0	0	0	0	0	10	0	0	0	0;
];

%% branch data
%	fbus	tbus	r	x	b	rateA	rateB	rateC	ratio	angle	status	angmin	angmax
