function mpc = case_ieee123_storage_414
%CASE_IEEE123_STORAGE_414

%% MATPOWER Case Format : Version 2
mpc.version = '2';

%%-----  Power Flow Data  -----%%
%% system MVA base
mpc.baseMVA = 1;

%% bus data
%	bus_i	type	Pd	Qd	Gs	Bs	area	Vm	Va	baseKV	zone	Vmax	Vmin
mpc.bus = [
	1	3	0.000214	0.000107	0	0	1	1	0	4.16	1	1.2	0.8;
	2	1	0.0012	0.0006	0	0	1	1	0	4.16	1	1.2	0.8;
	3	1	0.001614	0.000807	0	0	1	1	0	4.16	1	1.2	0.8;
	4	1	0.000356	0.000178	0	0	1	1	0	4.16	1	1.2	0.8;
	5	1	0.000416	0.000208	0	0	1	1	0	4.16	1	1.2	0.8;
	6	1	1e-10	5e-11	0	0	1	1	0	4.16	1	1.2	0.8;
	7	1	1e-10	5e-11	0	0	1	1	0	4.16	1	1.2	0.8;
	8	1	0.000161	8.05e-05	0	0	1	1	0	4.16	1	1.2	0.8;
	9	1	0.002727	0.0013635	0	0	1	1	0	4.16	1	1.2	0.8;
	10	1	0.000398	0.000199	0	0	1	1	0	4.16	1	1.2	0.8;
	11	1	1e-10	5e-11	0	0	1	1	0	4.16	1	1.2	0.8;
	12	1	0.000675	0.0003375	0	0	1	1	0	4.16	1	1.2	0.8;
	13	1	0.000324	0.000162	0	0	1	1	0	4.16	1	1.2	0.8;
	14	1	0.001045	0.0005225	0	0	1	1	0	4.16	1	1.2	0.8;
	15	1	0.000365	0.0001825	0	0	1	1	0	4.16	1	1.2	0.8;
	16	1	1e-10	5e-11	0	0	1	1	0	4.16	1	1.2	0.8;
	17	1	0.003411	0.0017055	0	0	1	1	0	4.16	1	1.2	0.8;
	18	1	0.000333	0.0001665	0	0	1	1	0	4.16	1	1.2	0.8;
	19	1	0.000452	0.000226	0	0	1	1	0	4.16	1	1.2	0.8;
	20	1	0.00022	0.00011	0	0	1	1	0	4.16	1	1.2	0.8;
	21	1	0.000178	8.9e-05	0	0	1	1	0	4.16	1	1.2	0.8;
	22	1	0.000221	0.0001105	0	0	1	1	0	4.16	1	1.2	0.8;
	23	1	0.000108	5.4e-05	0	0	1	1	0	4.16	1	1.2	0.8;
	24	1	0.000748	0.000374	0	0	1	1	0	4.16	1	1.2	0.8;
	25	1	0.000159	7.95e-05	0	0	1	1	0	4.16	1	1.2	0.8;
	26	1	0.0002	0.0001	0	0	1	1	0	4.16	1	1.2	0.8;
	27	1	0.000275	0.0001375	0	0	1	1	0	4.16	1	1.2	0.8;
	28	1	0.000286	0.000143	0	0	1	1	0	4.16	1	1.2	0.8;
	29	1	1e-10	5e-11	0	0	1	1	0	4.16	1	1.2	0.8;
	30	1	0.000318	0.000159	0	0	1	1	0	4.16	1	1.2	0.8;
	31	1	0.000247	0.0001235	0	0	1	1	0	4.16	1	1.2	0.8;
	32	1	0.000691	0.0003455	0	0	1	1	0	4.16	1	1.2	0.8;
	33	1	0.002229	0.0011145	0	0	1	1	0	4.16	1	1.2	0.8;
	34	1	0.000373	0.0001865	0	0	1	1	0	4.16	1	1.2	0.8;
	35	1	0.001103	0.0005515	0	0	1	1	0	4.16	1	1.2	0.8;
	36	1	1e-10	5e-11	0	0	1	1	0	4.16	1	1.2	0.8;
	37	1	0.00266	0.00133	0	0	1	1	0	4.16	1	1.2	0.8;
	38	1	0.000486	0.000243	0	0	1	1	0	4.16	1	1.2	0.8;
	39	1	0.002566	0.001283	0	0	1	1	0	4.16	1	1.2	0.8;
	40	1	0.000552	0.000276	0	0	1	1	0	4.16	1	1.2	0.8;
	41	1	0.00016	8e-05	0	0	1	1	0	4.16	1	1.2	0.8;
	42	1	0.000304	0.000152	0	0	1	1	0	4.16	1	1.2	0.8;
	43	1	0.000653	0.0003265	0	0	1	1	0	4.16	1	1.2	0.8;
	44	1	0.00049	0.000245	0	0	1	1	0	4.16	1	1.2	0.8;
	45	1	0.000634	0.000317	0	0	1	1	0	4.16	1	1.2	0.8;
	46	1	0.001723	0.0008615	0	0	1	1	0	4.16	1	1.2	0.8;
	47	1	0.001701	0.0008505	0	0	1	1	0	4.16	1	1.2	0.8;
	48	1	0.001196	0.000598	0	0	1	1	0	4.16	1	1.2	0.8;
	49	1	0.000321	0.0001605	0	0	1	1	0	4.16	1	1.2	0.8;
	50	1	0.000521	0.0002605	0	0	1	1	0	4.16	1	1.2	0.8;
	51	1	1e-10	5e-11	0	0	1	1	0	4.16	1	1.2	0.8;
	52	1	0.000209	0.0001045	0	0	1	1	0	4.16	1	1.2	0.8;
	53	1	0.000441	0.0002205	0	0	1	1	0	4.16	1	1.2	0.8;
	54	1	0.0005	0.00025	0	0	1	1	0	4.16	1	1.2	0.8;
	55	1	0.00149	0.000745	0	0	1	1	0	4.16	1	1.2	0.8;
	56	1	0.000129	6.45e-05	0	0	1	1	0	4.16	1	1.2	0.8;
	57	1	0.000289	0.0001445	0	0	1	1	0	4.16	1	1.2	0.8;
	58	1	0.000221	0.0001105	0	0	1	1	0	4.16	1	1.2	0.8;
	59	1	0.000258	0.000129	0	0	1	1	0	4.16	1	1.2	0.8;
	60	1	0.000532	0.000266	0	0	1	1	0	4.16	1	1.2	0.8;
	61	1	0.000386	0.000193	0	0	1	1	0	4.16	1	1.2	0.8;
	62	1	0.000901	0.0004505	0	0	1	1	0	4.16	1	1.2	0.8;
	63	1	0.000365	0.0001825	0	0	1	1	0	4.16	1	1.2	0.8;
	64	1	0.00037	0.000185	0	0	1	1	0	4.16	1	1.2	0.8;
	65	1	0.000723	0.0003615	0	0	1	1	0	4.16	1	1.2	0.8;
	66	1	0.000841	0.0004205	0	0	1	1	0	4.16	1	1.2	0.8;
	67	1	0.000286	0.000143	0	0	1	1	0	4.16	1	1.2	0.8;
	68	1	0.000535	0.0002675	0	0	1	1	0	4.16	1	1.2	0.8;
	69	1	1e-10	5e-11	0	0	1	1	0	4.16	1	1.2	0.8;
	70	1	0.000456	0.000228	0	0	1	1	0	4.16	1	1.2	0.8;
	71	1	0.001634	0.000817	0	0	1	1	0	4.16	1	1.2	0.8;
	72	1	0.000286	0.000143	0	0	1	1	0	4.16	1	1.2	0.8;
	73	1	4.3e-05	2.15e-05	0	0	1	1	0	4.16	1	1.2	0.8;
	74	1	0.000212	0.000106	0	0	1	1	0	4.16	1	1.2	0.8;
	75	1	0.000364	0.000182	0	0	1	1	0	4.16	1	1.2	0.8;
	76	1	0.000358	0.000179	0	0	1	1	0	4.16	1	1.2	0.8;
	77	1	0.000535	0.0002675	0	0	1	1	0	4.16	1	1.2	0.8;
	78	1	0.000597	0.0002985	0	0	1	1	0	4.16	1	1.2	0.8;
	79	1	0.000568	0.000284	0	0	1	1	0	4.16	1	1.2	0.8;
	80	1	0.000634	0.000317	0	0	1	1	0	4.16	1	1.2	0.8;
	81	1	0.00035	0.000175	0	0	1	1	0	4.16	1	1.2	0.8;
	82	1	0.000296	0.000148	0	0	1	1	0	4.16	1	1.2	0.8;
	83	1	0.000476	0.000238	0	0	1	1	0	4.16	1	1.2	0.8;
	84	1	0.000309	0.0001545	0	0	1	1	0	4.16	1	1.2	0.8;
	85	1	0.000329	0.0001645	0	0	1	1	0	4.16	1	1.2	0.8;
	86	1	0.000519	0.0002595	0	0	1	1	0	4.16	1	1.2	0.8;
	87	1	0.00019	9.5e-05	0	0	1	1	0	4.16	1	1.2	0.8;
	88	1	0.000223	0.0001115	0	0	1	1	0	4.16	1	1.2	0.8;
	89	1	0.00022	0.00011	0	0	1	1	0	4.16	1	1.2	0.8;
	90	1	0.000804	0.000402	0	0	1	1	0	4.16	1	1.2	0.8;
	91	1	0.000112	5.6e-05	0	0	1	1	0	4.16	1	1.2	0.8;
	92	1	0.000417	0.0002085	0	0	1	1	0	4.16	1	1.2	0.8;
	93	1	0.004144	0.002072	0	0	1	1	0	4.16	1	1.2	0.8;
	94	1	0.000509	0.0002545	0	0	1	1	0	4.16	1	1.2	0.8;
	95	1	0.001689	0.0008445	0	0	1	1	0	4.16	1	1.2	0.8;
	96	1	0.000288	0.000144	0	0	1	1	0	4.16	1	1.2	0.8;
	97	1	0.001122	0.000561	0	0	1	1	0	4.16	1	1.2	0.8;
	98	1	0.001158	0.000579	0	0	1	1	0	4.16	1	1.2	0.8;
	99	1	6.6e-05	3.3e-05	0	0	1	1	0	4.16	1	1.2	0.8;
	100	1	0.000464	0.000232	0	0	1	1	0	4.16	1	1.2	0.8;
	101	1	1e-10	5e-11	0	0	1	1	0	4.16	1	1.2	0.8;
	102	1	0.000647	0.0003235	0	0	1	1	0	4.16	1	1.2	0.8;
	103	1	0.000967	0.0004835	0	0	1	1	0	4.16	1	1.2	0.8;
	104	1	0.00037	0.000185	0	0	1	1	0	4.16	1	1.2	0.8;
	105	1	0.002924	0.001462	0	0	1	1	0	4.16	1	1.2	0.8;
	106	1	1e-10	5e-11	0	0	1	1	0	4.16	1	1.2	0.8;
	107	1	1e-10	5e-11	0	0	1	1	0	4.16	1	1.2	0.8;
	108	1	0.000296	0.000148	0	0	1	1	0	4.16	1	1.2	0.8;
	109	1	0.000303	0.0001515	0	0	1	1	0	4.16	1	1.2	0.8;
];

%% generator data
%	bus	Pg	Qg	Qmax	Qmin	Vg	mBase	status	Pmax	Pmin	Pc1	Pc2	Qc1min	Qc1max	Qc2min	Qc2max	ramp_agc	ramp_10	ramp_30	ramp_q	apf
mpc.gen = [
	1	17.068	0	200	-200	1	1	1	200	-200	0	0	0	0	0	0	10	0	0	0	0;
];

%% branch data
%	fbus	tbus	r	x	b	rateA	rateB	rateC	ratio	angle	status	angmin	angmax
