function mpc = case_ieee123_storage_752
%CASE_IEEE123_STORAGE_752

%% MATPOWER Case Format : Version 2
mpc.version = '2';

%%-----  Power Flow Data  -----%%
%% system MVA base
mpc.baseMVA = 1;

%% bus data
%	bus_i	type	Pd	Qd	Gs	Bs	area	Vm	Va	baseKV	zone	Vmax	Vmin
mpc.bus = [
	1	3	-0.001069	-0.0005345	0	0	1	1	0	4.16	1	1.2	0.8;
	2	1	0.001191	0.0005955	0	0	1	1	0	4.16	1	1.2	0.8;
	3	1	0.001001	0.0005005	0	0	1	1	0	4.16	1	1.2	0.8;
	4	1	0.000256	0.000128	0	0	1	1	0	4.16	1	1.2	0.8;
	5	1	-0.000399	-0.0001995	0	0	1	1	0	4.16	1	1.2	0.8;
	6	1	1e-10	5e-11	0	0	1	1	0	4.16	1	1.2	0.8;
	7	1	1e-10	5e-11	0	0	1	1	0	4.16	1	1.2	0.8;
	8	1	-0.00098	-0.00049	0	0	1	1	0	4.16	1	1.2	0.8;
	9	1	-0.000118	-5.9e-05	0	0	1	1	0	4.16	1	1.2	0.8;
	10	1	-0.000954	-0.000477	0	0	1	1	0	4.16	1	1.2	0.8;
	11	1	1e-10	5e-11	0	0	1	1	0	4.16	1	1.2	0.8;
	12	1	0.00026	0.00013	0	0	1	1	0	4.16	1	1.2	0.8;
	13	1	-0.000837	-0.0004185	0	0	1	1	0	4.16	1	1.2	0.8;
	14	1	0.000906	0.000453	0	0	1	1	0	4.16	1	1.2	0.8;
	15	1	-0.000584	-0.000292	0	0	1	1	0	4.16	1	1.2	0.8;
	16	1	1e-10	5e-11	0	0	1	1	0	4.16	1	1.2	0.8;
	17	1	-0.000882	-0.000441	0	0	1	1	0	4.16	1	1.2	0.8;
	18	1	-0.001093	-0.0005465	0	0	1	1	0	4.16	1	1.2	0.8;
	19	1	-0.000799	-0.0003995	0	0	1	1	0	4.16	1	1.2	0.8;
	20	1	-0.00091	-0.000455	0	0	1	1	0	4.16	1	1.2	0.8;
	21	1	-5.4e-05	-2.7e-05	0	0	1	1	0	4.16	1	1.2	0.8;
	22	1	0.000302	0.000151	0	0	1	1	0	4.16	1	1.2	0.8;
	23	1	-0.000202	-0.000101	0	0	1	1	0	4.16	1	1.2	0.8;
	24	1	-0.000583	-0.0002915	0	0	1	1	0	4.16	1	1.2	0.8;
	25	1	-0.000343	-0.0001715	0	0	1	1	0	4.16	1	1.2	0.8;
	26	1	0.000383	0.0001915	0	0	1	1	0	4.16	1	1.2	0.8;
	27	1	-0.00081	-0.000405	0	0	1	1	0	4.16	1	1.2	0.8;
	28	1	-0.000254	-0.000127	0	0	1	1	0	4.16	1	1.2	0.8;
	29	1	1e-10	5e-11	0	0	1	1	0	4.16	1	1.2	0.8;
	30	1	-0.000487	-0.0002435	0	0	1	1	0	4.16	1	1.2	0.8;
	31	1	0.000244	0.000122	0	0	1	1	0	4.16	1	1.2	0.8;
	32	1	0.000698	0.000349	0	0	1	1	0	4.16	1	1.2	0.8;
	33	1	-1.1e-05	-5.5e-06	0	0	1	1	0	4.16	1	1.2	0.8;
	34	1	-0.000223	-0.0001115	0	0	1	1	0	4.16	1	1.2	0.8;
	35	1	-0.00013	-6.5e-05	0	0	1	1	0	4.16	1	1.2	0.8;
	36	1	1e-10	5e-11	0	0	1	1	0	4.16	1	1.2	0.8;
	37	1	0.001798	0.000899	0	0	1	1	0	4.16	1	1.2	0.8;
	38	1	0.004247	0.0021235	0	0	1	1	0	4.16	1	1.2	0.8;
	39	1	0.000578	0.000289	0	0	1	1	0	4.16	1	1.2	0.8;
	40	1	-0.000559	-0.0002795	0	0	1	1	0	4.16	1	1.2	0.8;
	41	1	-0.001063	-0.0005315	0	0	1	1	0	4.16	1	1.2	0.8;
	42	1	-0.000683	-0.0003415	0	0	1	1	0	4.16	1	1.2	0.8;
	43	1	-0.000331	-0.0001655	0	0	1	1	0	4.16	1	1.2	0.8;
	44	1	0.001783	0.0008915	0	0	1	1	0	4.16	1	1.2	0.8;
	45	1	0.008369	0.0041845	0	0	1	1	0	4.16	1	1.2	0.8;
	46	1	0.000465	0.0002325	0	0	1	1	0	4.16	1	1.2	0.8;
	47	1	0.000124	6.2e-05	0	0	1	1	0	4.16	1	1.2	0.8;
	48	1	-0.000193	-9.65e-05	0	0	1	1	0	4.16	1	1.2	0.8;
	49	1	-0.000624	-0.000312	0	0	1	1	0	4.16	1	1.2	0.8;
	50	1	-0.000326	-0.000163	0	0	1	1	0	4.16	1	1.2	0.8;
	51	1	1e-10	5e-11	0	0	1	1	0	4.16	1	1.2	0.8;
	52	1	-0.00125	-0.000625	0	0	1	1	0	4.16	1	1.2	0.8;
	53	1	0.003013	0.0015065	0	0	1	1	0	4.16	1	1.2	0.8;
	54	1	-0.000679	-0.0003395	0	0	1	1	0	4.16	1	1.2	0.8;
	55	1	-0.000377	-0.0001885	0	0	1	1	0	4.16	1	1.2	0.8;
	56	1	-0.000704	-0.000352	0	0	1	1	0	4.16	1	1.2	0.8;
	57	1	-0.000454	-0.000227	0	0	1	1	0	4.16	1	1.2	0.8;
	58	1	-0.000821	-0.0004105	0	0	1	1	0	4.16	1	1.2	0.8;
	59	1	-0.000998	-0.000499	0	0	1	1	0	4.16	1	1.2	0.8;
	60	1	0.000247	0.0001235	0	0	1	1	0	4.16	1	1.2	0.8;
	61	1	-0.001039	-0.0005195	0	0	1	1	0	4.16	1	1.2	0.8;
	62	1	-0.000574	-0.000287	0	0	1	1	0	4.16	1	1.2	0.8;
	63	1	-0.000969	-0.0004845	0	0	1	1	0	4.16	1	1.2	0.8;
	64	1	0.000626	0.000313	0	0	1	1	0	4.16	1	1.2	0.8;
	65	1	-0.000146	-7.3e-05	0	0	1	1	0	4.16	1	1.2	0.8;
	66	1	-8.2e-05	-4.1e-05	0	0	1	1	0	4.16	1	1.2	0.8;
	67	1	-0.000233	-0.0001165	0	0	1	1	0	4.16	1	1.2	0.8;
	68	1	-6.8e-05	-3.4e-05	0	0	1	1	0	4.16	1	1.2	0.8;
	69	1	1e-10	5e-11	0	0	1	1	0	4.16	1	1.2	0.8;
	70	1	-1.2e-05	-6e-06	0	0	1	1	0	4.16	1	1.2	0.8;
	71	1	-0.00059	-0.000295	0	0	1	1	0	4.16	1	1.2	0.8;
	72	1	-0.000723	-0.0003615	0	0	1	1	0	4.16	1	1.2	0.8;
	73	1	0.00015	7.5e-05	0	0	1	1	0	4.16	1	1.2	0.8;
	74	1	-0.000958	-0.000479	0	0	1	1	0	4.16	1	1.2	0.8;
	75	1	-0.000838	-0.000419	0	0	1	1	0	4.16	1	1.2	0.8;
	76	1	0.00036	0.00018	0	0	1	1	0	4.16	1	1.2	0.8;
	77	1	8.4e-05	4.2e-05	0	0	1	1	0	4.16	1	1.2	0.8;
	78	1	0.000772	0.000386	0	0	1	1	0	4.16	1	1.2	0.8;
	79	1	0.003772	0.001886	0	0	1	1	0	4.16	1	1.2	0.8;
	80	1	-2.8e-05	-1.4e-05	0	0	1	1	0	4.16	1	1.2	0.8;
	81	1	-0.000778	-0.000389	0	0	1	1	0	4.16	1	1.2	0.8;
	82	1	-0.000175	-8.75e-05	0	0	1	1	0	4.16	1	1.2	0.8;
	83	1	-0.000301	-0.0001505	0	0	1	1	0	4.16	1	1.2	0.8;
	84	1	0.000661	0.0003305	0	0	1	1	0	4.16	1	1.2	0.8;
	85	1	-0.000176	-8.8e-05	0	0	1	1	0	4.16	1	1.2	0.8;
	86	1	-0.000308	-0.000154	0	0	1	1	0	4.16	1	1.2	0.8;
	87	1	-0.001006	-0.000503	0	0	1	1	0	4.16	1	1.2	0.8;
	88	1	-0.000836	-0.000418	0	0	1	1	0	4.16	1	1.2	0.8;
	89	1	-0.000136	-6.8e-05	0	0	1	1	0	4.16	1	1.2	0.8;
	90	1	6.7e-05	3.35e-05	0	0	1	1	0	4.16	1	1.2	0.8;
	91	1	0.00027	0.000135	0	0	1	1	0	4.16	1	1.2	0.8;
	92	1	0.000405	0.0002025	0	0	1	1	0	4.16	1	1.2	0.8;
	93	1	0.001288	0.000644	0	0	1	1	0	4.16	1	1.2	0.8;
	94	1	0.006904	0.003452	0	0	1	1	0	4.16	1	1.2	0.8;
	95	1	0.000776	0.000388	0	0	1	1	0	4.16	1	1.2	0.8;
	96	1	0.000345	0.0001725	0	0	1	1	0	4.16	1	1.2	0.8;
	97	1	0.001762	0.000881	0	0	1	1	0	4.16	1	1.2	0.8;
	98	1	3.1e-05	1.55e-05	0	0	1	1	0	4.16	1	1.2	0.8;
	99	1	0.000257	0.0001285	0	0	1	1	0	4.16	1	1.2	0.8;
	100	1	0.000604	0.000302	0	0	1	1	0	4.16	1	1.2	0.8;
	101	1	0.000134	6.7e-05	0	0	1	1	0	4.16	1	1.2	0.8;
	102	1	0.000224	0.000112	0	0	1	1	0	4.16	1	1.2	0.8;
	103	1	0.000613	0.0003065	0	0	1	1	0	4.16	1	1.2	0.8;
	104	1	-0.000244	-0.000122	0	0	1	1	0	4.16	1	1.2	0.8;
	105	1	0.004187	0.0020935	0	0	1	1	0	4.16	1	1.2	0.8;
	106	1	1e-10	5e-11	0	0	1	1	0	4.16	1	1.2	0.8;
	107	1	1e-10	5e-11	0	0	1	1	0	4.16	1	1.2	0.8;
	108	1	0.000445	0.0002225	0	0	1	1	0	4.16	1	1.2	0.8;
	109	1	-0.000881	-0.0004405	0	0	1	1	0	4.16	1	1.2	0.8;
];

%% generator data
%	bus	Pg	Qg	Qmax	Qmin	Vg	mBase	status	Pmax	Pmin	Pc1	Pc2	Qc1min	Qc1max	Qc2min	Qc2max	ramp_agc	ramp_10	ramp_30	ramp_q	apf
mpc.gen = [
	1	17.068	0	200	-200	1	1	1	200	-200	0	0	0	0	0	0	10	0	0	0	0;
];

%% branch data
%	fbus	tbus	r	x	b	rateA	rateB	rateC	ratio	angle	status	angmin	angmax
