function mpc = case_ieee123_storage_115
%CASE_IEEE123_STORAGE_115

%% MATPOWER Case Format : Version 2
mpc.version = '2';

%%-----  Power Flow Data  -----%%
%% system MVA base
mpc.baseMVA = 1;

%% bus data
%	bus_i	type	Pd	Qd	Gs	Bs	area	Vm	Va	baseKV	zone	Vmax	Vmin
mpc.bus = [
	1	3	0.000339	0.0001695	0	0	1	1	0	4.16	1	1.2	0.8;
	2	1	0.00123	0.000615	0	0	1	1	0	4.16	1	1.2	0.8;
	3	1	0.001274	0.000637	0	0	1	1	0	4.16	1	1.2	0.8;
	4	1	0.000162	8.1e-05	0	0	1	1	0	4.16	1	1.2	0.8;
	5	1	0.000333	0.0001665	0	0	1	1	0	4.16	1	1.2	0.8;
	6	1	1e-10	5e-11	0	0	1	1	0	4.16	1	1.2	0.8;
	7	1	1e-10	5e-11	0	0	1	1	0	4.16	1	1.2	0.8;
	8	1	0.000217	0.0001085	0	0	1	1	0	4.16	1	1.2	0.8;
	9	1	0.002806	0.001403	0	0	1	1	0	4.16	1	1.2	0.8;
	10	1	0.000194	9.7e-05	0	0	1	1	0	4.16	1	1.2	0.8;
	11	1	1e-10	5e-11	0	0	1	1	0	4.16	1	1.2	0.8;
	12	1	0.000812	0.000406	0	0	1	1	0	4.16	1	1.2	0.8;
	13	1	0.000325	0.0001625	0	0	1	1	0	4.16	1	1.2	0.8;
	14	1	0.001149	0.0005745	0	0	1	1	0	4.16	1	1.2	0.8;
	15	1	0.000161	8.05e-05	0	0	1	1	0	4.16	1	1.2	0.8;
	16	1	1e-10	5e-11	0	0	1	1	0	4.16	1	1.2	0.8;
	17	1	0.000123	6.15e-05	0	0	1	1	0	4.16	1	1.2	0.8;
	18	1	0.000268	0.000134	0	0	1	1	0	4.16	1	1.2	0.8;
	19	1	0.000641	0.0003205	0	0	1	1	0	4.16	1	1.2	0.8;
	20	1	0.000124	6.2e-05	0	0	1	1	0	4.16	1	1.2	0.8;
	21	1	0.000252	0.000126	0	0	1	1	0	4.16	1	1.2	0.8;
	22	1	0.000214	0.000107	0	0	1	1	0	4.16	1	1.2	0.8;
	23	1	0.00021	0.000105	0	0	1	1	0	4.16	1	1.2	0.8;
	24	1	0.00038	0.00019	0	0	1	1	0	4.16	1	1.2	0.8;
	25	1	0.000308	0.000154	0	0	1	1	0	4.16	1	1.2	0.8;
	26	1	0.000321	0.0001605	0	0	1	1	0	4.16	1	1.2	0.8;
	27	1	0.000103	5.15e-05	0	0	1	1	0	4.16	1	1.2	0.8;
	28	1	0.000453	0.0002265	0	0	1	1	0	4.16	1	1.2	0.8;
	29	1	1e-10	5e-11	0	0	1	1	0	4.16	1	1.2	0.8;
	30	1	0.000257	0.0001285	0	0	1	1	0	4.16	1	1.2	0.8;
	31	1	0.000131	6.55e-05	0	0	1	1	0	4.16	1	1.2	0.8;
	32	1	0.00094	0.00047	0	0	1	1	0	4.16	1	1.2	0.8;
	33	1	0.001505	0.0007525	0	0	1	1	0	4.16	1	1.2	0.8;
	34	1	0.001867	0.0009335	0	0	1	1	0	4.16	1	1.2	0.8;
	35	1	0.000606	0.000303	0	0	1	1	0	4.16	1	1.2	0.8;
	36	1	1e-10	5e-11	0	0	1	1	0	4.16	1	1.2	0.8;
	37	1	0.002677	0.0013385	0	0	1	1	0	4.16	1	1.2	0.8;
	38	1	0.000402	0.000201	0	0	1	1	0	4.16	1	1.2	0.8;
	39	1	0.00069	0.000345	0	0	1	1	0	4.16	1	1.2	0.8;
	40	1	0.000466	0.000233	0	0	1	1	0	4.16	1	1.2	0.8;
	41	1	0.000226	0.000113	0	0	1	1	0	4.16	1	1.2	0.8;
	42	1	0.000505	0.0002525	0	0	1	1	0	4.16	1	1.2	0.8;
	43	1	0.008755	0.0043775	0	0	1	1	0	4.16	1	1.2	0.8;
	44	1	0.001503	0.0007515	0	0	1	1	0	4.16	1	1.2	0.8;
	45	1	0.001254	0.000627	0	0	1	1	0	4.16	1	1.2	0.8;
	46	1	0.001473	0.0007365	0	0	1	1	0	4.16	1	1.2	0.8;
	47	1	0.001672	0.000836	0	0	1	1	0	4.16	1	1.2	0.8;
	48	1	0.000747	0.0003735	0	0	1	1	0	4.16	1	1.2	0.8;
	49	1	0.000321	0.0001605	0	0	1	1	0	4.16	1	1.2	0.8;
	50	1	0.000533	0.0002665	0	0	1	1	0	4.16	1	1.2	0.8;
	51	1	1e-10	5e-11	0	0	1	1	0	4.16	1	1.2	0.8;
	52	1	0.000354	0.000177	0	0	1	1	0	4.16	1	1.2	0.8;
	53	1	0.000632	0.000316	0	0	1	1	0	4.16	1	1.2	0.8;
	54	1	0.000494	0.000247	0	0	1	1	0	4.16	1	1.2	0.8;
	55	1	0.000327	0.0001635	0	0	1	1	0	4.16	1	1.2	0.8;
	56	1	0.000243	0.0001215	0	0	1	1	0	4.16	1	1.2	0.8;
	57	1	5.4e-05	2.7e-05	0	0	1	1	0	4.16	1	1.2	0.8;
	58	1	8.5e-05	4.25e-05	0	0	1	1	0	4.16	1	1.2	0.8;
	59	1	0.000258	0.000129	0	0	1	1	0	4.16	1	1.2	0.8;
	60	1	0.000132	6.6e-05	0	0	1	1	0	4.16	1	1.2	0.8;
	61	1	0.000378	0.000189	0	0	1	1	0	4.16	1	1.2	0.8;
	62	1	0.000539	0.0002695	0	0	1	1	0	4.16	1	1.2	0.8;
	63	1	0.000515	0.0002575	0	0	1	1	0	4.16	1	1.2	0.8;
	64	1	0.000382	0.000191	0	0	1	1	0	4.16	1	1.2	0.8;
	65	1	0.000647	0.0003235	0	0	1	1	0	4.16	1	1.2	0.8;
	66	1	0.000662	0.000331	0	0	1	1	0	4.16	1	1.2	0.8;
	67	1	0.000423	0.0002115	0	0	1	1	0	4.16	1	1.2	0.8;
	68	1	0.018253	0.0091265	0	0	1	1	0	4.16	1	1.2	0.8;
	69	1	1e-10	5e-11	0	0	1	1	0	4.16	1	1.2	0.8;
	70	1	0.00154	0.00077	0	0	1	1	0	4.16	1	1.2	0.8;
	71	1	0.000701	0.0003505	0	0	1	1	0	4.16	1	1.2	0.8;
	72	1	0.000287	0.0001435	0	0	1	1	0	4.16	1	1.2	0.8;
	73	1	0.000151	7.55e-05	0	0	1	1	0	4.16	1	1.2	0.8;
	74	1	0.000214	0.000107	0	0	1	1	0	4.16	1	1.2	0.8;
	75	1	0.0003	0.00015	0	0	1	1	0	4.16	1	1.2	0.8;
	76	1	0.000376	0.000188	0	0	1	1	0	4.16	1	1.2	0.8;
	77	1	0.000586	0.000293	0	0	1	1	0	4.16	1	1.2	0.8;
	78	1	0.000722	0.000361	0	0	1	1	0	4.16	1	1.2	0.8;
	79	1	0.000748	0.000374	0	0	1	1	0	4.16	1	1.2	0.8;
	80	1	0.001091	0.0005455	0	0	1	1	0	4.16	1	1.2	0.8;
	81	1	0.000322	0.000161	0	0	1	1	0	4.16	1	1.2	0.8;
	82	1	0.000339	0.0001695	0	0	1	1	0	4.16	1	1.2	0.8;
	83	1	0.000232	0.000116	0	0	1	1	0	4.16	1	1.2	0.8;
	84	1	0.000395	0.0001975	0	0	1	1	0	4.16	1	1.2	0.8;
	85	1	0.013226	0.006613	0	0	1	1	0	4.16	1	1.2	0.8;
	86	1	0.000317	0.0001585	0	0	1	1	0	4.16	1	1.2	0.8;
	87	1	0.000329	0.0001645	0	0	1	1	0	4.16	1	1.2	0.8;
	88	1	0.00035	0.000175	0	0	1	1	0	4.16	1	1.2	0.8;
	89	1	0.003248	0.001624	0	0	1	1	0	4.16	1	1.2	0.8;
	90	1	0.000744	0.000372	0	0	1	1	0	4.16	1	1.2	0.8;
	91	1	0.000168	8.4e-05	0	0	1	1	0	4.16	1	1.2	0.8;
	92	1	0.000521	0.0002605	0	0	1	1	0	4.16	1	1.2	0.8;
	93	1	0.000596	0.000298	0	0	1	1	0	4.16	1	1.2	0.8;
	94	1	0.000394	0.000197	0	0	1	1	0	4.16	1	1.2	0.8;
	95	1	0.00127	0.000635	0	0	1	1	0	4.16	1	1.2	0.8;
	96	1	0.000165	8.25e-05	0	0	1	1	0	4.16	1	1.2	0.8;
	97	1	0.000169	8.45e-05	0	0	1	1	0	4.16	1	1.2	0.8;
	98	1	0.000733	0.0003665	0	0	1	1	0	4.16	1	1.2	0.8;
	99	1	6.6e-05	3.3e-05	0	0	1	1	0	4.16	1	1.2	0.8;
	100	1	0.000405	0.0002025	0	0	1	1	0	4.16	1	1.2	0.8;
	101	1	1e-10	5e-11	0	0	1	1	0	4.16	1	1.2	0.8;
	102	1	0.000212	0.000106	0	0	1	1	0	4.16	1	1.2	0.8;
	103	1	0.000663	0.0003315	0	0	1	1	0	4.16	1	1.2	0.8;
	104	1	0.000469	0.0002345	0	0	1	1	0	4.16	1	1.2	0.8;
	105	1	0.000967	0.0004835	0	0	1	1	0	4.16	1	1.2	0.8;
	106	1	1e-10	5e-11	0	0	1	1	0	4.16	1	1.2	0.8;
	107	1	1e-10	5e-11	0	0	1	1	0	4.16	1	1.2	0.8;
	108	1	0.000194	9.7e-05	0	0	1	1	0	4.16	1	1.2	0.8;
	109	1	0.000597	0.0002985	0	0	1	1	0	4.16	1	1.2	0.8;
];

%% generator data
%	bus	Pg	Qg	Qmax	Qmin	Vg	mBase	status	Pmax	Pmin	Pc1	Pc2	Qc1min	Qc1max	Qc2min	Qc2max	ramp_agc	ramp_10	ramp_30	ramp_q	apf
mpc.gen = [
	1	17.068	0	200	-200	1	1	1	200	-200	0	0	0	0	0	0	10	0	0	0	0;
];

%% branch data
%	fbus	tbus	r	x	b	rateA	rateB	rateC	ratio	angle	status	angmin	angmax
