function mpc = case_ieee123_storage_1
%CASE_IEEE123_STORAGE_1

%% MATPOWER Case Format : Version 2
mpc.version = '2';

%%-----  Power Flow Data  -----%%
%% system MVA base
mpc.baseMVA = 1;

%% bus data
%	bus_i	type	Pd	Qd	Gs	Bs	area	Vm	Va	baseKV	zone	Vmax	Vmin
mpc.bus = [
	1	1	0.584	0.292	0	0	1	1	0	4.16	1	1.2	0.8;
	2	1	2.288	1.144	0	0	1	1	0	4.16	1	1.2	0.8;
	3	1	0.901	0.4505	0	0	1	1	0	4.16	1	1.2	0.8;
	4	1	0.505	0.2525	0	0	1	1	0	4.16	1	1.2	0.8;
	5	1	0.561	0.2805	0	0	1	1	0	4.16	1	1.2	0.8;
	6	1	6.263	3.1315	0	0	1	1	0	4.16	1	1.2	0.8;
	7	1	1.398	0.699	0	0	1	1	0	4.16	1	1.2	0.8;
	8	1	0.684	0.342	0	0	1	1	0	4.16	1	1.2	0.8;
	9	1	0.836	0.418	0	0	1	1	0	4.16	1	1.2	0.8;
	10	1	1.516	0.758	0	0	1	1	0	4.16	1	1.2	0.8;
	11	1	0.085	0.0425	0	0	1	1	0	4.16	1	1.2	0.8;
	12	1	0.288	0.144	0	0	1	1	0	4.16	1	1.2	0.8;
	13	1	1.159	0.5795	0	0	1	1	0	4.16	1	1.2	0.8;
];

%% generator data
%	bus	Pg	Qg	Qmax	Qmin	Vg	mBase	status	Pmax	Pmin	Pc1	Pc2	Qc1min	Qc1max	Qc2min	Qc2max	ramp_agc	ramp_10	ramp_30	ramp_q	apf
mpc.gen = [
	1	3	3	200	-200	1	1	1	200	-200	0	0	0	0	0	0	1	0	0	0	0;
];

%% branch data
%	fbus	tbus	r	x	b	rateA	rateB	rateC	ratio	angle	status	angmin	angmax
mpc.branch = [
	56	1	0.0013398623	0.0027450827	3.02770272e-08	100	100	100	0	0	1	-360	360;
	1	2	0.0010048967	0.002058812	2.27077704e-08	100	100	100	0	0	1	-360	360;
	2	3	0.0006699312	0.0013725413	1.51385136e-08	100	100	100	0	0	1	-360	360;
	3	4	0.0010048967	0.002058812	2.27077704e-08	100	100	100	0	0	1	-360	360;
	4	5	0.0013398623	0.0027450827	3.02770272e-08	100	100	100	0	0	1	-360	360;
	5	6	0.0006699312	0.0013725413	1.51385136e-08	100	100	100	0	0	1	-360	360;
	6	7	0.000418707	0.0008578383	9.46157099e-09	100	100	100	0	0	1	-360	360;
	7	8	0.0009211553	0.0018872444	2.08154562e-08	100	100	100	0	0	1	-360	360;
	8	9	0.0009211553	0.0018872444	2.08154562e-08	100	100	100	0	0	1	-360	360;
	7	10	0.0011723795	0.0024019474	2.64923988e-08	100	100	100	0	0	1	-360	360;
	10	11	0.0025122418	0.00514703	5.67694259e-08	100	100	100	0	0	1	-360	360;
	11	12	0.0027749546	0.0013221274	1.83926822e-07	100	100	100	0	0	1	-360	360;
	12	13	0.0019424682	0.0009254892	1.28748776e-07	100	100	100	0	0	1	-360	360;
	13	14	0.0038849364	0.0018509784	2.57497551e-07	100	100	100	0	0	1	-360	360;
	14	15	0.0047174228	0.0022476166	3.12675598e-07	100	100	100	0	0	1	-360	360;
	15	16	0.0036074409	0.0017187657	2.39104869e-07	100	100	100	0	0	1	-360	360;
	11	17	0.0011723795	0.0024019474	2.64923988e-08	100	100	100	0	0	1	-360	360;
	17	18	0.0009211553	0.0018872444	2.08154562e-08	100	100	100	0	0	1	-360	360;
	18	19	0.0006699312	0.0013725413	1.51385136e-08	100	100	100	0	0	1	-360	360;
	19	20	0.0013398623	0.0027450827	3.02770272e-08	100	100	100	0	0	1	-360	360;
	20	21	0.0003349656	0.0006862707	7.56925679e-09	100	100	100	0	0	1	-360	360;
	21	22	0.0007536726	0.001544109	1.7e-08	100	100	100	0	0	1	-360	360;
	21	23	0.0015910865	0.0032597857	3.6e-08	100	100	100	0	0	1	-360	360;
	23	24	0.0015910865	0.0032597857	3.6e-08	100	100	100	0	0	1	-360	360;
	24	25	0.0008374139	0.0017156767	1.8923142e-08	100	100	100	0	0	1	-360	360;
	25	26	0.0008374139	0.0017156767	1.8923142e-08	100	100	100	0	0	1	-360	360;
	19	27	0.002344759	0.0048038947	5.3e-08	100	100	100	0	0	1	-360	360;
	27	28	0.0015073451	0.003088218	3.40616556e-08	100	100	100	0	0	1	-360	360;
	28	29	0.0009211553	0.0018872444	2.08154562e-08	100	100	100	0	0	1	-360	360;
	29	30	0.0007536726	0.001544109	1.7e-08	100	100	100	0	0	1	-360	360;
	30	31	0.0007536726	0.001544109	1.7e-08	100	100	100	0	0	1	-360	360;
	31	32	0.0010048967	0.002058812	2.27077704e-08	100	100	100	0	0	1	-360	360;
	17	33	0.0008374139	0.0017156767	1.8923142e-08	100	100	100	0	0	1	-360	360;
	33	34	0.0009211553	0.0018872444	2.08154562e-08	100	100	100	0	0	1	-360	360;
	34	35	0.0018423107	0.0037744887	4.16309123e-08	100	100	100	0	0	1	-360	360;
	35	36	0.0010048967	0.002058812	2.27077704e-08	100	100	100	0	0	1	-360	360;
	33	37	0.0008374139	0.0017156767	1.8923142e-08	100	100	100	0	0	1	-360	360;
	37	38	0.0009211553	0.0018872444	2.08154562e-08	100	100	100	0	0	1	-360	360;
	38	39	0.0010886381	0.0022303797	2.46000846e-08	100	100	100	0	0	1	-360	360;
	4	40	0.002763466	0.0056617331	6.24463685e-08	100	100	100	0	0	1	-360	360;
	40	41	0.0010048967	0.002058812	2.27077704e-08	100	100	100	0	0	1	-360	360;
	41	42	0.0008374139	0.0017156767	1.8923142e-08	100	100	100	0	0	1	-360	360;
	42	43	0.0009211553	0.0018872444	2.08154562e-08	100	100	100	0	0	1	-360	360;
	43	44	0.0006699312	0.0013725413	1.51385136e-08	100	100	100	0	0	1	-360	360;
	44	45	0.0010048967	0.002058812	2.27077704e-08	100	100	100	0	0	1	-360	360;
	45	46	0.0011723795	0.0024019474	2.64923988e-08	100	100	100	0	0	1	-360	360;
	40	47	0.0012561209	0.002573515	2.8384713e-08	100	100	100	0	0	1	-360	360;
	47	48	0.0008374139	0.0017156767	1.8923142e-08	100	100	100	0	0	1	-360	360;
	48	49	0.0008374139	0.0017156767	1.8923142e-08	100	100	100	0	0	1	-360	360;
	49	50	0.0006699312	0.0013725413	1.51385136e-08	100	100	100	0	0	1	-360	360;
	50	51	0.0008374139	0.0017156767	1.8923142e-08	100	100	100	0	0	1	-360	360;
	51	52	0.0005024484	0.001029406	1.13538852e-08	100	100	100	0	0	1	-360	360;
	51	53	0.0008374139	0.0017156767	1.8923142e-08	100	100	100	0	0	1	-360	360;
	53	54	0.0008374139	0.0017156767	1.8923142e-08	100	100	100	0	0	1	-360	360;
	54	55	0.0008374139	0.0017156767	1.8923142e-08	100	100	100	0	0	1	-360	360;
];

%%-----  OPF Data  -----%%
%% generator cost data
%	1	startup	shutdown	n	x1	y1	...	xn	yn
%	2	startup	shutdown	n	c(n-1)	...	c0
mpc.gencost = [
	2	0	0	3	0.01	40	0;
];
     %% storage data
 % hours;
mpc.time_elapsed = 0.0167
%   storage_bus  energy  energy_rating charge_rating  discharge_rating  charge_efficiency  discharge_efficiency  thermal_rating  qmin  qmax  r  x  standby_loss  status
mpc.storage = [
	 5            0.005     0.01          0.1             0.1                 0.9                0.9                   100.0        -50.0 70.0  0.1 0.0	0.05         1;
];
