function mpc = case_ieee123_storage_675
%CASE_IEEE123_STORAGE_675

%% MATPOWER Case Format : Version 2
mpc.version = '2';

%%-----  Power Flow Data  -----%%
%% system MVA base
mpc.baseMVA = 1;

%% bus data
%	bus_i	type	Pd	Qd	Gs	Bs	area	Vm	Va	baseKV	zone	Vmax	Vmin
mpc.bus = [
	1	3	-0.000747	-0.0003735	0	0	1	1	0	4.16	1	1.2	0.8;
	2	1	0.004749	0.0023745	0	0	1	1	0	4.16	1	1.2	0.8;
	3	1	0.001137	0.0005685	0	0	1	1	0	4.16	1	1.2	0.8;
	4	1	0.00487	0.002435	0	0	1	1	0	4.16	1	1.2	0.8;
	5	1	-0.000322	-0.000161	0	0	1	1	0	4.16	1	1.2	0.8;
	6	1	1e-10	5e-11	0	0	1	1	0	4.16	1	1.2	0.8;
	7	1	1e-10	5e-11	0	0	1	1	0	4.16	1	1.2	0.8;
	8	1	-0.000923	-0.0004615	0	0	1	1	0	4.16	1	1.2	0.8;
	9	1	-0.001333	-0.0006665	0	0	1	1	0	4.16	1	1.2	0.8;
	10	1	-0.000923	-0.0004615	0	0	1	1	0	4.16	1	1.2	0.8;
	11	1	1e-10	5e-11	0	0	1	1	0	4.16	1	1.2	0.8;
	12	1	0.001055	0.0005275	0	0	1	1	0	4.16	1	1.2	0.8;
	13	1	-0.000851	-0.0004255	0	0	1	1	0	4.16	1	1.2	0.8;
	14	1	0.000874	0.000437	0	0	1	1	0	4.16	1	1.2	0.8;
	15	1	-0.000721	-0.0003605	0	0	1	1	0	4.16	1	1.2	0.8;
	16	1	1e-10	5e-11	0	0	1	1	0	4.16	1	1.2	0.8;
	17	1	-0.000589	-0.0002945	0	0	1	1	0	4.16	1	1.2	0.8;
	18	1	-0.000563	-0.0002815	0	0	1	1	0	4.16	1	1.2	0.8;
	19	1	-0.000821	-0.0004105	0	0	1	1	0	4.16	1	1.2	0.8;
	20	1	-0.000941	-0.0004705	0	0	1	1	0	4.16	1	1.2	0.8;
	21	1	-0.000134	-6.7e-05	0	0	1	1	0	4.16	1	1.2	0.8;
	22	1	0.000345	0.0001725	0	0	1	1	0	4.16	1	1.2	0.8;
	23	1	-0.000528	-0.000264	0	0	1	1	0	4.16	1	1.2	0.8;
	24	1	0.00506	0.00253	0	0	1	1	0	4.16	1	1.2	0.8;
	25	1	0.000155	7.75e-05	0	0	1	1	0	4.16	1	1.2	0.8;
	26	1	0.000237	0.0001185	0	0	1	1	0	4.16	1	1.2	0.8;
	27	1	-0.000698	-0.000349	0	0	1	1	0	4.16	1	1.2	0.8;
	28	1	-0.000641	-0.0003205	0	0	1	1	0	4.16	1	1.2	0.8;
	29	1	1e-10	5e-11	0	0	1	1	0	4.16	1	1.2	0.8;
	30	1	-0.000447	-0.0002235	0	0	1	1	0	4.16	1	1.2	0.8;
	31	1	0.000131	6.55e-05	0	0	1	1	0	4.16	1	1.2	0.8;
	32	1	0.000163	8.15e-05	0	0	1	1	0	4.16	1	1.2	0.8;
	33	1	0.000145	7.25e-05	0	0	1	1	0	4.16	1	1.2	0.8;
	34	1	0.000253	0.0001265	0	0	1	1	0	4.16	1	1.2	0.8;
	35	1	-0.000108	-5.4e-05	0	0	1	1	0	4.16	1	1.2	0.8;
	36	1	1e-10	5e-11	0	0	1	1	0	4.16	1	1.2	0.8;
	37	1	0.000567	0.0002835	0	0	1	1	0	4.16	1	1.2	0.8;
	38	1	0.000556	0.000278	0	0	1	1	0	4.16	1	1.2	0.8;
	39	1	0.00708	0.00354	0	0	1	1	0	4.16	1	1.2	0.8;
	40	1	-0.000373	-0.0001865	0	0	1	1	0	4.16	1	1.2	0.8;
	41	1	-0.000655	-0.0003275	0	0	1	1	0	4.16	1	1.2	0.8;
	42	1	-0.000701	-0.0003505	0	0	1	1	0	4.16	1	1.2	0.8;
	43	1	0.000246	0.000123	0	0	1	1	0	4.16	1	1.2	0.8;
	44	1	0.001929	0.0009645	0	0	1	1	0	4.16	1	1.2	0.8;
	45	1	0.008815	0.0044075	0	0	1	1	0	4.16	1	1.2	0.8;
	46	1	0.001222	0.000611	0	0	1	1	0	4.16	1	1.2	0.8;
	47	1	0.001241	0.0006205	0	0	1	1	0	4.16	1	1.2	0.8;
	48	1	-0.000309	-0.0001545	0	0	1	1	0	4.16	1	1.2	0.8;
	49	1	-0.000903	-0.0004515	0	0	1	1	0	4.16	1	1.2	0.8;
	50	1	-0.000204	-0.000102	0	0	1	1	0	4.16	1	1.2	0.8;
	51	1	1e-10	5e-11	0	0	1	1	0	4.16	1	1.2	0.8;
	52	1	-0.001037	-0.0005185	0	0	1	1	0	4.16	1	1.2	0.8;
	53	1	0.000551	0.0002755	0	0	1	1	0	4.16	1	1.2	0.8;
	54	1	-0.000311	-0.0001555	0	0	1	1	0	4.16	1	1.2	0.8;
	55	1	0.00027	0.000135	0	0	1	1	0	4.16	1	1.2	0.8;
	56	1	-0.000381	-0.0001905	0	0	1	1	0	4.16	1	1.2	0.8;
	57	1	-0.000426	-0.000213	0	0	1	1	0	4.16	1	1.2	0.8;
	58	1	-0.000666	-0.000333	0	0	1	1	0	4.16	1	1.2	0.8;
	59	1	-0.000802	-0.000401	0	0	1	1	0	4.16	1	1.2	0.8;
	60	1	0.000104	5.2e-05	0	0	1	1	0	4.16	1	1.2	0.8;
	61	1	-0.000431	-0.0002155	0	0	1	1	0	4.16	1	1.2	0.8;
	62	1	6e-06	3e-06	0	0	1	1	0	4.16	1	1.2	0.8;
	63	1	-0.00059	-0.000295	0	0	1	1	0	4.16	1	1.2	0.8;
	64	1	-0.000427	-0.0002135	0	0	1	1	0	4.16	1	1.2	0.8;
	65	1	0.000277	0.0001385	0	0	1	1	0	4.16	1	1.2	0.8;
	66	1	-0.000301	-0.0001505	0	0	1	1	0	4.16	1	1.2	0.8;
	67	1	0.000373	0.0001865	0	0	1	1	0	4.16	1	1.2	0.8;
	68	1	-1.7e-05	-8.5e-06	0	0	1	1	0	4.16	1	1.2	0.8;
	69	1	1e-10	5e-11	0	0	1	1	0	4.16	1	1.2	0.8;
	70	1	-0.001017	-0.0005085	0	0	1	1	0	4.16	1	1.2	0.8;
	71	1	-0.001013	-0.0005065	0	0	1	1	0	4.16	1	1.2	0.8;
	72	1	-0.000581	-0.0002905	0	0	1	1	0	4.16	1	1.2	0.8;
	73	1	4.3e-05	2.15e-05	0	0	1	1	0	4.16	1	1.2	0.8;
	74	1	-0.000619	-0.0003095	0	0	1	1	0	4.16	1	1.2	0.8;
	75	1	-0.000774	-0.000387	0	0	1	1	0	4.16	1	1.2	0.8;
	76	1	0.000777	0.0003885	0	0	1	1	0	4.16	1	1.2	0.8;
	77	1	6.5e-05	3.25e-05	0	0	1	1	0	4.16	1	1.2	0.8;
	78	1	0.001066	0.000533	0	0	1	1	0	4.16	1	1.2	0.8;
	79	1	0.00168	0.00084	0	0	1	1	0	4.16	1	1.2	0.8;
	80	1	0.000252	0.000126	0	0	1	1	0	4.16	1	1.2	0.8;
	81	1	-0.00086	-0.00043	0	0	1	1	0	4.16	1	1.2	0.8;
	82	1	-0.000813	-0.0004065	0	0	1	1	0	4.16	1	1.2	0.8;
	83	1	-0.000416	-0.000208	0	0	1	1	0	4.16	1	1.2	0.8;
	84	1	0.001481	0.0007405	0	0	1	1	0	4.16	1	1.2	0.8;
	85	1	2.8e-05	1.4e-05	0	0	1	1	0	4.16	1	1.2	0.8;
	86	1	0.000193	9.65e-05	0	0	1	1	0	4.16	1	1.2	0.8;
	87	1	-0.00077	-0.000385	0	0	1	1	0	4.16	1	1.2	0.8;
	88	1	-0.000729	-0.0003645	0	0	1	1	0	4.16	1	1.2	0.8;
	89	1	0.00183	0.000915	0	0	1	1	0	4.16	1	1.2	0.8;
	90	1	0.00041	0.000205	0	0	1	1	0	4.16	1	1.2	0.8;
	91	1	0.000247	0.0001235	0	0	1	1	0	4.16	1	1.2	0.8;
	92	1	0.000556	0.000278	0	0	1	1	0	4.16	1	1.2	0.8;
	93	1	0.001748	0.000874	0	0	1	1	0	4.16	1	1.2	0.8;
	94	1	0.003963	0.0019815	0	0	1	1	0	4.16	1	1.2	0.8;
	95	1	0.000673	0.0003365	0	0	1	1	0	4.16	1	1.2	0.8;
	96	1	0.000214	0.000107	0	0	1	1	0	4.16	1	1.2	0.8;
	97	1	0.000407	0.0002035	0	0	1	1	0	4.16	1	1.2	0.8;
	98	1	0.003931	0.0019655	0	0	1	1	0	4.16	1	1.2	0.8;
	99	1	0.000222	0.000111	0	0	1	1	0	4.16	1	1.2	0.8;
	100	1	0.00081	0.000405	0	0	1	1	0	4.16	1	1.2	0.8;
	101	1	1e-10	5e-11	0	0	1	1	0	4.16	1	1.2	0.8;
	102	1	0.000419	0.0002095	0	0	1	1	0	4.16	1	1.2	0.8;
	103	1	0.000925	0.0004625	0	0	1	1	0	4.16	1	1.2	0.8;
	104	1	-0.000174	-8.7e-05	0	0	1	1	0	4.16	1	1.2	0.8;
	105	1	0.002999	0.0014995	0	0	1	1	0	4.16	1	1.2	0.8;
	106	1	1e-10	5e-11	0	0	1	1	0	4.16	1	1.2	0.8;
	107	1	1e-10	5e-11	0	0	1	1	0	4.16	1	1.2	0.8;
	108	1	0.000823	0.0004115	0	0	1	1	0	4.16	1	1.2	0.8;
	109	1	-0.000753	-0.0003765	0	0	1	1	0	4.16	1	1.2	0.8;
];

%% generator data
%	bus	Pg	Qg	Qmax	Qmin	Vg	mBase	status	Pmax	Pmin	Pc1	Pc2	Qc1min	Qc1max	Qc2min	Qc2max	ramp_agc	ramp_10	ramp_30	ramp_q	apf
mpc.gen = [
	1	17.068	0	200	-200	1	1	1	200	-200	0	0	0	0	0	0	10	0	0	0	0;
];

%% branch data
%	fbus	tbus	r	x	b	rateA	rateB	rateC	ratio	angle	status	angmin	angmax
