function mpc = case_ieee123_storage_376
%CASE_IEEE123_STORAGE_376

%% MATPOWER Case Format : Version 2
mpc.version = '2';

%%-----  Power Flow Data  -----%%
%% system MVA base
mpc.baseMVA = 1;

%% bus data
%	bus_i	type	Pd	Qd	Gs	Bs	area	Vm	Va	baseKV	zone	Vmax	Vmin
mpc.bus = [
	1	3	0.00032	0.00016	0	0	1	1	0	4.16	1	1.2	0.8;
	2	1	0.001375	0.0006875	0	0	1	1	0	4.16	1	1.2	0.8;
	3	1	0.00113	0.000565	0	0	1	1	0	4.16	1	1.2	0.8;
	4	1	0.000296	0.000148	0	0	1	1	0	4.16	1	1.2	0.8;
	5	1	0.000351	0.0001755	0	0	1	1	0	4.16	1	1.2	0.8;
	6	1	1e-10	5e-11	0	0	1	1	0	4.16	1	1.2	0.8;
	7	1	1e-10	5e-11	0	0	1	1	0	4.16	1	1.2	0.8;
	8	1	0.000282	0.000141	0	0	1	1	0	4.16	1	1.2	0.8;
	9	1	0.00323	0.001615	0	0	1	1	0	4.16	1	1.2	0.8;
	10	1	0.000862	0.000431	0	0	1	1	0	4.16	1	1.2	0.8;
	11	1	1e-10	5e-11	0	0	1	1	0	4.16	1	1.2	0.8;
	12	1	0.000559	0.0002795	0	0	1	1	0	4.16	1	1.2	0.8;
	13	1	0.000323	0.0001615	0	0	1	1	0	4.16	1	1.2	0.8;
	14	1	0.001144	0.000572	0	0	1	1	0	4.16	1	1.2	0.8;
	15	1	0.000491	0.0002455	0	0	1	1	0	4.16	1	1.2	0.8;
	16	1	1e-10	5e-11	0	0	1	1	0	4.16	1	1.2	0.8;
	17	1	0.000537	0.0002685	0	0	1	1	0	4.16	1	1.2	0.8;
	18	1	0.0002	0.0001	0	0	1	1	0	4.16	1	1.2	0.8;
	19	1	0.00058	0.00029	0	0	1	1	0	4.16	1	1.2	0.8;
	20	1	0.000125	6.25e-05	0	0	1	1	0	4.16	1	1.2	0.8;
	21	1	0.000406	0.000203	0	0	1	1	0	4.16	1	1.2	0.8;
	22	1	0.000318	0.000159	0	0	1	1	0	4.16	1	1.2	0.8;
	23	1	0.000108	5.4e-05	0	0	1	1	0	4.16	1	1.2	0.8;
	24	1	0.000248	0.000124	0	0	1	1	0	4.16	1	1.2	0.8;
	25	1	0.000276	0.000138	0	0	1	1	0	4.16	1	1.2	0.8;
	26	1	0.00033	0.000165	0	0	1	1	0	4.16	1	1.2	0.8;
	27	1	0.000425	0.0002125	0	0	1	1	0	4.16	1	1.2	0.8;
	28	1	0.00036	0.00018	0	0	1	1	0	4.16	1	1.2	0.8;
	29	1	1e-10	5e-11	0	0	1	1	0	4.16	1	1.2	0.8;
	30	1	0.000232	0.000116	0	0	1	1	0	4.16	1	1.2	0.8;
	31	1	0.000236	0.000118	0	0	1	1	0	4.16	1	1.2	0.8;
	32	1	0.000293	0.0001465	0	0	1	1	0	4.16	1	1.2	0.8;
	33	1	0.001529	0.0007645	0	0	1	1	0	4.16	1	1.2	0.8;
	34	1	0.0005	0.00025	0	0	1	1	0	4.16	1	1.2	0.8;
	35	1	0.001013	0.0005065	0	0	1	1	0	4.16	1	1.2	0.8;
	36	1	1e-10	5e-11	0	0	1	1	0	4.16	1	1.2	0.8;
	37	1	0.002624	0.001312	0	0	1	1	0	4.16	1	1.2	0.8;
	38	1	0.000379	0.0001895	0	0	1	1	0	4.16	1	1.2	0.8;
	39	1	0.002732	0.001366	0	0	1	1	0	4.16	1	1.2	0.8;
	40	1	0.000596	0.000298	0	0	1	1	0	4.16	1	1.2	0.8;
	41	1	0.000222	0.000111	0	0	1	1	0	4.16	1	1.2	0.8;
	42	1	0.000538	0.000269	0	0	1	1	0	4.16	1	1.2	0.8;
	43	1	0.000481	0.0002405	0	0	1	1	0	4.16	1	1.2	0.8;
	44	1	0.00054	0.00027	0	0	1	1	0	4.16	1	1.2	0.8;
	45	1	0.000514	0.000257	0	0	1	1	0	4.16	1	1.2	0.8;
	46	1	0.001529	0.0007645	0	0	1	1	0	4.16	1	1.2	0.8;
	47	1	0.00181	0.000905	0	0	1	1	0	4.16	1	1.2	0.8;
	48	1	0.000161	8.05e-05	0	0	1	1	0	4.16	1	1.2	0.8;
	49	1	0.000216	0.000108	0	0	1	1	0	4.16	1	1.2	0.8;
	50	1	0.000523	0.0002615	0	0	1	1	0	4.16	1	1.2	0.8;
	51	1	1e-10	5e-11	0	0	1	1	0	4.16	1	1.2	0.8;
	52	1	0.000328	0.000164	0	0	1	1	0	4.16	1	1.2	0.8;
	53	1	0.000546	0.000273	0	0	1	1	0	4.16	1	1.2	0.8;
	54	1	0.000538	0.000269	0	0	1	1	0	4.16	1	1.2	0.8;
	55	1	0.000327	0.0001635	0	0	1	1	0	4.16	1	1.2	0.8;
	56	1	0.000136	6.8e-05	0	0	1	1	0	4.16	1	1.2	0.8;
	57	1	0.000182	9.1e-05	0	0	1	1	0	4.16	1	1.2	0.8;
	58	1	0.000222	0.000111	0	0	1	1	0	4.16	1	1.2	0.8;
	59	1	0.000131	6.55e-05	0	0	1	1	0	4.16	1	1.2	0.8;
	60	1	0.000144	7.2e-05	0	0	1	1	0	4.16	1	1.2	0.8;
	61	1	0.000274	0.000137	0	0	1	1	0	4.16	1	1.2	0.8;
	62	1	0.000518	0.000259	0	0	1	1	0	4.16	1	1.2	0.8;
	63	1	0.000493	0.0002465	0	0	1	1	0	4.16	1	1.2	0.8;
	64	1	0.000268	0.000134	0	0	1	1	0	4.16	1	1.2	0.8;
	65	1	0.000632	0.000316	0	0	1	1	0	4.16	1	1.2	0.8;
	66	1	0.000953	0.0004765	0	0	1	1	0	4.16	1	1.2	0.8;
	67	1	0.000667	0.0003335	0	0	1	1	0	4.16	1	1.2	0.8;
	68	1	0.000734	0.000367	0	0	1	1	0	4.16	1	1.2	0.8;
	69	1	1e-10	5e-11	0	0	1	1	0	4.16	1	1.2	0.8;
	70	1	0.00049	0.000245	0	0	1	1	0	4.16	1	1.2	0.8;
	71	1	0.000755	0.0003775	0	0	1	1	0	4.16	1	1.2	0.8;
	72	1	0.000291	0.0001455	0	0	1	1	0	4.16	1	1.2	0.8;
	73	1	0.000151	7.55e-05	0	0	1	1	0	4.16	1	1.2	0.8;
	74	1	0.000256	0.000128	0	0	1	1	0	4.16	1	1.2	0.8;
	75	1	0.00037	0.000185	0	0	1	1	0	4.16	1	1.2	0.8;
	76	1	0.000366	0.000183	0	0	1	1	0	4.16	1	1.2	0.8;
	77	1	0.000307	0.0001535	0	0	1	1	0	4.16	1	1.2	0.8;
	78	1	0.000871	0.0004355	0	0	1	1	0	4.16	1	1.2	0.8;
	79	1	0.000549	0.0002745	0	0	1	1	0	4.16	1	1.2	0.8;
	80	1	0.000633	0.0003165	0	0	1	1	0	4.16	1	1.2	0.8;
	81	1	0.005846	0.002923	0	0	1	1	0	4.16	1	1.2	0.8;
	82	1	0.00024	0.00012	0	0	1	1	0	4.16	1	1.2	0.8;
	83	1	0.000227	0.0001135	0	0	1	1	0	4.16	1	1.2	0.8;
	84	1	0.000304	0.000152	0	0	1	1	0	4.16	1	1.2	0.8;
	85	1	0.000213	0.0001065	0	0	1	1	0	4.16	1	1.2	0.8;
	86	1	0.000443	0.0002215	0	0	1	1	0	4.16	1	1.2	0.8;
	87	1	0.000335	0.0001675	0	0	1	1	0	4.16	1	1.2	0.8;
	88	1	0.000427	0.0002135	0	0	1	1	0	4.16	1	1.2	0.8;
	89	1	0.000165	8.25e-05	0	0	1	1	0	4.16	1	1.2	0.8;
	90	1	0.00087	0.000435	0	0	1	1	0	4.16	1	1.2	0.8;
	91	1	0.000112	5.6e-05	0	0	1	1	0	4.16	1	1.2	0.8;
	92	1	0.000675	0.0003375	0	0	1	1	0	4.16	1	1.2	0.8;
	93	1	0.000592	0.000296	0	0	1	1	0	4.16	1	1.2	0.8;
	94	1	0.000508	0.000254	0	0	1	1	0	4.16	1	1.2	0.8;
	95	1	0.001158	0.000579	0	0	1	1	0	4.16	1	1.2	0.8;
	96	1	0.000572	0.000286	0	0	1	1	0	4.16	1	1.2	0.8;
	97	1	0.000734	0.000367	0	0	1	1	0	4.16	1	1.2	0.8;
	98	1	0.001299	0.0006495	0	0	1	1	0	4.16	1	1.2	0.8;
	99	1	0.000195	9.75e-05	0	0	1	1	0	4.16	1	1.2	0.8;
	100	1	0.000466	0.000233	0	0	1	1	0	4.16	1	1.2	0.8;
	101	1	1e-10	5e-11	0	0	1	1	0	4.16	1	1.2	0.8;
	102	1	0.000329	0.0001645	0	0	1	1	0	4.16	1	1.2	0.8;
	103	1	0.001611	0.0008055	0	0	1	1	0	4.16	1	1.2	0.8;
	104	1	0.000451	0.0002255	0	0	1	1	0	4.16	1	1.2	0.8;
	105	1	0.002335	0.0011675	0	0	1	1	0	4.16	1	1.2	0.8;
	106	1	1e-10	5e-11	0	0	1	1	0	4.16	1	1.2	0.8;
	107	1	1e-10	5e-11	0	0	1	1	0	4.16	1	1.2	0.8;
	108	1	0.000291	0.0001455	0	0	1	1	0	4.16	1	1.2	0.8;
	109	1	9.8e-05	4.9e-05	0	0	1	1	0	4.16	1	1.2	0.8;
];

%% generator data
%	bus	Pg	Qg	Qmax	Qmin	Vg	mBase	status	Pmax	Pmin	Pc1	Pc2	Qc1min	Qc1max	Qc2min	Qc2max	ramp_agc	ramp_10	ramp_30	ramp_q	apf
mpc.gen = [
	1	17.068	0	200	-200	1	1	1	200	-200	0	0	0	0	0	0	10	0	0	0	0;
];

%% branch data
%	fbus	tbus	r	x	b	rateA	rateB	rateC	ratio	angle	status	angmin	angmax
