function mpc = case_ieee123_storage_844
%CASE_IEEE123_STORAGE_844

%% MATPOWER Case Format : Version 2
mpc.version = '2';

%%-----  Power Flow Data  -----%%
%% system MVA base
mpc.baseMVA = 1;

%% bus data
%	bus_i	type	Pd	Qd	Gs	Bs	area	Vm	Va	baseKV	zone	Vmax	Vmin
mpc.bus = [
	1	3	-0.001273	-0.0006365	0	0	1	1	0	4.16	1	1.2	0.8;
	2	1	0.004357	0.0021785	0	0	1	1	0	4.16	1	1.2	0.8;
	3	1	0.001127	0.0005635	0	0	1	1	0	4.16	1	1.2	0.8;
	4	1	-0.000318	-0.000159	0	0	1	1	0	4.16	1	1.2	0.8;
	5	1	-0.000729	-0.0003645	0	0	1	1	0	4.16	1	1.2	0.8;
	6	1	1e-10	5e-11	0	0	1	1	0	4.16	1	1.2	0.8;
	7	1	1e-10	5e-11	0	0	1	1	0	4.16	1	1.2	0.8;
	8	1	-0.001275	-0.0006375	0	0	1	1	0	4.16	1	1.2	0.8;
	9	1	-0.000206	-0.000103	0	0	1	1	0	4.16	1	1.2	0.8;
	10	1	-0.001013	-0.0005065	0	0	1	1	0	4.16	1	1.2	0.8;
	11	1	1e-10	5e-11	0	0	1	1	0	4.16	1	1.2	0.8;
	12	1	-0.000106	-5.3e-05	0	0	1	1	0	4.16	1	1.2	0.8;
	13	1	-0.001056	-0.000528	0	0	1	1	0	4.16	1	1.2	0.8;
	14	1	2.2e-05	1.1e-05	0	0	1	1	0	4.16	1	1.2	0.8;
	15	1	-0.000905	-0.0004525	0	0	1	1	0	4.16	1	1.2	0.8;
	16	1	1e-10	5e-11	0	0	1	1	0	4.16	1	1.2	0.8;
	17	1	-0.001301	-0.0006505	0	0	1	1	0	4.16	1	1.2	0.8;
	18	1	-0.001296	-0.000648	0	0	1	1	0	4.16	1	1.2	0.8;
	19	1	-0.001037	-0.0005185	0	0	1	1	0	4.16	1	1.2	0.8;
	20	1	-0.00113	-0.000565	0	0	1	1	0	4.16	1	1.2	0.8;
	21	1	-0.000296	-0.000148	0	0	1	1	0	4.16	1	1.2	0.8;
	22	1	0.000191	9.55e-05	0	0	1	1	0	4.16	1	1.2	0.8;
	23	1	-0.000503	-0.0002515	0	0	1	1	0	4.16	1	1.2	0.8;
	24	1	-0.000503	-0.0002515	0	0	1	1	0	4.16	1	1.2	0.8;
	25	1	0.002489	0.0012445	0	0	1	1	0	4.16	1	1.2	0.8;
	26	1	0.004027	0.0020135	0	0	1	1	0	4.16	1	1.2	0.8;
	27	1	-0.001008	-0.000504	0	0	1	1	0	4.16	1	1.2	0.8;
	28	1	0.000493	0.0002465	0	0	1	1	0	4.16	1	1.2	0.8;
	29	1	1e-10	5e-11	0	0	1	1	0	4.16	1	1.2	0.8;
	30	1	-0.000627	-0.0003135	0	0	1	1	0	4.16	1	1.2	0.8;
	31	1	0.000242	0.000121	0	0	1	1	0	4.16	1	1.2	0.8;
	32	1	0.000594	0.000297	0	0	1	1	0	4.16	1	1.2	0.8;
	33	1	-0.000853	-0.0004265	0	0	1	1	0	4.16	1	1.2	0.8;
	34	1	-3.1e-05	-1.55e-05	0	0	1	1	0	4.16	1	1.2	0.8;
	35	1	0.000713	0.0003565	0	0	1	1	0	4.16	1	1.2	0.8;
	36	1	1e-10	5e-11	0	0	1	1	0	4.16	1	1.2	0.8;
	37	1	0.000154	7.7e-05	0	0	1	1	0	4.16	1	1.2	0.8;
	38	1	1e-10	5e-11	0	0	1	1	0	4.16	1	1.2	0.8;
	39	1	0.000224	0.000112	0	0	1	1	0	4.16	1	1.2	0.8;
	40	1	-0.000344	-0.000172	0	0	1	1	0	4.16	1	1.2	0.8;
	41	1	-0.001071	-0.0005355	0	0	1	1	0	4.16	1	1.2	0.8;
	42	1	-0.000178	-8.9e-05	0	0	1	1	0	4.16	1	1.2	0.8;
	43	1	0.000575	0.0002875	0	0	1	1	0	4.16	1	1.2	0.8;
	44	1	0.001883	0.0009415	0	0	1	1	0	4.16	1	1.2	0.8;
	45	1	0.008516	0.004258	0	0	1	1	0	4.16	1	1.2	0.8;
	46	1	0.000273	0.0001365	0	0	1	1	0	4.16	1	1.2	0.8;
	47	1	1.5e-05	7.5e-06	0	0	1	1	0	4.16	1	1.2	0.8;
	48	1	-0.000346	-0.000173	0	0	1	1	0	4.16	1	1.2	0.8;
	49	1	-0.00091	-0.000455	0	0	1	1	0	4.16	1	1.2	0.8;
	50	1	-0.000146	-7.3e-05	0	0	1	1	0	4.16	1	1.2	0.8;
	51	1	0.000788	0.000394	0	0	1	1	0	4.16	1	1.2	0.8;
	52	1	-0.001455	-0.0007275	0	0	1	1	0	4.16	1	1.2	0.8;
	53	1	-1.4e-05	-7e-06	0	0	1	1	0	4.16	1	1.2	0.8;
	54	1	-0.000686	-0.000343	0	0	1	1	0	4.16	1	1.2	0.8;
	55	1	-0.000528	-0.000264	0	0	1	1	0	4.16	1	1.2	0.8;
	56	1	-0.000793	-0.0003965	0	0	1	1	0	4.16	1	1.2	0.8;
	57	1	0.000837	0.0004185	0	0	1	1	0	4.16	1	1.2	0.8;
	58	1	-0.000933	-0.0004665	0	0	1	1	0	4.16	1	1.2	0.8;
	59	1	-0.001146	-0.000573	0	0	1	1	0	4.16	1	1.2	0.8;
	60	1	0.00011	5.5e-05	0	0	1	1	0	4.16	1	1.2	0.8;
	61	1	0.002543	0.0012715	0	0	1	1	0	4.16	1	1.2	0.8;
	62	1	0.000171	8.55e-05	0	0	1	1	0	4.16	1	1.2	0.8;
	63	1	-0.000667	-0.0003335	0	0	1	1	0	4.16	1	1.2	0.8;
	64	1	0.003294	0.001647	0	0	1	1	0	4.16	1	1.2	0.8;
	65	1	-0.000541	-0.0002705	0	0	1	1	0	4.16	1	1.2	0.8;
	66	1	2.2e-05	1.1e-05	0	0	1	1	0	4.16	1	1.2	0.8;
	67	1	-0.000524	-0.000262	0	0	1	1	0	4.16	1	1.2	0.8;
	68	1	-0.000492	-0.000246	0	0	1	1	0	4.16	1	1.2	0.8;
	69	1	1e-10	5e-11	0	0	1	1	0	4.16	1	1.2	0.8;
	70	1	-0.001606	-0.000803	0	0	1	1	0	4.16	1	1.2	0.8;
	71	1	-0.000546	-0.000273	0	0	1	1	0	4.16	1	1.2	0.8;
	72	1	-0.000887	-0.0004435	0	0	1	1	0	4.16	1	1.2	0.8;
	73	1	0.000154	7.7e-05	0	0	1	1	0	4.16	1	1.2	0.8;
	74	1	-0.000634	-0.000317	0	0	1	1	0	4.16	1	1.2	0.8;
	75	1	-0.001056	-0.000528	0	0	1	1	0	4.16	1	1.2	0.8;
	76	1	0.000299	0.0001495	0	0	1	1	0	4.16	1	1.2	0.8;
	77	1	-0.000155	-7.75e-05	0	0	1	1	0	4.16	1	1.2	0.8;
	78	1	0.000681	0.0003405	0	0	1	1	0	4.16	1	1.2	0.8;
	79	1	0.003524	0.001762	0	0	1	1	0	4.16	1	1.2	0.8;
	80	1	-0.000215	-0.0001075	0	0	1	1	0	4.16	1	1.2	0.8;
	81	1	-0.001085	-0.0005425	0	0	1	1	0	4.16	1	1.2	0.8;
	82	1	0.000179	8.95e-05	0	0	1	1	0	4.16	1	1.2	0.8;
	83	1	-0.0004	-0.0002	0	0	1	1	0	4.16	1	1.2	0.8;
	84	1	0.005049	0.0025245	0	0	1	1	0	4.16	1	1.2	0.8;
	85	1	-0.000668	-0.000334	0	0	1	1	0	4.16	1	1.2	0.8;
	86	1	-0.000821	-0.0004105	0	0	1	1	0	4.16	1	1.2	0.8;
	87	1	-0.001109	-0.0005545	0	0	1	1	0	4.16	1	1.2	0.8;
	88	1	-0.001112	-0.000556	0	0	1	1	0	4.16	1	1.2	0.8;
	89	1	-0.001121	-0.0005605	0	0	1	1	0	4.16	1	1.2	0.8;
	90	1	0.001126	0.000563	0	0	1	1	0	4.16	1	1.2	0.8;
	91	1	0.003892	0.001946	0	0	1	1	0	4.16	1	1.2	0.8;
	92	1	0.000155	7.75e-05	0	0	1	1	0	4.16	1	1.2	0.8;
	93	1	0.001017	0.0005085	0	0	1	1	0	4.16	1	1.2	0.8;
	94	1	0.001205	0.0006025	0	0	1	1	0	4.16	1	1.2	0.8;
	95	1	0.000522	0.000261	0	0	1	1	0	4.16	1	1.2	0.8;
	96	1	0.000404	0.000202	0	0	1	1	0	4.16	1	1.2	0.8;
	97	1	0.000826	0.000413	0	0	1	1	0	4.16	1	1.2	0.8;
	98	1	0.000432	0.000216	0	0	1	1	0	4.16	1	1.2	0.8;
	99	1	0.002003	0.0010015	0	0	1	1	0	4.16	1	1.2	0.8;
	100	1	0.000402	0.000201	0	0	1	1	0	4.16	1	1.2	0.8;
	101	1	1e-10	5e-11	0	0	1	1	0	4.16	1	1.2	0.8;
	102	1	0.000279	0.0001395	0	0	1	1	0	4.16	1	1.2	0.8;
	103	1	0.000675	0.0003375	0	0	1	1	0	4.16	1	1.2	0.8;
	104	1	-0.000785	-0.0003925	0	0	1	1	0	4.16	1	1.2	0.8;
	105	1	0.004816	0.002408	0	0	1	1	0	4.16	1	1.2	0.8;
	106	1	1e-10	5e-11	0	0	1	1	0	4.16	1	1.2	0.8;
	107	1	1e-10	5e-11	0	0	1	1	0	4.16	1	1.2	0.8;
	108	1	0.000406	0.000203	0	0	1	1	0	4.16	1	1.2	0.8;
	109	1	-0.00113	-0.000565	0	0	1	1	0	4.16	1	1.2	0.8;
];

%% generator data
%	bus	Pg	Qg	Qmax	Qmin	Vg	mBase	status	Pmax	Pmin	Pc1	Pc2	Qc1min	Qc1max	Qc2min	Qc2max	ramp_agc	ramp_10	ramp_30	ramp_q	apf
mpc.gen = [
	1	17.068	0	200	-200	1	1	1	200	-200	0	0	0	0	0	0	10	0	0	0	0;
];

%% branch data
%	fbus	tbus	r	x	b	rateA	rateB	rateC	ratio	angle	status	angmin	angmax
