function mpc = case_ieee123_storage_702
%CASE_IEEE123_STORAGE_702

%% MATPOWER Case Format : Version 2
mpc.version = '2';

%%-----  Power Flow Data  -----%%
%% system MVA base
mpc.baseMVA = 1;

%% bus data
%	bus_i	type	Pd	Qd	Gs	Bs	area	Vm	Va	baseKV	zone	Vmax	Vmin
mpc.bus = [
	1	3	-0.000973	-0.0004865	0	0	1	1	0	4.16	1	1.2	0.8;
	2	1	0.000956	0.000478	0	0	1	1	0	4.16	1	1.2	0.8;
	3	1	0.001193	0.0005965	0	0	1	1	0	4.16	1	1.2	0.8;
	4	1	0.004648	0.002324	0	0	1	1	0	4.16	1	1.2	0.8;
	5	1	-0.000225	-0.0001125	0	0	1	1	0	4.16	1	1.2	0.8;
	6	1	1e-10	5e-11	0	0	1	1	0	4.16	1	1.2	0.8;
	7	1	1e-10	5e-11	0	0	1	1	0	4.16	1	1.2	0.8;
	8	1	-0.001062	-0.000531	0	0	1	1	0	4.16	1	1.2	0.8;
	9	1	0.000198	9.9e-05	0	0	1	1	0	4.16	1	1.2	0.8;
	10	1	-0.000867	-0.0004335	0	0	1	1	0	4.16	1	1.2	0.8;
	11	1	1e-10	5e-11	0	0	1	1	0	4.16	1	1.2	0.8;
	12	1	0.000616	0.000308	0	0	1	1	0	4.16	1	1.2	0.8;
	13	1	-0.000814	-0.000407	0	0	1	1	0	4.16	1	1.2	0.8;
	14	1	7.2e-05	3.6e-05	0	0	1	1	0	4.16	1	1.2	0.8;
	15	1	-0.000493	-0.0002465	0	0	1	1	0	4.16	1	1.2	0.8;
	16	1	1e-10	5e-11	0	0	1	1	0	4.16	1	1.2	0.8;
	17	1	-0.001072	-0.000536	0	0	1	1	0	4.16	1	1.2	0.8;
	18	1	-0.000667	-0.0003335	0	0	1	1	0	4.16	1	1.2	0.8;
	19	1	-0.000571	-0.0002855	0	0	1	1	0	4.16	1	1.2	0.8;
	20	1	-0.001001	-0.0005005	0	0	1	1	0	4.16	1	1.2	0.8;
	21	1	1.3e-05	6.5e-06	0	0	1	1	0	4.16	1	1.2	0.8;
	22	1	0.000592	0.000296	0	0	1	1	0	4.16	1	1.2	0.8;
	23	1	-0.000372	-0.000186	0	0	1	1	0	4.16	1	1.2	0.8;
	24	1	-0.000583	-0.0002915	0	0	1	1	0	4.16	1	1.2	0.8;
	25	1	-0.000459	-0.0002295	0	0	1	1	0	4.16	1	1.2	0.8;
	26	1	0.000148	7.4e-05	0	0	1	1	0	4.16	1	1.2	0.8;
	27	1	-0.000779	-0.0003895	0	0	1	1	0	4.16	1	1.2	0.8;
	28	1	-0.000533	-0.0002665	0	0	1	1	0	4.16	1	1.2	0.8;
	29	1	1e-10	5e-11	0	0	1	1	0	4.16	1	1.2	0.8;
	30	1	-0.000327	-0.0001635	0	0	1	1	0	4.16	1	1.2	0.8;
	31	1	0.000127	6.35e-05	0	0	1	1	0	4.16	1	1.2	0.8;
	32	1	0.000125	6.25e-05	0	0	1	1	0	4.16	1	1.2	0.8;
	33	1	0.00177	0.000885	0	0	1	1	0	4.16	1	1.2	0.8;
	34	1	-0.0001	-5e-05	0	0	1	1	0	4.16	1	1.2	0.8;
	35	1	-0.000203	-0.0001015	0	0	1	1	0	4.16	1	1.2	0.8;
	36	1	1e-10	5e-11	0	0	1	1	0	4.16	1	1.2	0.8;
	37	1	0.000672	0.000336	0	0	1	1	0	4.16	1	1.2	0.8;
	38	1	-0.001084	-0.000542	0	0	1	1	0	4.16	1	1.2	0.8;
	39	1	0.000514	0.000257	0	0	1	1	0	4.16	1	1.2	0.8;
	40	1	-0.000308	-0.000154	0	0	1	1	0	4.16	1	1.2	0.8;
	41	1	-0.000924	-0.000462	0	0	1	1	0	4.16	1	1.2	0.8;
	42	1	-0.000699	-0.0003495	0	0	1	1	0	4.16	1	1.2	0.8;
	43	1	4.2e-05	2.1e-05	0	0	1	1	0	4.16	1	1.2	0.8;
	44	1	0.005434	0.002717	0	0	1	1	0	4.16	1	1.2	0.8;
	45	1	0.00828	0.00414	0	0	1	1	0	4.16	1	1.2	0.8;
	46	1	0.000861	0.0004305	0	0	1	1	0	4.16	1	1.2	0.8;
	47	1	0.000881	0.0004405	0	0	1	1	0	4.16	1	1.2	0.8;
	48	1	-0.00038	-0.00019	0	0	1	1	0	4.16	1	1.2	0.8;
	49	1	-0.000613	-0.0003065	0	0	1	1	0	4.16	1	1.2	0.8;
	50	1	-0.000305	-0.0001525	0	0	1	1	0	4.16	1	1.2	0.8;
	51	1	1e-10	5e-11	0	0	1	1	0	4.16	1	1.2	0.8;
	52	1	-0.000954	-0.000477	0	0	1	1	0	4.16	1	1.2	0.8;
	53	1	0.001039	0.0005195	0	0	1	1	0	4.16	1	1.2	0.8;
	54	1	-0.00042	-0.00021	0	0	1	1	0	4.16	1	1.2	0.8;
	55	1	-0.000172	-8.6e-05	0	0	1	1	0	4.16	1	1.2	0.8;
	56	1	-0.000477	-0.0002385	0	0	1	1	0	4.16	1	1.2	0.8;
	57	1	-0.000453	-0.0002265	0	0	1	1	0	4.16	1	1.2	0.8;
	58	1	-0.000517	-0.0002585	0	0	1	1	0	4.16	1	1.2	0.8;
	59	1	-0.00087	-0.000435	0	0	1	1	0	4.16	1	1.2	0.8;
	60	1	0.000827	0.0004135	0	0	1	1	0	4.16	1	1.2	0.8;
	61	1	-0.000284	-0.000142	0	0	1	1	0	4.16	1	1.2	0.8;
	62	1	-0.001997	-0.0009985	0	0	1	1	0	4.16	1	1.2	0.8;
	63	1	-0.000652	-0.000326	0	0	1	1	0	4.16	1	1.2	0.8;
	64	1	-1.6e-05	-8e-06	0	0	1	1	0	4.16	1	1.2	0.8;
	65	1	0.000393	0.0001965	0	0	1	1	0	4.16	1	1.2	0.8;
	66	1	0.001449	0.0007245	0	0	1	1	0	4.16	1	1.2	0.8;
	67	1	-0.00012	-6e-05	0	0	1	1	0	4.16	1	1.2	0.8;
	68	1	-0.000895	-0.0004475	0	0	1	1	0	4.16	1	1.2	0.8;
	69	1	1e-10	5e-11	0	0	1	1	0	4.16	1	1.2	0.8;
	70	1	-0.000552	-0.000276	0	0	1	1	0	4.16	1	1.2	0.8;
	71	1	-0.000376	-0.000188	0	0	1	1	0	4.16	1	1.2	0.8;
	72	1	-0.000828	-0.000414	0	0	1	1	0	4.16	1	1.2	0.8;
	73	1	4.3e-05	2.15e-05	0	0	1	1	0	4.16	1	1.2	0.8;
	74	1	-0.000612	-0.000306	0	0	1	1	0	4.16	1	1.2	0.8;
	75	1	-0.000668	-0.000334	0	0	1	1	0	4.16	1	1.2	0.8;
	76	1	0.000444	0.000222	0	0	1	1	0	4.16	1	1.2	0.8;
	77	1	-0.000188	-9.4e-05	0	0	1	1	0	4.16	1	1.2	0.8;
	78	1	0.000802	0.000401	0	0	1	1	0	4.16	1	1.2	0.8;
	79	1	0.001481	0.0007405	0	0	1	1	0	4.16	1	1.2	0.8;
	80	1	0.000268	0.000134	0	0	1	1	0	4.16	1	1.2	0.8;
	81	1	-0.000973	-0.0004865	0	0	1	1	0	4.16	1	1.2	0.8;
	82	1	-0.001613	-0.0008065	0	0	1	1	0	4.16	1	1.2	0.8;
	83	1	-0.000257	-0.0001285	0	0	1	1	0	4.16	1	1.2	0.8;
	84	1	0.000871	0.0004355	0	0	1	1	0	4.16	1	1.2	0.8;
	85	1	-0.002377	-0.0011885	0	0	1	1	0	4.16	1	1.2	0.8;
	86	1	-6.6e-05	-3.3e-05	0	0	1	1	0	4.16	1	1.2	0.8;
	87	1	-0.000893	-0.0004465	0	0	1	1	0	4.16	1	1.2	0.8;
	88	1	-0.000241	-0.0001205	0	0	1	1	0	4.16	1	1.2	0.8;
	89	1	0.001941	0.0009705	0	0	1	1	0	4.16	1	1.2	0.8;
	90	1	0.000177	8.85e-05	0	0	1	1	0	4.16	1	1.2	0.8;
	91	1	0.001316	0.000658	0	0	1	1	0	4.16	1	1.2	0.8;
	92	1	0.00065	0.000325	0	0	1	1	0	4.16	1	1.2	0.8;
	93	1	0.00154	0.00077	0	0	1	1	0	4.16	1	1.2	0.8;
	94	1	0.000704	0.000352	0	0	1	1	0	4.16	1	1.2	0.8;
	95	1	0.000889	0.0004445	0	0	1	1	0	4.16	1	1.2	0.8;
	96	1	0.000325	0.0001625	0	0	1	1	0	4.16	1	1.2	0.8;
	97	1	0.000719	0.0003595	0	0	1	1	0	4.16	1	1.2	0.8;
	98	1	0.001528	0.000764	0	0	1	1	0	4.16	1	1.2	0.8;
	99	1	0.000353	0.0001765	0	0	1	1	0	4.16	1	1.2	0.8;
	100	1	0.000584	0.000292	0	0	1	1	0	4.16	1	1.2	0.8;
	101	1	1e-10	5e-11	0	0	1	1	0	4.16	1	1.2	0.8;
	102	1	0.000293	0.0001465	0	0	1	1	0	4.16	1	1.2	0.8;
	103	1	0.00104	0.00052	0	0	1	1	0	4.16	1	1.2	0.8;
	104	1	-0.000904	-0.000452	0	0	1	1	0	4.16	1	1.2	0.8;
	105	1	0.002779	0.0013895	0	0	1	1	0	4.16	1	1.2	0.8;
	106	1	1e-10	5e-11	0	0	1	1	0	4.16	1	1.2	0.8;
	107	1	1e-10	5e-11	0	0	1	1	0	4.16	1	1.2	0.8;
	108	1	0.000472	0.000236	0	0	1	1	0	4.16	1	1.2	0.8;
	109	1	-0.00084	-0.00042	0	0	1	1	0	4.16	1	1.2	0.8;
];

%% generator data
%	bus	Pg	Qg	Qmax	Qmin	Vg	mBase	status	Pmax	Pmin	Pc1	Pc2	Qc1min	Qc1max	Qc2min	Qc2max	ramp_agc	ramp_10	ramp_30	ramp_q	apf
mpc.gen = [
	1	17.068	0	200	-200	1	1	1	200	-200	0	0	0	0	0	0	10	0	0	0	0;
];

%% branch data
%	fbus	tbus	r	x	b	rateA	rateB	rateC	ratio	angle	status	angmin	angmax
