function mpc = case_ieee123_storage_801
%CASE_IEEE123_STORAGE_801

%% MATPOWER Case Format : Version 2
mpc.version = '2';

%%-----  Power Flow Data  -----%%
%% system MVA base
mpc.baseMVA = 1;

%% bus data
%	bus_i	type	Pd	Qd	Gs	Bs	area	Vm	Va	baseKV	zone	Vmax	Vmin
mpc.bus = [
	1	3	-0.001341	-0.0006705	0	0	1	1	0	4.16	1	1.2	0.8;
	2	1	0.004463	0.0022315	0	0	1	1	0	4.16	1	1.2	0.8;
	3	1	0.001192	0.000596	0	0	1	1	0	4.16	1	1.2	0.8;
	4	1	0.0037	0.00185	0	0	1	1	0	4.16	1	1.2	0.8;
	5	1	-0.000722	-0.000361	0	0	1	1	0	4.16	1	1.2	0.8;
	6	1	1e-10	5e-11	0	0	1	1	0	4.16	1	1.2	0.8;
	7	1	1e-10	5e-11	0	0	1	1	0	4.16	1	1.2	0.8;
	8	1	-0.001461	-0.0007305	0	0	1	1	0	4.16	1	1.2	0.8;
	9	1	-0.000604	-0.000302	0	0	1	1	0	4.16	1	1.2	0.8;
	10	1	-0.001393	-0.0006965	0	0	1	1	0	4.16	1	1.2	0.8;
	11	1	1e-10	5e-11	0	0	1	1	0	4.16	1	1.2	0.8;
	12	1	-0.000632	-0.000316	0	0	1	1	0	4.16	1	1.2	0.8;
	13	1	-0.001363	-0.0006815	0	0	1	1	0	4.16	1	1.2	0.8;
	14	1	0.000476	0.000238	0	0	1	1	0	4.16	1	1.2	0.8;
	15	1	-0.001024	-0.000512	0	0	1	1	0	4.16	1	1.2	0.8;
	16	1	1e-10	5e-11	0	0	1	1	0	4.16	1	1.2	0.8;
	17	1	-0.00141	-0.000705	0	0	1	1	0	4.16	1	1.2	0.8;
	18	1	-0.001193	-0.0005965	0	0	1	1	0	4.16	1	1.2	0.8;
	19	1	-0.001344	-0.000672	0	0	1	1	0	4.16	1	1.2	0.8;
	20	1	-0.001372	-0.000686	0	0	1	1	0	4.16	1	1.2	0.8;
	21	1	-0.000427	-0.0002135	0	0	1	1	0	4.16	1	1.2	0.8;
	22	1	0.000288	0.000144	0	0	1	1	0	4.16	1	1.2	0.8;
	23	1	-0.000684	-0.000342	0	0	1	1	0	4.16	1	1.2	0.8;
	24	1	-0.000558	-0.000279	0	0	1	1	0	4.16	1	1.2	0.8;
	25	1	-0.000738	-0.000369	0	0	1	1	0	4.16	1	1.2	0.8;
	26	1	0.000442	0.000221	0	0	1	1	0	4.16	1	1.2	0.8;
	27	1	-0.001056	-0.000528	0	0	1	1	0	4.16	1	1.2	0.8;
	28	1	-0.000868	-0.000434	0	0	1	1	0	4.16	1	1.2	0.8;
	29	1	1e-10	5e-11	0	0	1	1	0	4.16	1	1.2	0.8;
	30	1	-0.000828	-0.000414	0	0	1	1	0	4.16	1	1.2	0.8;
	31	1	0.000242	0.000121	0	0	1	1	0	4.16	1	1.2	0.8;
	32	1	-0.000262	-0.000131	0	0	1	1	0	4.16	1	1.2	0.8;
	33	1	0.001072	0.000536	0	0	1	1	0	4.16	1	1.2	0.8;
	34	1	-0.000288	-0.000144	0	0	1	1	0	4.16	1	1.2	0.8;
	35	1	0.001583	0.0007915	0	0	1	1	0	4.16	1	1.2	0.8;
	36	1	1e-10	5e-11	0	0	1	1	0	4.16	1	1.2	0.8;
	37	1	0.000267	0.0001335	0	0	1	1	0	4.16	1	1.2	0.8;
	38	1	1e-10	5e-11	0	0	1	1	0	4.16	1	1.2	0.8;
	39	1	0.000321	0.0001605	0	0	1	1	0	4.16	1	1.2	0.8;
	40	1	-0.000593	-0.0002965	0	0	1	1	0	4.16	1	1.2	0.8;
	41	1	-0.001086	-0.000543	0	0	1	1	0	4.16	1	1.2	0.8;
	42	1	-0.000325	-0.0001625	0	0	1	1	0	4.16	1	1.2	0.8;
	43	1	0.000266	0.000133	0	0	1	1	0	4.16	1	1.2	0.8;
	44	1	0.000391	0.0001955	0	0	1	1	0	4.16	1	1.2	0.8;
	45	1	0.008321	0.0041605	0	0	1	1	0	4.16	1	1.2	0.8;
	46	1	0.000136	6.8e-05	0	0	1	1	0	4.16	1	1.2	0.8;
	47	1	0.000542	0.000271	0	0	1	1	0	4.16	1	1.2	0.8;
	48	1	-0.000387	-0.0001935	0	0	1	1	0	4.16	1	1.2	0.8;
	49	1	-0.000959	-0.0004795	0	0	1	1	0	4.16	1	1.2	0.8;
	50	1	-0.00045	-0.000225	0	0	1	1	0	4.16	1	1.2	0.8;
	51	1	1e-10	5e-11	0	0	1	1	0	4.16	1	1.2	0.8;
	52	1	-0.001378	-0.000689	0	0	1	1	0	4.16	1	1.2	0.8;
	53	1	0.001147	0.0005735	0	0	1	1	0	4.16	1	1.2	0.8;
	54	1	-0.000725	-0.0003625	0	0	1	1	0	4.16	1	1.2	0.8;
	55	1	-0.000415	-0.0002075	0	0	1	1	0	4.16	1	1.2	0.8;
	56	1	1e-10	5e-11	0	0	1	1	0	4.16	1	1.2	0.8;
	57	1	-0.000618	-0.000309	0	0	1	1	0	4.16	1	1.2	0.8;
	58	1	-0.000986	-0.000493	0	0	1	1	0	4.16	1	1.2	0.8;
	59	1	-0.001402	-0.000701	0	0	1	1	0	4.16	1	1.2	0.8;
	60	1	0.000134	6.7e-05	0	0	1	1	0	4.16	1	1.2	0.8;
	61	1	-0.003223	-0.0016115	0	0	1	1	0	4.16	1	1.2	0.8;
	62	1	-0.00081	-0.000405	0	0	1	1	0	4.16	1	1.2	0.8;
	63	1	-0.001143	-0.0005715	0	0	1	1	0	4.16	1	1.2	0.8;
	64	1	0.003438	0.001719	0	0	1	1	0	4.16	1	1.2	0.8;
	65	1	-0.000646	-0.000323	0	0	1	1	0	4.16	1	1.2	0.8;
	66	1	0.00279	0.001395	0	0	1	1	0	4.16	1	1.2	0.8;
	67	1	0.005391	0.0026955	0	0	1	1	0	4.16	1	1.2	0.8;
	68	1	-0.000945	-0.0004725	0	0	1	1	0	4.16	1	1.2	0.8;
	69	1	1e-10	5e-11	0	0	1	1	0	4.16	1	1.2	0.8;
	70	1	-0.000163	-8.15e-05	0	0	1	1	0	4.16	1	1.2	0.8;
	71	1	-0.001507	-0.0007535	0	0	1	1	0	4.16	1	1.2	0.8;
	72	1	-0.001073	-0.0005365	0	0	1	1	0	4.16	1	1.2	0.8;
	73	1	4.2e-05	2.1e-05	0	0	1	1	0	4.16	1	1.2	0.8;
	74	1	-0.0012	-0.0006	0	0	1	1	0	4.16	1	1.2	0.8;
	75	1	-0.001116	-0.000558	0	0	1	1	0	4.16	1	1.2	0.8;
	76	1	0.000336	0.000168	0	0	1	1	0	4.16	1	1.2	0.8;
	77	1	-0.000564	-0.000282	0	0	1	1	0	4.16	1	1.2	0.8;
	78	1	0.000348	0.000174	0	0	1	1	0	4.16	1	1.2	0.8;
	79	1	0.000321	0.0001605	0	0	1	1	0	4.16	1	1.2	0.8;
	80	1	-0.000483	-0.0002415	0	0	1	1	0	4.16	1	1.2	0.8;
	81	1	-0.001013	-0.0005065	0	0	1	1	0	4.16	1	1.2	0.8;
	82	1	-0.000497	-0.0002485	0	0	1	1	0	4.16	1	1.2	0.8;
	83	1	-0.000742	-0.000371	0	0	1	1	0	4.16	1	1.2	0.8;
	84	1	0.000641	0.0003205	0	0	1	1	0	4.16	1	1.2	0.8;
	85	1	-0.00048	-0.00024	0	0	1	1	0	4.16	1	1.2	0.8;
	86	1	-0.000443	-0.0002215	0	0	1	1	0	4.16	1	1.2	0.8;
	87	1	-0.001206	-0.000603	0	0	1	1	0	4.16	1	1.2	0.8;
	88	1	-0.001303	-0.0006515	0	0	1	1	0	4.16	1	1.2	0.8;
	89	1	-0.000837	-0.0004185	0	0	1	1	0	4.16	1	1.2	0.8;
	90	1	0.004312	0.002156	0	0	1	1	0	4.16	1	1.2	0.8;
	91	1	0.000842	0.000421	0	0	1	1	0	4.16	1	1.2	0.8;
	92	1	8.3e-05	4.15e-05	0	0	1	1	0	4.16	1	1.2	0.8;
	93	1	0.001298	0.000649	0	0	1	1	0	4.16	1	1.2	0.8;
	94	1	0.002232	0.001116	0	0	1	1	0	4.16	1	1.2	0.8;
	95	1	0.000567	0.0002835	0	0	1	1	0	4.16	1	1.2	0.8;
	96	1	0.000789	0.0003945	0	0	1	1	0	4.16	1	1.2	0.8;
	97	1	0.000577	0.0002885	0	0	1	1	0	4.16	1	1.2	0.8;
	98	1	0.000485	0.0002425	0	0	1	1	0	4.16	1	1.2	0.8;
	99	1	0.000486	0.000243	0	0	1	1	0	4.16	1	1.2	0.8;
	100	1	0.000534	0.000267	0	0	1	1	0	4.16	1	1.2	0.8;
	101	1	1e-10	5e-11	0	0	1	1	0	4.16	1	1.2	0.8;
	102	1	0.000293	0.0001465	0	0	1	1	0	4.16	1	1.2	0.8;
	103	1	0.000659	0.0003295	0	0	1	1	0	4.16	1	1.2	0.8;
	104	1	-2.1e-05	-1.05e-05	0	0	1	1	0	4.16	1	1.2	0.8;
	105	1	0.004962	0.002481	0	0	1	1	0	4.16	1	1.2	0.8;
	106	1	1e-10	5e-11	0	0	1	1	0	4.16	1	1.2	0.8;
	107	1	1e-10	5e-11	0	0	1	1	0	4.16	1	1.2	0.8;
	108	1	0.000243	0.0001215	0	0	1	1	0	4.16	1	1.2	0.8;
	109	1	-0.001257	-0.0006285	0	0	1	1	0	4.16	1	1.2	0.8;
];

%% generator data
%	bus	Pg	Qg	Qmax	Qmin	Vg	mBase	status	Pmax	Pmin	Pc1	Pc2	Qc1min	Qc1max	Qc2min	Qc2max	ramp_agc	ramp_10	ramp_30	ramp_q	apf
mpc.gen = [
	1	17.068	0	200	-200	1	1	1	200	-200	0	0	0	0	0	0	10	0	0	0	0;
];

%% branch data
%	fbus	tbus	r	x	b	rateA	rateB	rateC	ratio	angle	status	angmin	angmax
