function mpc = case_ieee123_storage_641
%CASE_IEEE123_STORAGE_641

%% MATPOWER Case Format : Version 2
mpc.version = '2';

%%-----  Power Flow Data  -----%%
%% system MVA base
mpc.baseMVA = 1;

%% bus data
%	bus_i	type	Pd	Qd	Gs	Bs	area	Vm	Va	baseKV	zone	Vmax	Vmin
mpc.bus = [
	1	3	-0.001192	-0.000596	0	0	1	1	0	4.16	1	1.2	0.8;
	2	1	0.000993	0.0004965	0	0	1	1	0	4.16	1	1.2	0.8;
	3	1	0.001912	0.000956	0	0	1	1	0	4.16	1	1.2	0.8;
	4	1	-0.000278	-0.000139	0	0	1	1	0	4.16	1	1.2	0.8;
	5	1	-0.000601	-0.0003005	0	0	1	1	0	4.16	1	1.2	0.8;
	6	1	1e-10	5e-11	0	0	1	1	0	4.16	1	1.2	0.8;
	7	1	1e-10	5e-11	0	0	1	1	0	4.16	1	1.2	0.8;
	8	1	-0.001137	-0.0005685	0	0	1	1	0	4.16	1	1.2	0.8;
	9	1	-0.002271	-0.0011355	0	0	1	1	0	4.16	1	1.2	0.8;
	10	1	-0.001114	-0.000557	0	0	1	1	0	4.16	1	1.2	0.8;
	11	1	1e-10	5e-11	0	0	1	1	0	4.16	1	1.2	0.8;
	12	1	-0.000785	-0.0003925	0	0	1	1	0	4.16	1	1.2	0.8;
	13	1	-0.000988	-0.000494	0	0	1	1	0	4.16	1	1.2	0.8;
	14	1	-0.001906	-0.000953	0	0	1	1	0	4.16	1	1.2	0.8;
	15	1	-0.000907	-0.0004535	0	0	1	1	0	4.16	1	1.2	0.8;
	16	1	1e-10	5e-11	0	0	1	1	0	4.16	1	1.2	0.8;
	17	1	-0.001287	-0.0006435	0	0	1	1	0	4.16	1	1.2	0.8;
	18	1	-0.001443	-0.0007215	0	0	1	1	0	4.16	1	1.2	0.8;
	19	1	-0.00109	-0.000545	0	0	1	1	0	4.16	1	1.2	0.8;
	20	1	-0.001027	-0.0005135	0	0	1	1	0	4.16	1	1.2	0.8;
	21	1	4.1e-05	2.05e-05	0	0	1	1	0	4.16	1	1.2	0.8;
	22	1	0.000293	0.0001465	0	0	1	1	0	4.16	1	1.2	0.8;
	23	1	-0.000526	-0.000263	0	0	1	1	0	4.16	1	1.2	0.8;
	24	1	-0.000906	-0.000453	0	0	1	1	0	4.16	1	1.2	0.8;
	25	1	-0.000752	-0.000376	0	0	1	1	0	4.16	1	1.2	0.8;
	26	1	0.000238	0.000119	0	0	1	1	0	4.16	1	1.2	0.8;
	27	1	-0.000926	-0.000463	0	0	1	1	0	4.16	1	1.2	0.8;
	28	1	-0.000921	-0.0004605	0	0	1	1	0	4.16	1	1.2	0.8;
	29	1	1e-10	5e-11	0	0	1	1	0	4.16	1	1.2	0.8;
	30	1	-0.000379	-0.0001895	0	0	1	1	0	4.16	1	1.2	0.8;
	31	1	0.000244	0.000122	0	0	1	1	0	4.16	1	1.2	0.8;
	32	1	-0.000435	-0.0002175	0	0	1	1	0	4.16	1	1.2	0.8;
	33	1	-0.000138	-6.9e-05	0	0	1	1	0	4.16	1	1.2	0.8;
	34	1	-0.00013	-6.5e-05	0	0	1	1	0	4.16	1	1.2	0.8;
	35	1	-0.000765	-0.0003825	0	0	1	1	0	4.16	1	1.2	0.8;
	36	1	1e-10	5e-11	0	0	1	1	0	4.16	1	1.2	0.8;
	37	1	-0.000398	-0.000199	0	0	1	1	0	4.16	1	1.2	0.8;
	38	1	1e-10	5e-11	0	0	1	1	0	4.16	1	1.2	0.8;
	39	1	8.2e-05	4.1e-05	0	0	1	1	0	4.16	1	1.2	0.8;
	40	1	-0.000494	-0.000247	0	0	1	1	0	4.16	1	1.2	0.8;
	41	1	-0.00125	-0.000625	0	0	1	1	0	4.16	1	1.2	0.8;
	42	1	-0.000741	-0.0003705	0	0	1	1	0	4.16	1	1.2	0.8;
	43	1	-8.8e-05	-4.4e-05	0	0	1	1	0	4.16	1	1.2	0.8;
	44	1	0.001558	0.000779	0	0	1	1	0	4.16	1	1.2	0.8;
	45	1	0.00608	0.00304	0	0	1	1	0	4.16	1	1.2	0.8;
	46	1	2e-06	1e-06	0	0	1	1	0	4.16	1	1.2	0.8;
	47	1	0.00103	0.000515	0	0	1	1	0	4.16	1	1.2	0.8;
	48	1	-0.000859	-0.0004295	0	0	1	1	0	4.16	1	1.2	0.8;
	49	1	-0.000963	-0.0004815	0	0	1	1	0	4.16	1	1.2	0.8;
	50	1	-0.000331	-0.0001655	0	0	1	1	0	4.16	1	1.2	0.8;
	51	1	1e-10	5e-11	0	0	1	1	0	4.16	1	1.2	0.8;
	52	1	-0.001502	-0.000751	0	0	1	1	0	4.16	1	1.2	0.8;
	53	1	-0.000385	-0.0001925	0	0	1	1	0	4.16	1	1.2	0.8;
	54	1	-0.00092	-0.00046	0	0	1	1	0	4.16	1	1.2	0.8;
	55	1	-0.00056	-0.00028	0	0	1	1	0	4.16	1	1.2	0.8;
	56	1	-0.000712	-0.000356	0	0	1	1	0	4.16	1	1.2	0.8;
	57	1	1e-10	5e-11	0	0	1	1	0	4.16	1	1.2	0.8;
	58	1	-0.000921	-0.0004605	0	0	1	1	0	4.16	1	1.2	0.8;
	59	1	-0.001217	-0.0006085	0	0	1	1	0	4.16	1	1.2	0.8;
	60	1	0.000109	5.45e-05	0	0	1	1	0	4.16	1	1.2	0.8;
	61	1	-0.001643	-0.0008215	0	0	1	1	0	4.16	1	1.2	0.8;
	62	1	-0.000441	-0.0002205	0	0	1	1	0	4.16	1	1.2	0.8;
	63	1	-0.001347	-0.0006735	0	0	1	1	0	4.16	1	1.2	0.8;
	64	1	0.000114	5.7e-05	0	0	1	1	0	4.16	1	1.2	0.8;
	65	1	-0.000282	-0.000141	0	0	1	1	0	4.16	1	1.2	0.8;
	66	1	-0.00053	-0.000265	0	0	1	1	0	4.16	1	1.2	0.8;
	67	1	-0.000412	-0.000206	0	0	1	1	0	4.16	1	1.2	0.8;
	68	1	-0.000735	-0.0003675	0	0	1	1	0	4.16	1	1.2	0.8;
	69	1	1e-10	5e-11	0	0	1	1	0	4.16	1	1.2	0.8;
	70	1	-0.00141	-0.000705	0	0	1	1	0	4.16	1	1.2	0.8;
	71	1	-0.001115	-0.0005575	0	0	1	1	0	4.16	1	1.2	0.8;
	72	1	-0.000745	-0.0003725	0	0	1	1	0	4.16	1	1.2	0.8;
	73	1	0.000156	7.8e-05	0	0	1	1	0	4.16	1	1.2	0.8;
	74	1	-0.000919	-0.0004595	0	0	1	1	0	4.16	1	1.2	0.8;
	75	1	-0.000992	-0.000496	0	0	1	1	0	4.16	1	1.2	0.8;
	76	1	0.000708	0.000354	0	0	1	1	0	4.16	1	1.2	0.8;
	77	1	-0.000205	-0.0001025	0	0	1	1	0	4.16	1	1.2	0.8;
	78	1	0.000849	0.0004245	0	0	1	1	0	4.16	1	1.2	0.8;
	79	1	0.003481	0.0017405	0	0	1	1	0	4.16	1	1.2	0.8;
	80	1	-0.000223	-0.0001115	0	0	1	1	0	4.16	1	1.2	0.8;
	81	1	-0.001218	-0.000609	0	0	1	1	0	4.16	1	1.2	0.8;
	82	1	-1.1e-05	-5.5e-06	0	0	1	1	0	4.16	1	1.2	0.8;
	83	1	-0.00024	-0.00012	0	0	1	1	0	4.16	1	1.2	0.8;
	84	1	0.001493	0.0007465	0	0	1	1	0	4.16	1	1.2	0.8;
	85	1	-0.00265	-0.001325	0	0	1	1	0	4.16	1	1.2	0.8;
	86	1	-0.000389	-0.0001945	0	0	1	1	0	4.16	1	1.2	0.8;
	87	1	-0.001202	-0.000601	0	0	1	1	0	4.16	1	1.2	0.8;
	88	1	-0.000637	-0.0003185	0	0	1	1	0	4.16	1	1.2	0.8;
	89	1	0.001988	0.000994	0	0	1	1	0	4.16	1	1.2	0.8;
	90	1	0.000457	0.0002285	0	0	1	1	0	4.16	1	1.2	0.8;
	91	1	0.000395	0.0001975	0	0	1	1	0	4.16	1	1.2	0.8;
	92	1	0.000156	7.8e-05	0	0	1	1	0	4.16	1	1.2	0.8;
	93	1	0.001621	0.0008105	0	0	1	1	0	4.16	1	1.2	0.8;
	94	1	0.005509	0.0027545	0	0	1	1	0	4.16	1	1.2	0.8;
	95	1	0.007328	0.003664	0	0	1	1	0	4.16	1	1.2	0.8;
	96	1	0.000323	0.0001615	0	0	1	1	0	4.16	1	1.2	0.8;
	97	1	0.000657	0.0003285	0	0	1	1	0	4.16	1	1.2	0.8;
	98	1	0.000601	0.0003005	0	0	1	1	0	4.16	1	1.2	0.8;
	99	1	6.5e-05	3.25e-05	0	0	1	1	0	4.16	1	1.2	0.8;
	100	1	0.000607	0.0003035	0	0	1	1	0	4.16	1	1.2	0.8;
	101	1	1e-10	5e-11	0	0	1	1	0	4.16	1	1.2	0.8;
	102	1	0.000416	0.000208	0	0	1	1	0	4.16	1	1.2	0.8;
	103	1	0.001086	0.000543	0	0	1	1	0	4.16	1	1.2	0.8;
	104	1	-0.00213	-0.001065	0	0	1	1	0	4.16	1	1.2	0.8;
	105	1	0.002277	0.0011385	0	0	1	1	0	4.16	1	1.2	0.8;
	106	1	1e-10	5e-11	0	0	1	1	0	4.16	1	1.2	0.8;
	107	1	1e-10	5e-11	0	0	1	1	0	4.16	1	1.2	0.8;
	108	1	0.000981	0.0004905	0	0	1	1	0	4.16	1	1.2	0.8;
	109	1	-0.001194	-0.000597	0	0	1	1	0	4.16	1	1.2	0.8;
];

%% generator data
%	bus	Pg	Qg	Qmax	Qmin	Vg	mBase	status	Pmax	Pmin	Pc1	Pc2	Qc1min	Qc1max	Qc2min	Qc2max	ramp_agc	ramp_10	ramp_30	ramp_q	apf
mpc.gen = [
	1	17.068	0	200	-200	1	1	1	200	-200	0	0	0	0	0	0	10	0	0	0	0;
];

%% branch data
%	fbus	tbus	r	x	b	rateA	rateB	rateC	ratio	angle	status	angmin	angmax
