function mpc = case_ieee123_storage_820
%CASE_IEEE123_STORAGE_820

%% MATPOWER Case Format : Version 2
mpc.version = '2';

%%-----  Power Flow Data  -----%%
%% system MVA base
mpc.baseMVA = 1;

%% bus data
%	bus_i	type	Pd	Qd	Gs	Bs	area	Vm	Va	baseKV	zone	Vmax	Vmin
mpc.bus = [
	1	3	-0.000627	-0.0003135	0	0	1	1	0	4.16	1	1.2	0.8;
	2	1	0.002249	0.0011245	0	0	1	1	0	4.16	1	1.2	0.8;
	3	1	0.00105	0.000525	0	0	1	1	0	4.16	1	1.2	0.8;
	4	1	0.003968	0.001984	0	0	1	1	0	4.16	1	1.2	0.8;
	5	1	-0.000322	-0.000161	0	0	1	1	0	4.16	1	1.2	0.8;
	6	1	1e-10	5e-11	0	0	1	1	0	4.16	1	1.2	0.8;
	7	1	1e-10	5e-11	0	0	1	1	0	4.16	1	1.2	0.8;
	8	1	-0.000483	-0.0002415	0	0	1	1	0	4.16	1	1.2	0.8;
	9	1	0.000365	0.0001825	0	0	1	1	0	4.16	1	1.2	0.8;
	10	1	-0.000915	-0.0004575	0	0	1	1	0	4.16	1	1.2	0.8;
	11	1	1e-10	5e-11	0	0	1	1	0	4.16	1	1.2	0.8;
	12	1	0.000124	6.2e-05	0	0	1	1	0	4.16	1	1.2	0.8;
	13	1	-0.000605	-0.0003025	0	0	1	1	0	4.16	1	1.2	0.8;
	14	1	3.3e-05	1.65e-05	0	0	1	1	0	4.16	1	1.2	0.8;
	15	1	-0.000522	-0.000261	0	0	1	1	0	4.16	1	1.2	0.8;
	16	1	1e-10	5e-11	0	0	1	1	0	4.16	1	1.2	0.8;
	17	1	-0.000651	-0.0003255	0	0	1	1	0	4.16	1	1.2	0.8;
	18	1	-0.000609	-0.0003045	0	0	1	1	0	4.16	1	1.2	0.8;
	19	1	-0.000602	-0.000301	0	0	1	1	0	4.16	1	1.2	0.8;
	20	1	-0.00074	-0.00037	0	0	1	1	0	4.16	1	1.2	0.8;
	21	1	0.000139	6.95e-05	0	0	1	1	0	4.16	1	1.2	0.8;
	22	1	0.000192	9.6e-05	0	0	1	1	0	4.16	1	1.2	0.8;
	23	1	-0.000426	-0.000213	0	0	1	1	0	4.16	1	1.2	0.8;
	24	1	0.000168	8.4e-05	0	0	1	1	0	4.16	1	1.2	0.8;
	25	1	0.002565	0.0012825	0	0	1	1	0	4.16	1	1.2	0.8;
	26	1	0.000412	0.000206	0	0	1	1	0	4.16	1	1.2	0.8;
	27	1	-0.000516	-0.000258	0	0	1	1	0	4.16	1	1.2	0.8;
	28	1	0.000202	0.000101	0	0	1	1	0	4.16	1	1.2	0.8;
	29	1	1e-10	5e-11	0	0	1	1	0	4.16	1	1.2	0.8;
	30	1	-0.00049	-0.000245	0	0	1	1	0	4.16	1	1.2	0.8;
	31	1	0.000134	6.7e-05	0	0	1	1	0	4.16	1	1.2	0.8;
	32	1	0.000352	0.000176	0	0	1	1	0	4.16	1	1.2	0.8;
	33	1	-0.00016	-8e-05	0	0	1	1	0	4.16	1	1.2	0.8;
	34	1	0.000211	0.0001055	0	0	1	1	0	4.16	1	1.2	0.8;
	35	1	0.001228	0.000614	0	0	1	1	0	4.16	1	1.2	0.8;
	36	1	1e-10	5e-11	0	0	1	1	0	4.16	1	1.2	0.8;
	37	1	0.00088	0.00044	0	0	1	1	0	4.16	1	1.2	0.8;
	38	1	1e-10	5e-11	0	0	1	1	0	4.16	1	1.2	0.8;
	39	1	0.001636	0.000818	0	0	1	1	0	4.16	1	1.2	0.8;
	40	1	3.7e-05	1.85e-05	0	0	1	1	0	4.16	1	1.2	0.8;
	41	1	4.4e-05	2.2e-05	0	0	1	1	0	4.16	1	1.2	0.8;
	42	1	-0.000205	-0.0001025	0	0	1	1	0	4.16	1	1.2	0.8;
	43	1	0.000165	8.25e-05	0	0	1	1	0	4.16	1	1.2	0.8;
	44	1	0.004505	0.0022525	0	0	1	1	0	4.16	1	1.2	0.8;
	45	1	0.008311	0.0041555	0	0	1	1	0	4.16	1	1.2	0.8;
	46	1	0.001963	0.0009815	0	0	1	1	0	4.16	1	1.2	0.8;
	47	1	0.000942	0.000471	0	0	1	1	0	4.16	1	1.2	0.8;
	48	1	0.000215	0.0001075	0	0	1	1	0	4.16	1	1.2	0.8;
	49	1	-0.000552	-0.000276	0	0	1	1	0	4.16	1	1.2	0.8;
	50	1	-0.000104	-5.2e-05	0	0	1	1	0	4.16	1	1.2	0.8;
	51	1	1e-10	5e-11	0	0	1	1	0	4.16	1	1.2	0.8;
	52	1	-0.000884	-0.000442	0	0	1	1	0	4.16	1	1.2	0.8;
	53	1	0.000886	0.000443	0	0	1	1	0	4.16	1	1.2	0.8;
	54	1	-0.000387	-0.0001935	0	0	1	1	0	4.16	1	1.2	0.8;
	55	1	-0.0003	-0.00015	0	0	1	1	0	4.16	1	1.2	0.8;
	56	1	1e-10	5e-11	0	0	1	1	0	4.16	1	1.2	0.8;
	57	1	-0.00032	-0.00016	0	0	1	1	0	4.16	1	1.2	0.8;
	58	1	-0.00046	-0.00023	0	0	1	1	0	4.16	1	1.2	0.8;
	59	1	-0.000712	-0.000356	0	0	1	1	0	4.16	1	1.2	0.8;
	60	1	0.000115	5.75e-05	0	0	1	1	0	4.16	1	1.2	0.8;
	61	1	-0.000607	-0.0003035	0	0	1	1	0	4.16	1	1.2	0.8;
	62	1	-0.000707	-0.0003535	0	0	1	1	0	4.16	1	1.2	0.8;
	63	1	2.2e-05	1.1e-05	0	0	1	1	0	4.16	1	1.2	0.8;
	64	1	0.003602	0.001801	0	0	1	1	0	4.16	1	1.2	0.8;
	65	1	-8.8e-05	-4.4e-05	0	0	1	1	0	4.16	1	1.2	0.8;
	66	1	0.005461	0.0027305	0	0	1	1	0	4.16	1	1.2	0.8;
	67	1	0.004673	0.0023365	0	0	1	1	0	4.16	1	1.2	0.8;
	68	1	-0.000869	-0.0004345	0	0	1	1	0	4.16	1	1.2	0.8;
	69	1	1e-10	5e-11	0	0	1	1	0	4.16	1	1.2	0.8;
	70	1	-0.000994	-0.000497	0	0	1	1	0	4.16	1	1.2	0.8;
	71	1	-0.000802	-0.000401	0	0	1	1	0	4.16	1	1.2	0.8;
	72	1	-0.000318	-0.000159	0	0	1	1	0	4.16	1	1.2	0.8;
	73	1	0.000158	7.9e-05	0	0	1	1	0	4.16	1	1.2	0.8;
	74	1	-0.000346	-0.000173	0	0	1	1	0	4.16	1	1.2	0.8;
	75	1	-0.000151	-7.55e-05	0	0	1	1	0	4.16	1	1.2	0.8;
	76	1	0.00034	0.00017	0	0	1	1	0	4.16	1	1.2	0.8;
	77	1	-0.000175	-8.75e-05	0	0	1	1	0	4.16	1	1.2	0.8;
	78	1	0.00088	0.00044	0	0	1	1	0	4.16	1	1.2	0.8;
	79	1	0.003717	0.0018585	0	0	1	1	0	4.16	1	1.2	0.8;
	80	1	2.6e-05	1.3e-05	0	0	1	1	0	4.16	1	1.2	0.8;
	81	1	-0.000269	-0.0001345	0	0	1	1	0	4.16	1	1.2	0.8;
	82	1	-0.001006	-0.000503	0	0	1	1	0	4.16	1	1.2	0.8;
	83	1	0.001388	0.000694	0	0	1	1	0	4.16	1	1.2	0.8;
	84	1	0.005012	0.002506	0	0	1	1	0	4.16	1	1.2	0.8;
	85	1	-3.7e-05	-1.85e-05	0	0	1	1	0	4.16	1	1.2	0.8;
	86	1	-0.000259	-0.0001295	0	0	1	1	0	4.16	1	1.2	0.8;
	87	1	-0.000741	-0.0003705	0	0	1	1	0	4.16	1	1.2	0.8;
	88	1	-0.000615	-0.0003075	0	0	1	1	0	4.16	1	1.2	0.8;
	89	1	-0.000444	-0.000222	0	0	1	1	0	4.16	1	1.2	0.8;
	90	1	0.000787	0.0003935	0	0	1	1	0	4.16	1	1.2	0.8;
	91	1	0.000726	0.000363	0	0	1	1	0	4.16	1	1.2	0.8;
	92	1	0.000193	9.65e-05	0	0	1	1	0	4.16	1	1.2	0.8;
	93	1	0.00099	0.000495	0	0	1	1	0	4.16	1	1.2	0.8;
	94	1	0.001876	0.000938	0	0	1	1	0	4.16	1	1.2	0.8;
	95	1	0.000569	0.0002845	0	0	1	1	0	4.16	1	1.2	0.8;
	96	1	0.000832	0.000416	0	0	1	1	0	4.16	1	1.2	0.8;
	97	1	0.000709	0.0003545	0	0	1	1	0	4.16	1	1.2	0.8;
	98	1	0.00099	0.000495	0	0	1	1	0	4.16	1	1.2	0.8;
	99	1	0.000186	9.3e-05	0	0	1	1	0	4.16	1	1.2	0.8;
	100	1	0.000535	0.0002675	0	0	1	1	0	4.16	1	1.2	0.8;
	101	1	1e-10	5e-11	0	0	1	1	0	4.16	1	1.2	0.8;
	102	1	0.000407	0.0002035	0	0	1	1	0	4.16	1	1.2	0.8;
	103	1	0.000646	0.000323	0	0	1	1	0	4.16	1	1.2	0.8;
	104	1	-0.001737	-0.0008685	0	0	1	1	0	4.16	1	1.2	0.8;
	105	1	0.004378	0.002189	0	0	1	1	0	4.16	1	1.2	0.8;
	106	1	1e-10	5e-11	0	0	1	1	0	4.16	1	1.2	0.8;
	107	1	1e-10	5e-11	0	0	1	1	0	4.16	1	1.2	0.8;
	108	1	0.000601	0.0003005	0	0	1	1	0	4.16	1	1.2	0.8;
	109	1	-0.000827	-0.0004135	0	0	1	1	0	4.16	1	1.2	0.8;
];

%% generator data
%	bus	Pg	Qg	Qmax	Qmin	Vg	mBase	status	Pmax	Pmin	Pc1	Pc2	Qc1min	Qc1max	Qc2min	Qc2max	ramp_agc	ramp_10	ramp_30	ramp_q	apf
mpc.gen = [
	1	17.068	0	200	-200	1	1	1	200	-200	0	0	0	0	0	0	10	0	0	0	0;
];

%% branch data
%	fbus	tbus	r	x	b	rateA	rateB	rateC	ratio	angle	status	angmin	angmax
