function mpc = case_ieee123_storage_747
%CASE_IEEE123_STORAGE_747

%% MATPOWER Case Format : Version 2
mpc.version = '2';

%%-----  Power Flow Data  -----%%
%% system MVA base
mpc.baseMVA = 1;

%% bus data
%	bus_i	type	Pd	Qd	Gs	Bs	area	Vm	Va	baseKV	zone	Vmax	Vmin
mpc.bus = [
	1	3	-0.00176	-0.00088	0	0	1	1	0	4.16	1	1.2	0.8;
	2	1	0.000411	0.0002055	0	0	1	1	0	4.16	1	1.2	0.8;
	3	1	0.000987	0.0004935	0	0	1	1	0	4.16	1	1.2	0.8;
	4	1	-0.000208	-0.000104	0	0	1	1	0	4.16	1	1.2	0.8;
	5	1	-0.000968	-0.000484	0	0	1	1	0	4.16	1	1.2	0.8;
	6	1	1e-10	5e-11	0	0	1	1	0	4.16	1	1.2	0.8;
	7	1	1e-10	5e-11	0	0	1	1	0	4.16	1	1.2	0.8;
	8	1	-0.001803	-0.0009015	0	0	1	1	0	4.16	1	1.2	0.8;
	9	1	-0.001526	-0.000763	0	0	1	1	0	4.16	1	1.2	0.8;
	10	1	-0.001721	-0.0008605	0	0	1	1	0	4.16	1	1.2	0.8;
	11	1	1e-10	5e-11	0	0	1	1	0	4.16	1	1.2	0.8;
	12	1	-0.000454	-0.000227	0	0	1	1	0	4.16	1	1.2	0.8;
	13	1	-0.001667	-0.0008335	0	0	1	1	0	4.16	1	1.2	0.8;
	14	1	4.8e-05	2.4e-05	0	0	1	1	0	4.16	1	1.2	0.8;
	15	1	-0.001284	-0.000642	0	0	1	1	0	4.16	1	1.2	0.8;
	16	1	1e-10	5e-11	0	0	1	1	0	4.16	1	1.2	0.8;
	17	1	-0.001648	-0.000824	0	0	1	1	0	4.16	1	1.2	0.8;
	18	1	-0.001683	-0.0008415	0	0	1	1	0	4.16	1	1.2	0.8;
	19	1	-0.001573	-0.0007865	0	0	1	1	0	4.16	1	1.2	0.8;
	20	1	-0.001744	-0.000872	0	0	1	1	0	4.16	1	1.2	0.8;
	21	1	-0.000604	-0.000302	0	0	1	1	0	4.16	1	1.2	0.8;
	22	1	0.000304	0.000152	0	0	1	1	0	4.16	1	1.2	0.8;
	23	1	-0.000791	-0.0003955	0	0	1	1	0	4.16	1	1.2	0.8;
	24	1	0.002663	0.0013315	0	0	1	1	0	4.16	1	1.2	0.8;
	25	1	-0.000782	-0.000391	0	0	1	1	0	4.16	1	1.2	0.8;
	26	1	0.000347	0.0001735	0	0	1	1	0	4.16	1	1.2	0.8;
	27	1	-0.001554	-0.000777	0	0	1	1	0	4.16	1	1.2	0.8;
	28	1	-0.001054	-0.000527	0	0	1	1	0	4.16	1	1.2	0.8;
	29	1	1e-10	5e-11	0	0	1	1	0	4.16	1	1.2	0.8;
	30	1	-0.001033	-0.0005165	0	0	1	1	0	4.16	1	1.2	0.8;
	31	1	0.000247	0.0001235	0	0	1	1	0	4.16	1	1.2	0.8;
	32	1	-0.000393	-0.0001965	0	0	1	1	0	4.16	1	1.2	0.8;
	33	1	1.6e-05	8e-06	0	0	1	1	0	4.16	1	1.2	0.8;
	34	1	-0.000644	-0.000322	0	0	1	1	0	4.16	1	1.2	0.8;
	35	1	-0.000613	-0.0003065	0	0	1	1	0	4.16	1	1.2	0.8;
	36	1	1e-10	5e-11	0	0	1	1	0	4.16	1	1.2	0.8;
	37	1	0.002965	0.0014825	0	0	1	1	0	4.16	1	1.2	0.8;
	38	1	0.004913	0.0024565	0	0	1	1	0	4.16	1	1.2	0.8;
	39	1	0.000449	0.0002245	0	0	1	1	0	4.16	1	1.2	0.8;
	40	1	-0.001125	-0.0005625	0	0	1	1	0	4.16	1	1.2	0.8;
	41	1	-0.001803	-0.0009015	0	0	1	1	0	4.16	1	1.2	0.8;
	42	1	-0.001428	-0.000714	0	0	1	1	0	4.16	1	1.2	0.8;
	43	1	0.000347	0.0001735	0	0	1	1	0	4.16	1	1.2	0.8;
	44	1	0.003092	0.001546	0	0	1	1	0	4.16	1	1.2	0.8;
	45	1	0.008363	0.0041815	0	0	1	1	0	4.16	1	1.2	0.8;
	46	1	-0.000156	-7.8e-05	0	0	1	1	0	4.16	1	1.2	0.8;
	47	1	-0.000341	-0.0001705	0	0	1	1	0	4.16	1	1.2	0.8;
	48	1	-0.000802	-0.000401	0	0	1	1	0	4.16	1	1.2	0.8;
	49	1	-0.001346	-0.000673	0	0	1	1	0	4.16	1	1.2	0.8;
	50	1	-0.000823	-0.0004115	0	0	1	1	0	4.16	1	1.2	0.8;
	51	1	1e-10	5e-11	0	0	1	1	0	4.16	1	1.2	0.8;
	52	1	-0.002027	-0.0010135	0	0	1	1	0	4.16	1	1.2	0.8;
	53	1	0.005924	0.002962	0	0	1	1	0	4.16	1	1.2	0.8;
	54	1	-0.001244	-0.000622	0	0	1	1	0	4.16	1	1.2	0.8;
	55	1	-0.000812	-0.000406	0	0	1	1	0	4.16	1	1.2	0.8;
	56	1	-0.001264	-0.000632	0	0	1	1	0	4.16	1	1.2	0.8;
	57	1	-0.000736	-0.000368	0	0	1	1	0	4.16	1	1.2	0.8;
	58	1	-0.001339	-0.0006695	0	0	1	1	0	4.16	1	1.2	0.8;
	59	1	-0.002009	-0.0010045	0	0	1	1	0	4.16	1	1.2	0.8;
	60	1	0.000247	0.0001235	0	0	1	1	0	4.16	1	1.2	0.8;
	61	1	-0.000875	-0.0004375	0	0	1	1	0	4.16	1	1.2	0.8;
	62	1	-0.000498	-0.000249	0	0	1	1	0	4.16	1	1.2	0.8;
	63	1	-0.001558	-0.000779	0	0	1	1	0	4.16	1	1.2	0.8;
	64	1	0.000896	0.000448	0	0	1	1	0	4.16	1	1.2	0.8;
	65	1	-0.000858	-0.000429	0	0	1	1	0	4.16	1	1.2	0.8;
	66	1	-0.000943	-0.0004715	0	0	1	1	0	4.16	1	1.2	0.8;
	67	1	-0.000326	-0.000163	0	0	1	1	0	4.16	1	1.2	0.8;
	68	1	-0.001151	-0.0005755	0	0	1	1	0	4.16	1	1.2	0.8;
	69	1	1e-10	5e-11	0	0	1	1	0	4.16	1	1.2	0.8;
	70	1	-0.000654	-0.000327	0	0	1	1	0	4.16	1	1.2	0.8;
	71	1	-0.002079	-0.0010395	0	0	1	1	0	4.16	1	1.2	0.8;
	72	1	-0.001403	-0.0007015	0	0	1	1	0	4.16	1	1.2	0.8;
	73	1	0.000151	7.55e-05	0	0	1	1	0	4.16	1	1.2	0.8;
	74	1	-0.001839	-0.0009195	0	0	1	1	0	4.16	1	1.2	0.8;
	75	1	-0.00206	-0.00103	0	0	1	1	0	4.16	1	1.2	0.8;
	76	1	0.000448	0.000224	0	0	1	1	0	4.16	1	1.2	0.8;
	77	1	0.000785	0.0003925	0	0	1	1	0	4.16	1	1.2	0.8;
	78	1	0.00022	0.00011	0	0	1	1	0	4.16	1	1.2	0.8;
	79	1	0.003371	0.0016855	0	0	1	1	0	4.16	1	1.2	0.8;
	80	1	-0.00075	-0.000375	0	0	1	1	0	4.16	1	1.2	0.8;
	81	1	-0.001832	-0.000916	0	0	1	1	0	4.16	1	1.2	0.8;
	82	1	-0.000806	-0.000403	0	0	1	1	0	4.16	1	1.2	0.8;
	83	1	-0.000852	-0.000426	0	0	1	1	0	4.16	1	1.2	0.8;
	84	1	0.000656	0.000328	0	0	1	1	0	4.16	1	1.2	0.8;
	85	1	-0.00068	-0.00034	0	0	1	1	0	4.16	1	1.2	0.8;
	86	1	-0.000634	-0.000317	0	0	1	1	0	4.16	1	1.2	0.8;
	87	1	-0.001519	-0.0007595	0	0	1	1	0	4.16	1	1.2	0.8;
	88	1	-0.001661	-0.0008305	0	0	1	1	0	4.16	1	1.2	0.8;
	89	1	-0.001084	-0.000542	0	0	1	1	0	4.16	1	1.2	0.8;
	90	1	-0.000347	-0.0001735	0	0	1	1	0	4.16	1	1.2	0.8;
	91	1	0.000163	8.15e-05	0	0	1	1	0	4.16	1	1.2	0.8;
	92	1	0.000197	9.85e-05	0	0	1	1	0	4.16	1	1.2	0.8;
	93	1	0.001467	0.0007335	0	0	1	1	0	4.16	1	1.2	0.8;
	94	1	0.006639	0.0033195	0	0	1	1	0	4.16	1	1.2	0.8;
	95	1	0.000784	0.000392	0	0	1	1	0	4.16	1	1.2	0.8;
	96	1	0.000321	0.0001605	0	0	1	1	0	4.16	1	1.2	0.8;
	97	1	0.000658	0.000329	0	0	1	1	0	4.16	1	1.2	0.8;
	98	1	-0.000693	-0.0003465	0	0	1	1	0	4.16	1	1.2	0.8;
	99	1	0.000223	0.0001115	0	0	1	1	0	4.16	1	1.2	0.8;
	100	1	0.000606	0.000303	0	0	1	1	0	4.16	1	1.2	0.8;
	101	1	0.000135	6.75e-05	0	0	1	1	0	4.16	1	1.2	0.8;
	102	1	0.000224	0.000112	0	0	1	1	0	4.16	1	1.2	0.8;
	103	1	0.000628	0.000314	0	0	1	1	0	4.16	1	1.2	0.8;
	104	1	-0.001138	-0.000569	0	0	1	1	0	4.16	1	1.2	0.8;
	105	1	0.002686	0.001343	0	0	1	1	0	4.16	1	1.2	0.8;
	106	1	1e-10	5e-11	0	0	1	1	0	4.16	1	1.2	0.8;
	107	1	1e-10	5e-11	0	0	1	1	0	4.16	1	1.2	0.8;
	108	1	0.00039	0.000195	0	0	1	1	0	4.16	1	1.2	0.8;
	109	1	-0.001582	-0.000791	0	0	1	1	0	4.16	1	1.2	0.8;
];

%% generator data
%	bus	Pg	Qg	Qmax	Qmin	Vg	mBase	status	Pmax	Pmin	Pc1	Pc2	Qc1min	Qc1max	Qc2min	Qc2max	ramp_agc	ramp_10	ramp_30	ramp_q	apf
mpc.gen = [
	1	17.068	0	200	-200	1	1	1	200	-200	0	0	0	0	0	0	10	0	0	0	0;
];

%% branch data
%	fbus	tbus	r	x	b	rateA	rateB	rateC	ratio	angle	status	angmin	angmax
