function mpc = case_ieee123_storage_867
%CASE_IEEE123_STORAGE_867

%% MATPOWER Case Format : Version 2
mpc.version = '2';

%%-----  Power Flow Data  -----%%
%% system MVA base
mpc.baseMVA = 1;

%% bus data
%	bus_i	type	Pd	Qd	Gs	Bs	area	Vm	Va	baseKV	zone	Vmax	Vmin
mpc.bus = [
	1	3	-0.000308	-0.000154	0	0	1	1	0	4.16	1	1.2	0.8;
	2	1	0.001426	0.000713	0	0	1	1	0	4.16	1	1.2	0.8;
	3	1	0.00101	0.000505	0	0	1	1	0	4.16	1	1.2	0.8;
	4	1	-0.000146	-7.3e-05	0	0	1	1	0	4.16	1	1.2	0.8;
	5	1	-0.000183	-9.15e-05	0	0	1	1	0	4.16	1	1.2	0.8;
	6	1	1e-10	5e-11	0	0	1	1	0	4.16	1	1.2	0.8;
	7	1	1e-10	5e-11	0	0	1	1	0	4.16	1	1.2	0.8;
	8	1	0.000322	0.000161	0	0	1	1	0	4.16	1	1.2	0.8;
	9	1	0.001157	0.0005785	0	0	1	1	0	4.16	1	1.2	0.8;
	10	1	-0.000561	-0.0002805	0	0	1	1	0	4.16	1	1.2	0.8;
	11	1	1e-10	5e-11	0	0	1	1	0	4.16	1	1.2	0.8;
	12	1	0.001836	0.000918	0	0	1	1	0	4.16	1	1.2	0.8;
	13	1	-0.000379	-0.0001895	0	0	1	1	0	4.16	1	1.2	0.8;
	14	1	0.002917	0.0014585	0	0	1	1	0	4.16	1	1.2	0.8;
	15	1	-0.000204	-0.000102	0	0	1	1	0	4.16	1	1.2	0.8;
	16	1	1e-10	5e-11	0	0	1	1	0	4.16	1	1.2	0.8;
	17	1	-0.000377	-0.0001885	0	0	1	1	0	4.16	1	1.2	0.8;
	18	1	-0.000402	-0.000201	0	0	1	1	0	4.16	1	1.2	0.8;
	19	1	-0.000387	-0.0001935	0	0	1	1	0	4.16	1	1.2	0.8;
	20	1	-0.000523	-0.0002615	0	0	1	1	0	4.16	1	1.2	0.8;
	21	1	0.000187	9.35e-05	0	0	1	1	0	4.16	1	1.2	0.8;
	22	1	0.000397	0.0001985	0	0	1	1	0	4.16	1	1.2	0.8;
	23	1	-0.000379	-0.0001895	0	0	1	1	0	4.16	1	1.2	0.8;
	24	1	0.000275	0.0001375	0	0	1	1	0	4.16	1	1.2	0.8;
	25	1	0.003048	0.001524	0	0	1	1	0	4.16	1	1.2	0.8;
	26	1	0.000616	0.000308	0	0	1	1	0	4.16	1	1.2	0.8;
	27	1	-0.000392	-0.000196	0	0	1	1	0	4.16	1	1.2	0.8;
	28	1	0.001116	0.000558	0	0	1	1	0	4.16	1	1.2	0.8;
	29	1	1e-10	5e-11	0	0	1	1	0	4.16	1	1.2	0.8;
	30	1	-0.000266	-0.000133	0	0	1	1	0	4.16	1	1.2	0.8;
	31	1	0.000135	6.75e-05	0	0	1	1	0	4.16	1	1.2	0.8;
	32	1	0.000533	0.0002665	0	0	1	1	0	4.16	1	1.2	0.8;
	33	1	0.002116	0.001058	0	0	1	1	0	4.16	1	1.2	0.8;
	34	1	0.000118	5.9e-05	0	0	1	1	0	4.16	1	1.2	0.8;
	35	1	0.003476	0.001738	0	0	1	1	0	4.16	1	1.2	0.8;
	36	1	1e-10	5e-11	0	0	1	1	0	4.16	1	1.2	0.8;
	37	1	-0.000801	-0.0004005	0	0	1	1	0	4.16	1	1.2	0.8;
	38	1	1e-10	5e-11	0	0	1	1	0	4.16	1	1.2	0.8;
	39	1	0.000226	0.000113	0	0	1	1	0	4.16	1	1.2	0.8;
	40	1	5.9e-05	2.95e-05	0	0	1	1	0	4.16	1	1.2	0.8;
	41	1	-0.000247	-0.0001235	0	0	1	1	0	4.16	1	1.2	0.8;
	42	1	-0.000402	-0.000201	0	0	1	1	0	4.16	1	1.2	0.8;
	43	1	0.00089	0.000445	0	0	1	1	0	4.16	1	1.2	0.8;
	44	1	0.000643	0.0003215	0	0	1	1	0	4.16	1	1.2	0.8;
	45	1	0.008299	0.0041495	0	0	1	1	0	4.16	1	1.2	0.8;
	46	1	0.000914	0.000457	0	0	1	1	0	4.16	1	1.2	0.8;
	47	1	0.001121	0.0005605	0	0	1	1	0	4.16	1	1.2	0.8;
	48	1	0.000203	0.0001015	0	0	1	1	0	4.16	1	1.2	0.8;
	49	1	-0.000409	-0.0002045	0	0	1	1	0	4.16	1	1.2	0.8;
	50	1	9.2e-05	4.6e-05	0	0	1	1	0	4.16	1	1.2	0.8;
	51	1	0.000108	5.4e-05	0	0	1	1	0	4.16	1	1.2	0.8;
	52	1	-0.000449	-0.0002245	0	0	1	1	0	4.16	1	1.2	0.8;
	53	1	0.001045	0.0005225	0	0	1	1	0	4.16	1	1.2	0.8;
	54	1	-0.000187	-9.35e-05	0	0	1	1	0	4.16	1	1.2	0.8;
	55	1	-0.000221	-0.0001105	0	0	1	1	0	4.16	1	1.2	0.8;
	56	1	-0.000225	-0.0001125	0	0	1	1	0	4.16	1	1.2	0.8;
	57	1	0.002612	0.001306	0	0	1	1	0	4.16	1	1.2	0.8;
	58	1	0.00112	0.00056	0	0	1	1	0	4.16	1	1.2	0.8;
	59	1	-0.000328	-0.000164	0	0	1	1	0	4.16	1	1.2	0.8;
	60	1	0.00022	0.00011	0	0	1	1	0	4.16	1	1.2	0.8;
	61	1	-0.001376	-0.000688	0	0	1	1	0	4.16	1	1.2	0.8;
	62	1	0.002587	0.0012935	0	0	1	1	0	4.16	1	1.2	0.8;
	63	1	-0.000213	-0.0001065	0	0	1	1	0	4.16	1	1.2	0.8;
	64	1	0.003896	0.001948	0	0	1	1	0	4.16	1	1.2	0.8;
	65	1	0.000276	0.000138	0	0	1	1	0	4.16	1	1.2	0.8;
	66	1	0.000609	0.0003045	0	0	1	1	0	4.16	1	1.2	0.8;
	67	1	0.002881	0.0014405	0	0	1	1	0	4.16	1	1.2	0.8;
	68	1	1.7e-05	8.5e-06	0	0	1	1	0	4.16	1	1.2	0.8;
	69	1	1e-10	5e-11	0	0	1	1	0	4.16	1	1.2	0.8;
	70	1	-0.000746	-0.000373	0	0	1	1	0	4.16	1	1.2	0.8;
	71	1	-0.000353	-0.0001765	0	0	1	1	0	4.16	1	1.2	0.8;
	72	1	0.000255	0.0001275	0	0	1	1	0	4.16	1	1.2	0.8;
	73	1	0.000602	0.000301	0	0	1	1	0	4.16	1	1.2	0.8;
	74	1	0.000151	7.55e-05	0	0	1	1	0	4.16	1	1.2	0.8;
	75	1	-0.000217	-0.0001085	0	0	1	1	0	4.16	1	1.2	0.8;
	76	1	0.000247	0.0001235	0	0	1	1	0	4.16	1	1.2	0.8;
	77	1	0.000167	8.35e-05	0	0	1	1	0	4.16	1	1.2	0.8;
	78	1	0.005059	0.0025295	0	0	1	1	0	4.16	1	1.2	0.8;
	79	1	0.000966	0.000483	0	0	1	1	0	4.16	1	1.2	0.8;
	80	1	4e-06	2e-06	0	0	1	1	0	4.16	1	1.2	0.8;
	81	1	-0.000261	-0.0001305	0	0	1	1	0	4.16	1	1.2	0.8;
	82	1	-0.000547	-0.0002735	0	0	1	1	0	4.16	1	1.2	0.8;
	83	1	1e-10	5e-11	0	0	1	1	0	4.16	1	1.2	0.8;
	84	1	0.000626	0.000313	0	0	1	1	0	4.16	1	1.2	0.8;
	85	1	-0.000789	-0.0003945	0	0	1	1	0	4.16	1	1.2	0.8;
	86	1	-8.8e-05	-4.4e-05	0	0	1	1	0	4.16	1	1.2	0.8;
	87	1	-0.000414	-0.000207	0	0	1	1	0	4.16	1	1.2	0.8;
	88	1	-0.000269	-0.0001345	0	0	1	1	0	4.16	1	1.2	0.8;
	89	1	-0.000175	-8.75e-05	0	0	1	1	0	4.16	1	1.2	0.8;
	90	1	0.000614	0.000307	0	0	1	1	0	4.16	1	1.2	0.8;
	91	1	8.9e-05	4.45e-05	0	0	1	1	0	4.16	1	1.2	0.8;
	92	1	0.001717	0.0008585	0	0	1	1	0	4.16	1	1.2	0.8;
	93	1	0.001098	0.000549	0	0	1	1	0	4.16	1	1.2	0.8;
	94	1	0.004436	0.002218	0	0	1	1	0	4.16	1	1.2	0.8;
	95	1	0.000566	0.000283	0	0	1	1	0	4.16	1	1.2	0.8;
	96	1	0.003461	0.0017305	0	0	1	1	0	4.16	1	1.2	0.8;
	97	1	0.000491	0.0002455	0	0	1	1	0	4.16	1	1.2	0.8;
	98	1	0.001074	0.000537	0	0	1	1	0	4.16	1	1.2	0.8;
	99	1	0.002901	0.0014505	0	0	1	1	0	4.16	1	1.2	0.8;
	100	1	0.000403	0.0002015	0	0	1	1	0	4.16	1	1.2	0.8;
	101	1	1e-10	5e-11	0	0	1	1	0	4.16	1	1.2	0.8;
	102	1	0.000158	7.9e-05	0	0	1	1	0	4.16	1	1.2	0.8;
	103	1	0.000608	0.000304	0	0	1	1	0	4.16	1	1.2	0.8;
	104	1	-0.000446	-0.000223	0	0	1	1	0	4.16	1	1.2	0.8;
	105	1	0.004763	0.0023815	0	0	1	1	0	4.16	1	1.2	0.8;
	106	1	1e-10	5e-11	0	0	1	1	0	4.16	1	1.2	0.8;
	107	1	1e-10	5e-11	0	0	1	1	0	4.16	1	1.2	0.8;
	108	1	0.000505	0.0002525	0	0	1	1	0	4.16	1	1.2	0.8;
	109	1	-0.000381	-0.0001905	0	0	1	1	0	4.16	1	1.2	0.8;
];

%% generator data
%	bus	Pg	Qg	Qmax	Qmin	Vg	mBase	status	Pmax	Pmin	Pc1	Pc2	Qc1min	Qc1max	Qc2min	Qc2max	ramp_agc	ramp_10	ramp_30	ramp_q	apf
mpc.gen = [
	1	17.068	0	200	-200	1	1	1	200	-200	0	0	0	0	0	0	10	0	0	0	0;
];

%% branch data
%	fbus	tbus	r	x	b	rateA	rateB	rateC	ratio	angle	status	angmin	angmax
