function mpc = case_ieee123_storage_237
%CASE_IEEE123_STORAGE_237

%% MATPOWER Case Format : Version 2
mpc.version = '2';

%%-----  Power Flow Data  -----%%
%% system MVA base
mpc.baseMVA = 1;

%% bus data
%	bus_i	type	Pd	Qd	Gs	Bs	area	Vm	Va	baseKV	zone	Vmax	Vmin
mpc.bus = [
	1	3	0.000325	0.0001625	0	0	1	1	0	4.16	1	1.2	0.8;
	2	1	0.001222	0.000611	0	0	1	1	0	4.16	1	1.2	0.8;
	3	1	0.001144	0.000572	0	0	1	1	0	4.16	1	1.2	0.8;
	4	1	0.000216	0.000108	0	0	1	1	0	4.16	1	1.2	0.8;
	5	1	0.000338	0.000169	0	0	1	1	0	4.16	1	1.2	0.8;
	6	1	1e-10	5e-11	0	0	1	1	0	4.16	1	1.2	0.8;
	7	1	1e-10	5e-11	0	0	1	1	0	4.16	1	1.2	0.8;
	8	1	0.000321	0.0001605	0	0	1	1	0	4.16	1	1.2	0.8;
	9	1	0.002645	0.0013225	0	0	1	1	0	4.16	1	1.2	0.8;
	10	1	0.000252	0.000126	0	0	1	1	0	4.16	1	1.2	0.8;
	11	1	1e-10	5e-11	0	0	1	1	0	4.16	1	1.2	0.8;
	12	1	0.000573	0.0002865	0	0	1	1	0	4.16	1	1.2	0.8;
	13	1	0.000331	0.0001655	0	0	1	1	0	4.16	1	1.2	0.8;
	14	1	0.00105	0.000525	0	0	1	1	0	4.16	1	1.2	0.8;
	15	1	0.000193	9.65e-05	0	0	1	1	0	4.16	1	1.2	0.8;
	16	1	1e-10	5e-11	0	0	1	1	0	4.16	1	1.2	0.8;
	17	1	0.000227	0.0001135	0	0	1	1	0	4.16	1	1.2	0.8;
	18	1	0.000263	0.0001315	0	0	1	1	0	4.16	1	1.2	0.8;
	19	1	0.000431	0.0002155	0	0	1	1	0	4.16	1	1.2	0.8;
	20	1	0.000126	6.3e-05	0	0	1	1	0	4.16	1	1.2	0.8;
	21	1	0.000252	0.000126	0	0	1	1	0	4.16	1	1.2	0.8;
	22	1	0.000309	0.0001545	0	0	1	1	0	4.16	1	1.2	0.8;
	23	1	0.000109	5.45e-05	0	0	1	1	0	4.16	1	1.2	0.8;
	24	1	0.000357	0.0001785	0	0	1	1	0	4.16	1	1.2	0.8;
	25	1	0.000161	8.05e-05	0	0	1	1	0	4.16	1	1.2	0.8;
	26	1	0.000342	0.000171	0	0	1	1	0	4.16	1	1.2	0.8;
	27	1	0.00016	8e-05	0	0	1	1	0	4.16	1	1.2	0.8;
	28	1	0.000357	0.0001785	0	0	1	1	0	4.16	1	1.2	0.8;
	29	1	1e-10	5e-11	0	0	1	1	0	4.16	1	1.2	0.8;
	30	1	0.000234	0.000117	0	0	1	1	0	4.16	1	1.2	0.8;
	31	1	0.000239	0.0001195	0	0	1	1	0	4.16	1	1.2	0.8;
	32	1	0.000802	0.000401	0	0	1	1	0	4.16	1	1.2	0.8;
	33	1	0.001806	0.000903	0	0	1	1	0	4.16	1	1.2	0.8;
	34	1	0.000605	0.0003025	0	0	1	1	0	4.16	1	1.2	0.8;
	35	1	0.000685	0.0003425	0	0	1	1	0	4.16	1	1.2	0.8;
	36	1	1e-10	5e-11	0	0	1	1	0	4.16	1	1.2	0.8;
	37	1	0.002687	0.0013435	0	0	1	1	0	4.16	1	1.2	0.8;
	38	1	1e-10	5e-11	0	0	1	1	0	4.16	1	1.2	0.8;
	39	1	0.000489	0.0002445	0	0	1	1	0	4.16	1	1.2	0.8;
	40	1	0.000578	0.000289	0	0	1	1	0	4.16	1	1.2	0.8;
	41	1	0.000228	0.000114	0	0	1	1	0	4.16	1	1.2	0.8;
	42	1	0.00037	0.000185	0	0	1	1	0	4.16	1	1.2	0.8;
	43	1	0.000809	0.0004045	0	0	1	1	0	4.16	1	1.2	0.8;
	44	1	0.000463	0.0002315	0	0	1	1	0	4.16	1	1.2	0.8;
	45	1	0.001012	0.000506	0	0	1	1	0	4.16	1	1.2	0.8;
	46	1	0.009899	0.0049495	0	0	1	1	0	4.16	1	1.2	0.8;
	47	1	0.001667	0.0008335	0	0	1	1	0	4.16	1	1.2	0.8;
	48	1	0.00033	0.000165	0	0	1	1	0	4.16	1	1.2	0.8;
	49	1	0.000326	0.000163	0	0	1	1	0	4.16	1	1.2	0.8;
	50	1	0.000417	0.0002085	0	0	1	1	0	4.16	1	1.2	0.8;
	51	1	1e-10	5e-11	0	0	1	1	0	4.16	1	1.2	0.8;
	52	1	0.000203	0.0001015	0	0	1	1	0	4.16	1	1.2	0.8;
	53	1	0.000617	0.0003085	0	0	1	1	0	4.16	1	1.2	0.8;
	54	1	0.000403	0.0002015	0	0	1	1	0	4.16	1	1.2	0.8;
	55	1	0.000327	0.0001635	0	0	1	1	0	4.16	1	1.2	0.8;
	56	1	0.000241	0.0001205	0	0	1	1	0	4.16	1	1.2	0.8;
	57	1	5.5e-05	2.75e-05	0	0	1	1	0	4.16	1	1.2	0.8;
	58	1	8.5e-05	4.25e-05	0	0	1	1	0	4.16	1	1.2	0.8;
	59	1	0.000131	6.55e-05	0	0	1	1	0	4.16	1	1.2	0.8;
	60	1	0.000243	0.0001215	0	0	1	1	0	4.16	1	1.2	0.8;
	61	1	0.000356	0.000178	0	0	1	1	0	4.16	1	1.2	0.8;
	62	1	0.000505	0.0002525	0	0	1	1	0	4.16	1	1.2	0.8;
	63	1	0.000498	0.000249	0	0	1	1	0	4.16	1	1.2	0.8;
	64	1	0.000271	0.0001355	0	0	1	1	0	4.16	1	1.2	0.8;
	65	1	0.000637	0.0003185	0	0	1	1	0	4.16	1	1.2	0.8;
	66	1	0.000908	0.000454	0	0	1	1	0	4.16	1	1.2	0.8;
	67	1	0.000282	0.000141	0	0	1	1	0	4.16	1	1.2	0.8;
	68	1	0.000804	0.000402	0	0	1	1	0	4.16	1	1.2	0.8;
	69	1	1e-10	5e-11	0	0	1	1	0	4.16	1	1.2	0.8;
	70	1	0.00042	0.00021	0	0	1	1	0	4.16	1	1.2	0.8;
	71	1	0.000769	0.0003845	0	0	1	1	0	4.16	1	1.2	0.8;
	72	1	0.000155	7.75e-05	0	0	1	1	0	4.16	1	1.2	0.8;
	73	1	4.3e-05	2.15e-05	0	0	1	1	0	4.16	1	1.2	0.8;
	74	1	0.000324	0.000162	0	0	1	1	0	4.16	1	1.2	0.8;
	75	1	0.000315	0.0001575	0	0	1	1	0	4.16	1	1.2	0.8;
	76	1	0.00034	0.00017	0	0	1	1	0	4.16	1	1.2	0.8;
	77	1	0.000529	0.0002645	0	0	1	1	0	4.16	1	1.2	0.8;
	78	1	0.000627	0.0003135	0	0	1	1	0	4.16	1	1.2	0.8;
	79	1	0.000465	0.0002325	0	0	1	1	0	4.16	1	1.2	0.8;
	80	1	0.000827	0.0004135	0	0	1	1	0	4.16	1	1.2	0.8;
	81	1	0.000407	0.0002035	0	0	1	1	0	4.16	1	1.2	0.8;
	82	1	0.000338	0.000169	0	0	1	1	0	4.16	1	1.2	0.8;
	83	1	0.000232	0.000116	0	0	1	1	0	4.16	1	1.2	0.8;
	84	1	0.000313	0.0001565	0	0	1	1	0	4.16	1	1.2	0.8;
	85	1	0.000235	0.0001175	0	0	1	1	0	4.16	1	1.2	0.8;
	86	1	0.000316	0.000158	0	0	1	1	0	4.16	1	1.2	0.8;
	87	1	0.000337	0.0001685	0	0	1	1	0	4.16	1	1.2	0.8;
	88	1	0.000312	0.000156	0	0	1	1	0	4.16	1	1.2	0.8;
	89	1	0.000167	8.35e-05	0	0	1	1	0	4.16	1	1.2	0.8;
	90	1	0.00075	0.000375	0	0	1	1	0	4.16	1	1.2	0.8;
	91	1	0.000111	5.55e-05	0	0	1	1	0	4.16	1	1.2	0.8;
	92	1	0.00036	0.00018	0	0	1	1	0	4.16	1	1.2	0.8;
	93	1	0.000699	0.0003495	0	0	1	1	0	4.16	1	1.2	0.8;
	94	1	0.000406	0.000203	0	0	1	1	0	4.16	1	1.2	0.8;
	95	1	0.001168	0.000584	0	0	1	1	0	4.16	1	1.2	0.8;
	96	1	0.001317	0.0006585	0	0	1	1	0	4.16	1	1.2	0.8;
	97	1	0.000453	0.0002265	0	0	1	1	0	4.16	1	1.2	0.8;
	98	1	0.000674	0.000337	0	0	1	1	0	4.16	1	1.2	0.8;
	99	1	6.6e-05	3.3e-05	0	0	1	1	0	4.16	1	1.2	0.8;
	100	1	0.002755	0.0013775	0	0	1	1	0	4.16	1	1.2	0.8;
	101	1	0.000144	7.2e-05	0	0	1	1	0	4.16	1	1.2	0.8;
	102	1	0.000209	0.0001045	0	0	1	1	0	4.16	1	1.2	0.8;
	103	1	0.000724	0.000362	0	0	1	1	0	4.16	1	1.2	0.8;
	104	1	0.00035	0.000175	0	0	1	1	0	4.16	1	1.2	0.8;
	105	1	0.000889	0.0004445	0	0	1	1	0	4.16	1	1.2	0.8;
	106	1	1e-10	5e-11	0	0	1	1	0	4.16	1	1.2	0.8;
	107	1	1e-10	5e-11	0	0	1	1	0	4.16	1	1.2	0.8;
	108	1	0.000293	0.0001465	0	0	1	1	0	4.16	1	1.2	0.8;
	109	1	9.9e-05	4.95e-05	0	0	1	1	0	4.16	1	1.2	0.8;
];

%% generator data
%	bus	Pg	Qg	Qmax	Qmin	Vg	mBase	status	Pmax	Pmin	Pc1	Pc2	Qc1min	Qc1max	Qc2min	Qc2max	ramp_agc	ramp_10	ramp_30	ramp_q	apf
mpc.gen = [
	1	17.068	0	200	-200	1	1	1	200	-200	0	0	0	0	0	0	10	0	0	0	0;
];

%% branch data
%	fbus	tbus	r	x	b	rateA	rateB	rateC	ratio	angle	status	angmin	angmax
