function mpc = case_ieee123_storage_1196
%CASE_IEEE123_STORAGE_1196

%% MATPOWER Case Format : Version 2
mpc.version = '2';

%%-----  Power Flow Data  -----%%
%% system MVA base
mpc.baseMVA = 1;

%% bus data
%	bus_i	type	Pd	Qd	Gs	Bs	area	Vm	Va	baseKV	zone	Vmax	Vmin
mpc.bus = [
	1	3	0.000572	0.000286	0	0	1	1	0	4.16	1	1.2	0.8;
	2	1	0.005847	0.0029235	0	0	1	1	0	4.16	1	1.2	0.8;
	3	1	0.000913	0.0004565	0	0	1	1	0	4.16	1	1.2	0.8;
	4	1	0.000282	0.000141	0	0	1	1	0	4.16	1	1.2	0.8;
	5	1	0.000214	0.000107	0	0	1	1	0	4.16	1	1.2	0.8;
	6	1	1e-10	5e-11	0	0	1	1	0	4.16	1	1.2	0.8;
	7	1	1e-10	5e-11	0	0	1	1	0	4.16	1	1.2	0.8;
	8	1	0.000428	0.000214	0	0	1	1	0	4.16	1	1.2	0.8;
	9	1	0.002703	0.0013515	0	0	1	1	0	4.16	1	1.2	0.8;
	10	1	0.000384	0.000192	0	0	1	1	0	4.16	1	1.2	0.8;
	11	1	0.001513	0.0007565	0	0	1	1	0	4.16	1	1.2	0.8;
	12	1	0.000512	0.000256	0	0	1	1	0	4.16	1	1.2	0.8;
	13	1	0.000635	0.0003175	0	0	1	1	0	4.16	1	1.2	0.8;
	14	1	1e-10	5e-11	0	0	1	1	0	4.16	1	1.2	0.8;
	15	1	0.000219	0.0001095	0	0	1	1	0	4.16	1	1.2	0.8;
	16	1	0.000621	0.0003105	0	0	1	1	0	4.16	1	1.2	0.8;
	17	1	0.000907	0.0004535	0	0	1	1	0	4.16	1	1.2	0.8;
	18	1	0.00024	0.00012	0	0	1	1	0	4.16	1	1.2	0.8;
	19	1	0.000258	0.000129	0	0	1	1	0	4.16	1	1.2	0.8;
	20	1	0.00039	0.000195	0	0	1	1	0	4.16	1	1.2	0.8;
	21	1	0.000494	0.000247	0	0	1	1	0	4.16	1	1.2	0.8;
	22	1	0.000122	6.1e-05	0	0	1	1	0	4.16	1	1.2	0.8;
	23	1	0.000229	0.0001145	0	0	1	1	0	4.16	1	1.2	0.8;
	24	1	0.000571	0.0002855	0	0	1	1	0	4.16	1	1.2	0.8;
	25	1	0.000355	0.0001775	0	0	1	1	0	4.16	1	1.2	0.8;
	26	1	0.003089	0.0015445	0	0	1	1	0	4.16	1	1.2	0.8;
	27	1	0.003264	0.001632	0	0	1	1	0	4.16	1	1.2	0.8;
	28	1	0.000821	0.0004105	0	0	1	1	0	4.16	1	1.2	0.8;
	29	1	0.004176	0.002088	0	0	1	1	0	4.16	1	1.2	0.8;
	30	1	0.00055	0.000275	0	0	1	1	0	4.16	1	1.2	0.8;
	31	1	0.003793	0.0018965	0	0	1	1	0	4.16	1	1.2	0.8;
	32	1	0.000735	0.0003675	0	0	1	1	0	4.16	1	1.2	0.8;
	33	1	0.000683	0.0003415	0	0	1	1	0	4.16	1	1.2	0.8;
	34	1	0.000358	0.000179	0	0	1	1	0	4.16	1	1.2	0.8;
	35	1	0.000563	0.0002815	0	0	1	1	0	4.16	1	1.2	0.8;
	36	1	0.000197	9.85e-05	0	0	1	1	0	4.16	1	1.2	0.8;
	37	1	0.001258	0.000629	0	0	1	1	0	4.16	1	1.2	0.8;
	38	1	0.000702	0.000351	0	0	1	1	0	4.16	1	1.2	0.8;
	39	1	0.000266	0.000133	0	0	1	1	0	4.16	1	1.2	0.8;
	40	1	0.000223	0.0001115	0	0	1	1	0	4.16	1	1.2	0.8;
	41	1	0.000539	0.0002695	0	0	1	1	0	4.16	1	1.2	0.8;
	42	1	0.000938	0.000469	0	0	1	1	0	4.16	1	1.2	0.8;
	43	1	0.000543	0.0002715	0	0	1	1	0	4.16	1	1.2	0.8;
	44	1	0.000659	0.0003295	0	0	1	1	0	4.16	1	1.2	0.8;
	45	1	1e-10	5e-11	0	0	1	1	0	4.16	1	1.2	0.8;
	46	1	0.000362	0.000181	0	0	1	1	0	4.16	1	1.2	0.8;
	47	1	1e-10	5e-11	0	0	1	1	0	4.16	1	1.2	0.8;
	48	1	1e-10	5e-11	0	0	1	1	0	4.16	1	1.2	0.8;
	49	1	0.000776	0.000388	0	0	1	1	0	4.16	1	1.2	0.8;
	50	1	0.000639	0.0003195	0	0	1	1	0	4.16	1	1.2	0.8;
	51	1	1e-10	5e-11	0	0	1	1	0	4.16	1	1.2	0.8;
	52	1	1e-10	5e-11	0	0	1	1	0	4.16	1	1.2	0.8;
	53	1	0.000773	0.0003865	0	0	1	1	0	4.16	1	1.2	0.8;
	54	1	1e-10	5e-11	0	0	1	1	0	4.16	1	1.2	0.8;
	55	1	1e-10	5e-11	0	0	1	1	0	4.16	1	1.2	0.8;
	56	1	0.00315	0.001575	0	0	1	1	0	4.16	1	1.2	0.8;
	57	1	1e-10	5e-11	0	0	1	1	0	4.16	1	1.2	0.8;
	58	1	1e-10	5e-11	0	0	1	1	0	4.16	1	1.2	0.8;
	59	1	0.000211	0.0001055	0	0	1	1	0	4.16	1	1.2	0.8;
	60	1	0.000271	0.0001355	0	0	1	1	0	4.16	1	1.2	0.8;
];

%% generator data
%	bus	Pg	Qg	Qmax	Qmin	Vg	mBase	status	Pmax	Pmin	Pc1	Pc2	Qc1min	Qc1max	Qc2min	Qc2max	ramp_agc	ramp_10	ramp_30	ramp_q	apf
mpc.gen = [
	1	0.0479480012	0	200	-200	1	1	1	200	-200	0	0	0	0	0	0	10	0	0	0	0;
];

%% branch data
%	fbus	tbus	r	x	b	rateA	rateB	rateC	ratio	angle	status	angmin	angmax
mpc.branch = [
	1	2	0.0013398623	0.0027450827	3.02770272e-08	100	100	100	0	0	1	-80	80;
	1	2	0.0013398623	0.0027450827	3.02770272e-08	100	100	100	0	0	1	-80	80;
	2	3	0.0013398623	0.0027450827	3.02770272e-08	100	100	100	0	0	1	-80	80;
	3	4	0.0013398623	0.0027450827	3.02770272e-08	100	100	100	0	0	1	-80	80;
	4	5	0.0013398623	0.0027450827	3.02770272e-08	100	100	100	0	0	1	-80	80;
	5	6	0.0013398623	0.0027450827	3.02770272e-08	100	100	100	0	0	1	-80	80;
	6	7	0.0013398623	0.0027450827	3.02770272e-08	100	100	100	0	0	1	-80	80;
	7	8	0.0013398623	0.0027450827	3.02770272e-08	100	100	100	0	0	1	-80	80;
	8	9	0.0013398623	0.0027450827	3.02770272e-08	100	100	100	0	0	1	-80	80;
	9	10	0.0013398623	0.0027450827	3.02770272e-08	100	100	100	0	0	1	-80	80;
	10	11	0.0013398623	0.0027450827	3.02770272e-08	100	100	100	0	0	1	-80	80;
	11	12	0.0013398623	0.0027450827	3.02770272e-08	100	100	100	0	0	1	-80	80;
	12	13	0.0013398623	0.0027450827	3.02770272e-08	100	100	100	0	0	1	-80	80;
	13	14	0.0013398623	0.0027450827	3.02770272e-08	100	100	100	0	0	1	-80	80;
	14	15	0.0013398623	0.0027450827	3.02770272e-08	100	100	100	0	0	1	-80	80;
	15	16	0.0013398623	0.0027450827	3.02770272e-08	100	100	100	0	0	1	-80	80;
	16	17	0.0013398623	0.0027450827	3.02770272e-08	100	100	100	0	0	1	-80	80;
	17	18	0.0013398623	0.0027450827	3.02770272e-08	100	100	100	0	0	1	-80	80;
	18	19	0.0013398623	0.0027450827	3.02770272e-08	100	100	100	0	0	1	-80	80;
	19	20	0.0013398623	0.0027450827	3.02770272e-08	100	100	100	0	0	1	-80	80;
	20	21	0.0013398623	0.0027450827	3.02770272e-08	100	100	100	0	0	1	-80	80;
	21	22	0.0013398623	0.0027450827	3.02770272e-08	100	100	100	0	0	1	-80	80;
	22	23	0.0013398623	0.0027450827	3.02770272e-08	100	100	100	0	0	1	-80	80;
	23	24	0.0013398623	0.0027450827	3.02770272e-08	100	100	100	0	0	1	-80	80;
	24	25	0.0013398623	0.0027450827	3.02770272e-08	100	100	100	0	0	1	-80	80;
	25	26	0.0013398623	0.0027450827	3.02770272e-08	100	100	100	0	0	1	-80	80;
	26	27	0.0013398623	0.0027450827	3.02770272e-08	100	100	100	0	0	1	-80	80;
	27	28	0.0013398623	0.0027450827	3.02770272e-08	100	100	100	0	0	1	-80	80;
	28	29	0.0013398623	0.0027450827	3.02770272e-08	100	100	100	0	0	1	-80	80;
	1	30	0.0013398623	0.0027450827	3.02770272e-08	100	100	100	0	0	1	-80	80;
	30	31	0.0013398623	0.0027450827	3.02770272e-08	100	100	100	0	0	1	-80	80;
	31	32	0.0013398623	0.0027450827	3.02770272e-08	100	100	100	0	0	1	-80	80;
	32	33	0.0013398623	0.0027450827	3.02770272e-08	100	100	100	0	0	1	-80	80;
	33	34	0.0013398623	0.0027450827	3.02770272e-08	100	100	100	0	0	1	-80	80;
	34	35	0.0013398623	0.0027450827	3.02770272e-08	100	100	100	0	0	1	-80	80;
	35	36	0.0013398623	0.0027450827	3.02770272e-08	100	100	100	0	0	1	-80	80;
	36	37	0.0013398623	0.0027450827	3.02770272e-08	100	100	100	0	0	1	-80	80;
	37	38	0.0013398623	0.0027450827	3.02770272e-08	100	100	100	0	0	1	-80	80;
	38	39	0.0013398623	0.0027450827	3.02770272e-08	100	100	100	0	0	1	-80	80;
	39	40	0.0013398623	0.0027450827	3.02770272e-08	100	100	100	0	0	1	-80	80;
	40	41	0.0013398623	0.0027450827	3.02770272e-08	100	100	100	0	0	1	-80	80;
	41	42	0.0013398623	0.0027450827	3.02770272e-08	100	100	100	0	0	1	-80	80;
	42	43	0.0013398623	0.0027450827	3.02770272e-08	100	100	100	0	0	1	-80	80;
	43	44	0.0013398623	0.0027450827	3.02770272e-08	100	100	100	0	0	1	-80	80;
	44	45	0.0013398623	0.0027450827	3.02770272e-08	100	100	100	0	0	1	-80	80;
	45	46	0.0013398623	0.0027450827	3.02770272e-08	100	100	100	0	0	1	-80	80;
	46	47	0.0013398623	0.0027450827	3.02770272e-08	100	100	100	0	0	1	-80	80;
	47	48	0.0013398623	0.0027450827	3.02770272e-08	100	100	100	0	0	1	-80	80;
	48	49	0.0013398623	0.0027450827	3.02770272e-08	100	100	100	0	0	1	-80	80;
	49	50	0.0013398623	0.0027450827	3.02770272e-08	100	100	100	0	0	1	-80	80;
	50	51	0.0013398623	0.0027450827	3.02770272e-08	100	100	100	0	0	1	-80	80;
	51	52	0.0013398623	0.0027450827	3.02770272e-08	100	100	100	0	0	1	-80	80;
	52	53	0.0013398623	0.0027450827	3.02770272e-08	100	100	100	0	0	1	-80	80;
	53	54	0.0013398623	0.0027450827	3.02770272e-08	100	100	100	0	0	1	-80	80;
	54	55	0.0013398623	0.0027450827	3.02770272e-08	100	100	100	0	0	1	-80	80;
	55	56	0.0013398623	0.0027450827	3.02770272e-08	100	100	100	0	0	1	-80	80;
	56	57	0.0013398623	0.0027450827	3.02770272e-08	100	100	100	0	0	1	-80	80;
	57	58	0.0013398623	0.0027450827	3.02770272e-08	100	100	100	0	0	1	-80	80;
	58	59	0.0013398623	0.0027450827	3.02770272e-08	100	100	100	0	0	1	-80	80;
	59	60	0.0013398623	0.0027450827	3.02770272e-08	100	100	100	0	0	1	-80	80;
];
