function mpc = case_ieee123_storage_705
%CASE_IEEE123_STORAGE_705

%% MATPOWER Case Format : Version 2
mpc.version = '2';

%%-----  Power Flow Data  -----%%
%% system MVA base
mpc.baseMVA = 1;

%% bus data
%	bus_i	type	Pd	Qd	Gs	Bs	area	Vm	Va	baseKV	zone	Vmax	Vmin
mpc.bus = [
	1	3	-0.000487	-0.0002435	0	0	1	1	0	4.16	1	1.2	0.8;
	2	1	0.001374	0.000687	0	0	1	1	0	4.16	1	1.2	0.8;
	3	1	0.003264	0.001632	0	0	1	1	0	4.16	1	1.2	0.8;
	4	1	0.000828	0.000414	0	0	1	1	0	4.16	1	1.2	0.8;
	5	1	4.9e-05	2.45e-05	0	0	1	1	0	4.16	1	1.2	0.8;
	6	1	1e-10	5e-11	0	0	1	1	0	4.16	1	1.2	0.8;
	7	1	1e-10	5e-11	0	0	1	1	0	4.16	1	1.2	0.8;
	8	1	-0.000588	-0.000294	0	0	1	1	0	4.16	1	1.2	0.8;
	9	1	0.001255	0.0006275	0	0	1	1	0	4.16	1	1.2	0.8;
	10	1	-0.000346	-0.000173	0	0	1	1	0	4.16	1	1.2	0.8;
	11	1	1e-10	5e-11	0	0	1	1	0	4.16	1	1.2	0.8;
	12	1	0.001111	0.0005555	0	0	1	1	0	4.16	1	1.2	0.8;
	13	1	-0.000284	-0.000142	0	0	1	1	0	4.16	1	1.2	0.8;
	14	1	0.000785	0.0003925	0	0	1	1	0	4.16	1	1.2	0.8;
	15	1	-5.2e-05	-2.6e-05	0	0	1	1	0	4.16	1	1.2	0.8;
	16	1	1e-10	5e-11	0	0	1	1	0	4.16	1	1.2	0.8;
	17	1	-0.000619	-0.0003095	0	0	1	1	0	4.16	1	1.2	0.8;
	18	1	-0.000217	-0.0001085	0	0	1	1	0	4.16	1	1.2	0.8;
	19	1	1.2e-05	6e-06	0	0	1	1	0	4.16	1	1.2	0.8;
	20	1	-0.000525	-0.0002625	0	0	1	1	0	4.16	1	1.2	0.8;
	21	1	0.000384	0.000192	0	0	1	1	0	4.16	1	1.2	0.8;
	22	1	0.000592	0.000296	0	0	1	1	0	4.16	1	1.2	0.8;
	23	1	-6.4e-05	-3.2e-05	0	0	1	1	0	4.16	1	1.2	0.8;
	24	1	-0.000148	-7.4e-05	0	0	1	1	0	4.16	1	1.2	0.8;
	25	1	-0.000147	-7.35e-05	0	0	1	1	0	4.16	1	1.2	0.8;
	26	1	0.000146	7.3e-05	0	0	1	1	0	4.16	1	1.2	0.8;
	27	1	-0.000364	-0.000182	0	0	1	1	0	4.16	1	1.2	0.8;
	28	1	0.000212	0.000106	0	0	1	1	0	4.16	1	1.2	0.8;
	29	1	1e-10	5e-11	0	0	1	1	0	4.16	1	1.2	0.8;
	30	1	-1.7e-05	-8.5e-06	0	0	1	1	0	4.16	1	1.2	0.8;
	31	1	0.000127	6.35e-05	0	0	1	1	0	4.16	1	1.2	0.8;
	32	1	0.000499	0.0002495	0	0	1	1	0	4.16	1	1.2	0.8;
	33	1	0.001348	0.000674	0	0	1	1	0	4.16	1	1.2	0.8;
	34	1	0.000214	0.000107	0	0	1	1	0	4.16	1	1.2	0.8;
	35	1	0.000117	5.85e-05	0	0	1	1	0	4.16	1	1.2	0.8;
	36	1	1e-10	5e-11	0	0	1	1	0	4.16	1	1.2	0.8;
	37	1	0.000649	0.0003245	0	0	1	1	0	4.16	1	1.2	0.8;
	38	1	-0.000747	-0.0003735	0	0	1	1	0	4.16	1	1.2	0.8;
	39	1	0.000226	0.000113	0	0	1	1	0	4.16	1	1.2	0.8;
	40	1	-0.000236	-0.000118	0	0	1	1	0	4.16	1	1.2	0.8;
	41	1	-0.000491	-0.0002455	0	0	1	1	0	4.16	1	1.2	0.8;
	42	1	-0.000149	-7.45e-05	0	0	1	1	0	4.16	1	1.2	0.8;
	43	1	4.2e-05	2.1e-05	0	0	1	1	0	4.16	1	1.2	0.8;
	44	1	0.005444	0.002722	0	0	1	1	0	4.16	1	1.2	0.8;
	45	1	0.008798	0.004399	0	0	1	1	0	4.16	1	1.2	0.8;
	46	1	0.001218	0.000609	0	0	1	1	0	4.16	1	1.2	0.8;
	47	1	0.001171	0.0005855	0	0	1	1	0	4.16	1	1.2	0.8;
	48	1	8.7e-05	4.35e-05	0	0	1	1	0	4.16	1	1.2	0.8;
	49	1	-0.000226	-0.000113	0	0	1	1	0	4.16	1	1.2	0.8;
	50	1	-3e-06	-1.5e-06	0	0	1	1	0	4.16	1	1.2	0.8;
	51	1	1e-10	5e-11	0	0	1	1	0	4.16	1	1.2	0.8;
	52	1	-0.000391	-0.0001955	0	0	1	1	0	4.16	1	1.2	0.8;
	53	1	0.001449	0.0007245	0	0	1	1	0	4.16	1	1.2	0.8;
	54	1	-1.3e-05	-6.5e-06	0	0	1	1	0	4.16	1	1.2	0.8;
	55	1	0.000171	8.55e-05	0	0	1	1	0	4.16	1	1.2	0.8;
	56	1	-3.9e-05	-1.95e-05	0	0	1	1	0	4.16	1	1.2	0.8;
	57	1	-0.000302	-0.000151	0	0	1	1	0	4.16	1	1.2	0.8;
	58	1	-0.000109	-5.45e-05	0	0	1	1	0	4.16	1	1.2	0.8;
	59	1	-0.000425	-0.0002125	0	0	1	1	0	4.16	1	1.2	0.8;
	60	1	0.000205	0.0001025	0	0	1	1	0	4.16	1	1.2	0.8;
	61	1	-0.000493	-0.0002465	0	0	1	1	0	4.16	1	1.2	0.8;
	62	1	-0.003257	-0.0016285	0	0	1	1	0	4.16	1	1.2	0.8;
	63	1	-0.00027	-0.000135	0	0	1	1	0	4.16	1	1.2	0.8;
	64	1	-0.00013	-6.5e-05	0	0	1	1	0	4.16	1	1.2	0.8;
	65	1	0.000499	0.0002495	0	0	1	1	0	4.16	1	1.2	0.8;
	66	1	0.001979	0.0009895	0	0	1	1	0	4.16	1	1.2	0.8;
	67	1	0.000291	0.0001455	0	0	1	1	0	4.16	1	1.2	0.8;
	68	1	-0.000472	-0.000236	0	0	1	1	0	4.16	1	1.2	0.8;
	69	1	1e-10	5e-11	0	0	1	1	0	4.16	1	1.2	0.8;
	70	1	-0.000691	-0.0003455	0	0	1	1	0	4.16	1	1.2	0.8;
	71	1	-0.00026	-0.00013	0	0	1	1	0	4.16	1	1.2	0.8;
	72	1	0.001811	0.0009055	0	0	1	1	0	4.16	1	1.2	0.8;
	73	1	4.3e-05	2.15e-05	0	0	1	1	0	4.16	1	1.2	0.8;
	74	1	-9.5e-05	-4.75e-05	0	0	1	1	0	4.16	1	1.2	0.8;
	75	1	-0.000523	-0.0002615	0	0	1	1	0	4.16	1	1.2	0.8;
	76	1	0.000358	0.000179	0	0	1	1	0	4.16	1	1.2	0.8;
	77	1	4.3e-05	2.15e-05	0	0	1	1	0	4.16	1	1.2	0.8;
	78	1	0.001068	0.000534	0	0	1	1	0	4.16	1	1.2	0.8;
	79	1	0.001014	0.000507	0	0	1	1	0	4.16	1	1.2	0.8;
	80	1	0.000864	0.000432	0	0	1	1	0	4.16	1	1.2	0.8;
	81	1	-0.000423	-0.0002115	0	0	1	1	0	4.16	1	1.2	0.8;
	82	1	-0.001192	-0.000596	0	0	1	1	0	4.16	1	1.2	0.8;
	83	1	8e-05	4e-05	0	0	1	1	0	4.16	1	1.2	0.8;
	84	1	0.004938	0.002469	0	0	1	1	0	4.16	1	1.2	0.8;
	85	1	-0.001466	-0.000733	0	0	1	1	0	4.16	1	1.2	0.8;
	86	1	0.000212	0.000106	0	0	1	1	0	4.16	1	1.2	0.8;
	87	1	-0.000423	-0.0002115	0	0	1	1	0	4.16	1	1.2	0.8;
	88	1	0.001593	0.0007965	0	0	1	1	0	4.16	1	1.2	0.8;
	89	1	0.005646	0.002823	0	0	1	1	0	4.16	1	1.2	0.8;
	90	1	0.000716	0.000358	0	0	1	1	0	4.16	1	1.2	0.8;
	91	1	0.000937	0.0004685	0	0	1	1	0	4.16	1	1.2	0.8;
	92	1	0.000816	0.000408	0	0	1	1	0	4.16	1	1.2	0.8;
	93	1	0.001536	0.000768	0	0	1	1	0	4.16	1	1.2	0.8;
	94	1	0.001053	0.0005265	0	0	1	1	0	4.16	1	1.2	0.8;
	95	1	0.000882	0.000441	0	0	1	1	0	4.16	1	1.2	0.8;
	96	1	0.000324	0.000162	0	0	1	1	0	4.16	1	1.2	0.8;
	97	1	0.000719	0.0003595	0	0	1	1	0	4.16	1	1.2	0.8;
	98	1	0.001491	0.0007455	0	0	1	1	0	4.16	1	1.2	0.8;
	99	1	0.000351	0.0001755	0	0	1	1	0	4.16	1	1.2	0.8;
	100	1	0.000579	0.0002895	0	0	1	1	0	4.16	1	1.2	0.8;
	101	1	1e-10	5e-11	0	0	1	1	0	4.16	1	1.2	0.8;
	102	1	0.000294	0.000147	0	0	1	1	0	4.16	1	1.2	0.8;
	103	1	0.001045	0.0005225	0	0	1	1	0	4.16	1	1.2	0.8;
	104	1	-0.00102	-0.00051	0	0	1	1	0	4.16	1	1.2	0.8;
	105	1	0.002677	0.0013385	0	0	1	1	0	4.16	1	1.2	0.8;
	106	1	1e-10	5e-11	0	0	1	1	0	4.16	1	1.2	0.8;
	107	1	1e-10	5e-11	0	0	1	1	0	4.16	1	1.2	0.8;
	108	1	0.000448	0.000224	0	0	1	1	0	4.16	1	1.2	0.8;
	109	1	-0.000417	-0.0002085	0	0	1	1	0	4.16	1	1.2	0.8;
];

%% generator data
%	bus	Pg	Qg	Qmax	Qmin	Vg	mBase	status	Pmax	Pmin	Pc1	Pc2	Qc1min	Qc1max	Qc2min	Qc2max	ramp_agc	ramp_10	ramp_30	ramp_q	apf
mpc.gen = [
	1	17.068	0	200	-200	1	1	1	200	-200	0	0	0	0	0	0	10	0	0	0	0;
];

%% branch data
%	fbus	tbus	r	x	b	rateA	rateB	rateC	ratio	angle	status	angmin	angmax
