function mpc = case_ieee123_storage_99
%CASE_IEEE123_STORAGE_99

%% MATPOWER Case Format : Version 2
mpc.version = '2';

%%-----  Power Flow Data  -----%%
%% system MVA base
mpc.baseMVA = 1;

%% bus data
%	bus_i	type	Pd	Qd	Gs	Bs	area	Vm	Va	baseKV	zone	Vmax	Vmin
mpc.bus = [
	1	3	0.000365	0.0001825	0	0	1	1	0	4.16	1	1.2	0.8;
	2	1	0.001553	0.0007765	0	0	1	1	0	4.16	1	1.2	0.8;
	3	1	0.001125	0.0005625	0	0	1	1	0	4.16	1	1.2	0.8;
	4	1	0.000171	8.55e-05	0	0	1	1	0	4.16	1	1.2	0.8;
	5	1	0.000232	0.000116	0	0	1	1	0	4.16	1	1.2	0.8;
	6	1	1e-10	5e-11	0	0	1	1	0	4.16	1	1.2	0.8;
	7	1	1e-10	5e-11	0	0	1	1	0	4.16	1	1.2	0.8;
	8	1	0.000521	0.0002605	0	0	1	1	0	4.16	1	1.2	0.8;
	9	1	0.002497	0.0012485	0	0	1	1	0	4.16	1	1.2	0.8;
	10	1	0.000308	0.000154	0	0	1	1	0	4.16	1	1.2	0.8;
	11	1	1e-10	5e-11	0	0	1	1	0	4.16	1	1.2	0.8;
	12	1	0.000704	0.000352	0	0	1	1	0	4.16	1	1.2	0.8;
	13	1	0.0004	0.0002	0	0	1	1	0	4.16	1	1.2	0.8;
	14	1	0.001046	0.000523	0	0	1	1	0	4.16	1	1.2	0.8;
	15	1	0.000325	0.0001625	0	0	1	1	0	4.16	1	1.2	0.8;
	16	1	1e-10	5e-11	0	0	1	1	0	4.16	1	1.2	0.8;
	17	1	0.001786	0.000893	0	0	1	1	0	4.16	1	1.2	0.8;
	18	1	0.000203	0.0001015	0	0	1	1	0	4.16	1	1.2	0.8;
	19	1	0.000444	0.000222	0	0	1	1	0	4.16	1	1.2	0.8;
	20	1	0.000129	6.45e-05	0	0	1	1	0	4.16	1	1.2	0.8;
	21	1	0.000261	0.0001305	0	0	1	1	0	4.16	1	1.2	0.8;
	22	1	0.000211	0.0001055	0	0	1	1	0	4.16	1	1.2	0.8;
	23	1	0.00019	9.5e-05	0	0	1	1	0	4.16	1	1.2	0.8;
	24	1	0.000251	0.0001255	0	0	1	1	0	4.16	1	1.2	0.8;
	25	1	0.000305	0.0001525	0	0	1	1	0	4.16	1	1.2	0.8;
	26	1	0.000201	0.0001005	0	0	1	1	0	4.16	1	1.2	0.8;
	27	1	0.000161	8.05e-05	0	0	1	1	0	4.16	1	1.2	0.8;
	28	1	0.000522	0.000261	0	0	1	1	0	4.16	1	1.2	0.8;
	29	1	1e-10	5e-11	0	0	1	1	0	4.16	1	1.2	0.8;
	30	1	0.000316	0.000158	0	0	1	1	0	4.16	1	1.2	0.8;
	31	1	0.000131	6.55e-05	0	0	1	1	0	4.16	1	1.2	0.8;
	32	1	0.000392	0.000196	0	0	1	1	0	4.16	1	1.2	0.8;
	33	1	0.002027	0.0010135	0	0	1	1	0	4.16	1	1.2	0.8;
	34	1	0.000469	0.0002345	0	0	1	1	0	4.16	1	1.2	0.8;
	35	1	0.000588	0.000294	0	0	1	1	0	4.16	1	1.2	0.8;
	36	1	1e-10	5e-11	0	0	1	1	0	4.16	1	1.2	0.8;
	37	1	0.002679	0.0013395	0	0	1	1	0	4.16	1	1.2	0.8;
	38	1	0.000728	0.000364	0	0	1	1	0	4.16	1	1.2	0.8;
	39	1	0.000689	0.0003445	0	0	1	1	0	4.16	1	1.2	0.8;
	40	1	0.000465	0.0002325	0	0	1	1	0	4.16	1	1.2	0.8;
	41	1	0.000605	0.0003025	0	0	1	1	0	4.16	1	1.2	0.8;
	42	1	0.000523	0.0002615	0	0	1	1	0	4.16	1	1.2	0.8;
	43	1	0.008485	0.0042425	0	0	1	1	0	4.16	1	1.2	0.8;
	44	1	0.000461	0.0002305	0	0	1	1	0	4.16	1	1.2	0.8;
	45	1	0.001202	0.000601	0	0	1	1	0	4.16	1	1.2	0.8;
	46	1	0.002619	0.0013095	0	0	1	1	0	4.16	1	1.2	0.8;
	47	1	0.00164	0.00082	0	0	1	1	0	4.16	1	1.2	0.8;
	48	1	0.00076	0.00038	0	0	1	1	0	4.16	1	1.2	0.8;
	49	1	0.000325	0.0001625	0	0	1	1	0	4.16	1	1.2	0.8;
	50	1	0.000543	0.0002715	0	0	1	1	0	4.16	1	1.2	0.8;
	51	1	1e-10	5e-11	0	0	1	1	0	4.16	1	1.2	0.8;
	52	1	0.000198	9.9e-05	0	0	1	1	0	4.16	1	1.2	0.8;
	53	1	0.000645	0.0003225	0	0	1	1	0	4.16	1	1.2	0.8;
	54	1	0.000434	0.000217	0	0	1	1	0	4.16	1	1.2	0.8;
	55	1	0.000344	0.000172	0	0	1	1	0	4.16	1	1.2	0.8;
	56	1	0.000246	0.000123	0	0	1	1	0	4.16	1	1.2	0.8;
	57	1	5.5e-05	2.75e-05	0	0	1	1	0	4.16	1	1.2	0.8;
	58	1	8.5e-05	4.25e-05	0	0	1	1	0	4.16	1	1.2	0.8;
	59	1	0.000368	0.000184	0	0	1	1	0	4.16	1	1.2	0.8;
	60	1	0.000232	0.000116	0	0	1	1	0	4.16	1	1.2	0.8;
	61	1	0.000261	0.0001305	0	0	1	1	0	4.16	1	1.2	0.8;
	62	1	0.000802	0.000401	0	0	1	1	0	4.16	1	1.2	0.8;
	63	1	0.000764	0.000382	0	0	1	1	0	4.16	1	1.2	0.8;
	64	1	0.000492	0.000246	0	0	1	1	0	4.16	1	1.2	0.8;
	65	1	0.000635	0.0003175	0	0	1	1	0	4.16	1	1.2	0.8;
	66	1	0.00068	0.00034	0	0	1	1	0	4.16	1	1.2	0.8;
	67	1	0.000302	0.000151	0	0	1	1	0	4.16	1	1.2	0.8;
	68	1	0.018193	0.0090965	0	0	1	1	0	4.16	1	1.2	0.8;
	69	1	1e-10	5e-11	0	0	1	1	0	4.16	1	1.2	0.8;
	70	1	0.001467	0.0007335	0	0	1	1	0	4.16	1	1.2	0.8;
	71	1	0.000594	0.000297	0	0	1	1	0	4.16	1	1.2	0.8;
	72	1	0.000193	9.65e-05	0	0	1	1	0	4.16	1	1.2	0.8;
	73	1	0.000155	7.75e-05	0	0	1	1	0	4.16	1	1.2	0.8;
	74	1	0.000214	0.000107	0	0	1	1	0	4.16	1	1.2	0.8;
	75	1	0.000401	0.0002005	0	0	1	1	0	4.16	1	1.2	0.8;
	76	1	0.000393	0.0001965	0	0	1	1	0	4.16	1	1.2	0.8;
	77	1	0.000304	0.000152	0	0	1	1	0	4.16	1	1.2	0.8;
	78	1	0.000679	0.0003395	0	0	1	1	0	4.16	1	1.2	0.8;
	79	1	0.000541	0.0002705	0	0	1	1	0	4.16	1	1.2	0.8;
	80	1	0.001009	0.0005045	0	0	1	1	0	4.16	1	1.2	0.8;
	81	1	0.000288	0.000144	0	0	1	1	0	4.16	1	1.2	0.8;
	82	1	0.000246	0.000123	0	0	1	1	0	4.16	1	1.2	0.8;
	83	1	0.000222	0.000111	0	0	1	1	0	4.16	1	1.2	0.8;
	84	1	0.000399	0.0001995	0	0	1	1	0	4.16	1	1.2	0.8;
	85	1	0.013081	0.0065405	0	0	1	1	0	4.16	1	1.2	0.8;
	86	1	0.000319	0.0001595	0	0	1	1	0	4.16	1	1.2	0.8;
	87	1	0.000337	0.0001685	0	0	1	1	0	4.16	1	1.2	0.8;
	88	1	0.000439	0.0002195	0	0	1	1	0	4.16	1	1.2	0.8;
	89	1	0.003299	0.0016495	0	0	1	1	0	4.16	1	1.2	0.8;
	90	1	0.000748	0.000374	0	0	1	1	0	4.16	1	1.2	0.8;
	91	1	0.00011	5.5e-05	0	0	1	1	0	4.16	1	1.2	0.8;
	92	1	0.000448	0.000224	0	0	1	1	0	4.16	1	1.2	0.8;
	93	1	0.000481	0.0002405	0	0	1	1	0	4.16	1	1.2	0.8;
	94	1	0.000592	0.000296	0	0	1	1	0	4.16	1	1.2	0.8;
	95	1	0.001167	0.0005835	0	0	1	1	0	4.16	1	1.2	0.8;
	96	1	0.001167	0.0005835	0	0	1	1	0	4.16	1	1.2	0.8;
	97	1	0.000291	0.0001455	0	0	1	1	0	4.16	1	1.2	0.8;
	98	1	0.001023	0.0005115	0	0	1	1	0	4.16	1	1.2	0.8;
	99	1	6.6e-05	3.3e-05	0	0	1	1	0	4.16	1	1.2	0.8;
	100	1	0.000403	0.0002015	0	0	1	1	0	4.16	1	1.2	0.8;
	101	1	1e-10	5e-11	0	0	1	1	0	4.16	1	1.2	0.8;
	102	1	0.000211	0.0001055	0	0	1	1	0	4.16	1	1.2	0.8;
	103	1	0.000903	0.0004515	0	0	1	1	0	4.16	1	1.2	0.8;
	104	1	0.000482	0.000241	0	0	1	1	0	4.16	1	1.2	0.8;
	105	1	0.000692	0.000346	0	0	1	1	0	4.16	1	1.2	0.8;
	106	1	1e-10	5e-11	0	0	1	1	0	4.16	1	1.2	0.8;
	107	1	1e-10	5e-11	0	0	1	1	0	4.16	1	1.2	0.8;
	108	1	0.000294	0.000147	0	0	1	1	0	4.16	1	1.2	0.8;
	109	1	0.000332	0.000166	0	0	1	1	0	4.16	1	1.2	0.8;
];

%% generator data
%	bus	Pg	Qg	Qmax	Qmin	Vg	mBase	status	Pmax	Pmin	Pc1	Pc2	Qc1min	Qc1max	Qc2min	Qc2max	ramp_agc	ramp_10	ramp_30	ramp_q	apf
mpc.gen = [
	1	17.068	0	200	-200	1	1	1	200	-200	0	0	0	0	0	0	10	0	0	0	0;
];

%% branch data
%	fbus	tbus	r	x	b	rateA	rateB	rateC	ratio	angle	status	angmin	angmax
