function mpc = case_ieee123_storage_901
%CASE_IEEE123_STORAGE_901

%% MATPOWER Case Format : Version 2
mpc.version = '2';

%%-----  Power Flow Data  -----%%
%% system MVA base
mpc.baseMVA = 1;

%% bus data
%	bus_i	type	Pd	Qd	Gs	Bs	area	Vm	Va	baseKV	zone	Vmax	Vmin
mpc.bus = [
	1	3	-0.003927	-0.0019635	0	0	1	1	0	4.16	1	1.2	0.8;
	2	1	0.001241	0.0006205	0	0	1	1	0	4.16	1	1.2	0.8;
	3	1	0.000235	0.0001175	0	0	1	1	0	4.16	1	1.2	0.8;
	4	1	-0.002696	-0.001348	0	0	1	1	0	4.16	1	1.2	0.8;
	5	1	-0.00257	-0.001285	0	0	1	1	0	4.16	1	1.2	0.8;
	6	1	1e-10	5e-11	0	0	1	1	0	4.16	1	1.2	0.8;
	7	1	1e-10	5e-11	0	0	1	1	0	4.16	1	1.2	0.8;
	8	1	-0.003776	-0.001888	0	0	1	1	0	4.16	1	1.2	0.8;
	9	1	-0.00684	-0.00342	0	0	1	1	0	4.16	1	1.2	0.8;
	10	1	0.000515	0.0002575	0	0	1	1	0	4.16	1	1.2	0.8;
	11	1	-0.003509	-0.0017545	0	0	1	1	0	4.16	1	1.2	0.8;
	12	1	-0.004235	-0.0021175	0	0	1	1	0	4.16	1	1.2	0.8;
	13	1	-0.003324	-0.001662	0	0	1	1	0	4.16	1	1.2	0.8;
	14	1	1e-10	5e-11	0	0	1	1	0	4.16	1	1.2	0.8;
	15	1	-0.003853	-0.0019265	0	0	1	1	0	4.16	1	1.2	0.8;
	16	1	-0.004015	-0.0020075	0	0	1	1	0	4.16	1	1.2	0.8;
	17	1	-0.004181	-0.0020905	0	0	1	1	0	4.16	1	1.2	0.8;
	18	1	-0.004229	-0.0021145	0	0	1	1	0	4.16	1	1.2	0.8;
	19	1	-0.002842	-0.001421	0	0	1	1	0	4.16	1	1.2	0.8;
	20	1	-0.00261	-0.001305	0	0	1	1	0	4.16	1	1.2	0.8;
	21	1	-0.003998	-0.001999	0	0	1	1	0	4.16	1	1.2	0.8;
	22	1	-0.002558	-0.001279	0	0	1	1	0	4.16	1	1.2	0.8;
	23	1	-0.003409	-0.0017045	0	0	1	1	0	4.16	1	1.2	0.8;
	24	1	-0.000955	-0.0004775	0	0	1	1	0	4.16	1	1.2	0.8;
	25	1	-0.002575	-0.0012875	0	0	1	1	0	4.16	1	1.2	0.8;
	26	1	0.000248	0.000124	0	0	1	1	0	4.16	1	1.2	0.8;
	27	1	0.000297	0.0001485	0	0	1	1	0	4.16	1	1.2	0.8;
	28	1	-0.001949	-0.0009745	0	0	1	1	0	4.16	1	1.2	0.8;
	29	1	-0.002567	-0.0012835	0	0	1	1	0	4.16	1	1.2	0.8;
	30	1	-0.004024	-0.002012	0	0	1	1	0	4.16	1	1.2	0.8;
	31	1	-0.004157	-0.0020785	0	0	1	1	0	4.16	1	1.2	0.8;
	32	1	-0.003621	-0.0018105	0	0	1	1	0	4.16	1	1.2	0.8;
	33	1	-0.002344	-0.001172	0	0	1	1	0	4.16	1	1.2	0.8;
	34	1	-0.004453	-0.0022265	0	0	1	1	0	4.16	1	1.2	0.8;
	35	1	-0.00296	-0.00148	0	0	1	1	0	4.16	1	1.2	0.8;
	36	1	1e-10	5e-11	0	0	1	1	0	4.16	1	1.2	0.8;
	37	1	-0.003372	-0.001686	0	0	1	1	0	4.16	1	1.2	0.8;
	38	1	-0.004198	-0.002099	0	0	1	1	0	4.16	1	1.2	0.8;
	39	1	-0.003347	-0.0016735	0	0	1	1	0	4.16	1	1.2	0.8;
	40	1	-0.002879	-0.0014395	0	0	1	1	0	4.16	1	1.2	0.8;
	41	1	-0.006001	-0.0030005	0	0	1	1	0	4.16	1	1.2	0.8;
	42	1	-0.003638	-0.001819	0	0	1	1	0	4.16	1	1.2	0.8;
	43	1	-0.004063	-0.0020315	0	0	1	1	0	4.16	1	1.2	0.8;
	44	1	-0.003918	-0.001959	0	0	1	1	0	4.16	1	1.2	0.8;
	45	1	1e-10	5e-11	0	0	1	1	0	4.16	1	1.2	0.8;
	46	1	-2.5e-05	-1.25e-05	0	0	1	1	0	4.16	1	1.2	0.8;
	47	1	1e-10	5e-11	0	0	1	1	0	4.16	1	1.2	0.8;
	48	1	1e-10	5e-11	0	0	1	1	0	4.16	1	1.2	0.8;
	49	1	0.000696	0.000348	0	0	1	1	0	4.16	1	1.2	0.8;
	50	1	-0.004165	-0.0020825	0	0	1	1	0	4.16	1	1.2	0.8;
	51	1	1e-10	5e-11	0	0	1	1	0	4.16	1	1.2	0.8;
	52	1	1e-10	5e-11	0	0	1	1	0	4.16	1	1.2	0.8;
	53	1	-0.002466	-0.001233	0	0	1	1	0	4.16	1	1.2	0.8;
	54	1	1e-10	5e-11	0	0	1	1	0	4.16	1	1.2	0.8;
	55	1	1e-10	5e-11	0	0	1	1	0	4.16	1	1.2	0.8;
	56	1	-0.000859	-0.0004295	0	0	1	1	0	4.16	1	1.2	0.8;
	57	1	1e-10	5e-11	0	0	1	1	0	4.16	1	1.2	0.8;
	58	1	1e-10	5e-11	0	0	1	1	0	4.16	1	1.2	0.8;
	59	1	0.000193	9.65e-05	0	0	1	1	0	4.16	1	1.2	0.8;
	60	1	-0.003791	-0.0018955	0	0	1	1	0	4.16	1	1.2	0.8;
];

%% generator data
%	bus	Pg	Qg	Qmax	Qmin	Vg	mBase	status	Pmax	Pmin	Pc1	Pc2	Qc1min	Qc1max	Qc2min	Qc2max	ramp_agc	ramp_10	ramp_30	ramp_q	apf
mpc.gen = [
	1	-0.131473999	0	200	-200	1	1	1	200	-200	0	0	0	0	0	0	10	0	0	0	0;
];

%% branch data
%	fbus	tbus	r	x	b	rateA	rateB	rateC	ratio	angle	status	angmin	angmax
mpc.branch = [
	1	2	0.0013398623	0.0027450827	3.02770272e-08	100	100	100	0	0	1	-80	80;
	1	2	0.0013398623	0.0027450827	3.02770272e-08	100	100	100	0	0	1	-80	80;
	2	3	0.0013398623	0.0027450827	3.02770272e-08	100	100	100	0	0	1	-80	80;
	3	4	0.0013398623	0.0027450827	3.02770272e-08	100	100	100	0	0	1	-80	80;
	4	5	0.0013398623	0.0027450827	3.02770272e-08	100	100	100	0	0	1	-80	80;
	5	6	0.0013398623	0.0027450827	3.02770272e-08	100	100	100	0	0	1	-80	80;
	6	7	0.0013398623	0.0027450827	3.02770272e-08	100	100	100	0	0	1	-80	80;
	7	8	0.0013398623	0.0027450827	3.02770272e-08	100	100	100	0	0	1	-80	80;
	8	9	0.0013398623	0.0027450827	3.02770272e-08	100	100	100	0	0	1	-80	80;
	9	10	0.0013398623	0.0027450827	3.02770272e-08	100	100	100	0	0	1	-80	80;
	10	11	0.0013398623	0.0027450827	3.02770272e-08	100	100	100	0	0	1	-80	80;
	11	12	0.0013398623	0.0027450827	3.02770272e-08	100	100	100	0	0	1	-80	80;
	12	13	0.0013398623	0.0027450827	3.02770272e-08	100	100	100	0	0	1	-80	80;
	13	14	0.0013398623	0.0027450827	3.02770272e-08	100	100	100	0	0	1	-80	80;
	14	15	0.0013398623	0.0027450827	3.02770272e-08	100	100	100	0	0	1	-80	80;
	15	16	0.0013398623	0.0027450827	3.02770272e-08	100	100	100	0	0	1	-80	80;
	16	17	0.0013398623	0.0027450827	3.02770272e-08	100	100	100	0	0	1	-80	80;
	17	18	0.0013398623	0.0027450827	3.02770272e-08	100	100	100	0	0	1	-80	80;
	18	19	0.0013398623	0.0027450827	3.02770272e-08	100	100	100	0	0	1	-80	80;
	19	20	0.0013398623	0.0027450827	3.02770272e-08	100	100	100	0	0	1	-80	80;
	20	21	0.0013398623	0.0027450827	3.02770272e-08	100	100	100	0	0	1	-80	80;
	21	22	0.0013398623	0.0027450827	3.02770272e-08	100	100	100	0	0	1	-80	80;
	22	23	0.0013398623	0.0027450827	3.02770272e-08	100	100	100	0	0	1	-80	80;
	23	24	0.0013398623	0.0027450827	3.02770272e-08	100	100	100	0	0	1	-80	80;
	24	25	0.0013398623	0.0027450827	3.02770272e-08	100	100	100	0	0	1	-80	80;
	25	26	0.0013398623	0.0027450827	3.02770272e-08	100	100	100	0	0	1	-80	80;
	26	27	0.0013398623	0.0027450827	3.02770272e-08	100	100	100	0	0	1	-80	80;
	27	28	0.0013398623	0.0027450827	3.02770272e-08	100	100	100	0	0	1	-80	80;
	28	29	0.0013398623	0.0027450827	3.02770272e-08	100	100	100	0	0	1	-80	80;
	1	30	0.0013398623	0.0027450827	3.02770272e-08	100	100	100	0	0	1	-80	80;
	30	31	0.0013398623	0.0027450827	3.02770272e-08	100	100	100	0	0	1	-80	80;
	31	32	0.0013398623	0.0027450827	3.02770272e-08	100	100	100	0	0	1	-80	80;
	32	33	0.0013398623	0.0027450827	3.02770272e-08	100	100	100	0	0	1	-80	80;
	33	34	0.0013398623	0.0027450827	3.02770272e-08	100	100	100	0	0	1	-80	80;
	34	35	0.0013398623	0.0027450827	3.02770272e-08	100	100	100	0	0	1	-80	80;
	35	36	0.0013398623	0.0027450827	3.02770272e-08	100	100	100	0	0	1	-80	80;
	36	37	0.0013398623	0.0027450827	3.02770272e-08	100	100	100	0	0	1	-80	80;
	37	38	0.0013398623	0.0027450827	3.02770272e-08	100	100	100	0	0	1	-80	80;
	38	39	0.0013398623	0.0027450827	3.02770272e-08	100	100	100	0	0	1	-80	80;
	39	40	0.0013398623	0.0027450827	3.02770272e-08	100	100	100	0	0	1	-80	80;
	40	41	0.0013398623	0.0027450827	3.02770272e-08	100	100	100	0	0	1	-80	80;
	41	42	0.0013398623	0.0027450827	3.02770272e-08	100	100	100	0	0	1	-80	80;
	42	43	0.0013398623	0.0027450827	3.02770272e-08	100	100	100	0	0	1	-80	80;
	43	44	0.0013398623	0.0027450827	3.02770272e-08	100	100	100	0	0	1	-80	80;
	44	45	0.0013398623	0.0027450827	3.02770272e-08	100	100	100	0	0	1	-80	80;
	45	46	0.0013398623	0.0027450827	3.02770272e-08	100	100	100	0	0	1	-80	80;
	46	47	0.0013398623	0.0027450827	3.02770272e-08	100	100	100	0	0	1	-80	80;
	47	48	0.0013398623	0.0027450827	3.02770272e-08	100	100	100	0	0	1	-80	80;
	48	49	0.0013398623	0.0027450827	3.02770272e-08	100	100	100	0	0	1	-80	80;
	49	50	0.0013398623	0.0027450827	3.02770272e-08	100	100	100	0	0	1	-80	80;
	50	51	0.0013398623	0.0027450827	3.02770272e-08	100	100	100	0	0	1	-80	80;
	51	52	0.0013398623	0.0027450827	3.02770272e-08	100	100	100	0	0	1	-80	80;
	52	53	0.0013398623	0.0027450827	3.02770272e-08	100	100	100	0	0	1	-80	80;
	53	54	0.0013398623	0.0027450827	3.02770272e-08	100	100	100	0	0	1	-80	80;
	54	55	0.0013398623	0.0027450827	3.02770272e-08	100	100	100	0	0	1	-80	80;
	55	56	0.0013398623	0.0027450827	3.02770272e-08	100	100	100	0	0	1	-80	80;
	56	57	0.0013398623	0.0027450827	3.02770272e-08	100	100	100	0	0	1	-80	80;
	57	58	0.0013398623	0.0027450827	3.02770272e-08	100	100	100	0	0	1	-80	80;
	58	59	0.0013398623	0.0027450827	3.02770272e-08	100	100	100	0	0	1	-80	80;
