function mpc = case_ieee123_storage_465
%CASE_IEEE123_STORAGE_465

%% MATPOWER Case Format : Version 2
mpc.version = '2';

%%-----  Power Flow Data  -----%%
%% system MVA base
mpc.baseMVA = 1;

%% bus data
%	bus_i	type	Pd	Qd	Gs	Bs	area	Vm	Va	baseKV	zone	Vmax	Vmin
mpc.bus = [
	1	3	0.000453	0.0002265	0	0	1	1	0	4.16	1	1.2	0.8;
	2	1	0.000962	0.000481	0	0	1	1	0	4.16	1	1.2	0.8;
	3	1	0.001282	0.000641	0	0	1	1	0	4.16	1	1.2	0.8;
	4	1	0.000385	0.0001925	0	0	1	1	0	4.16	1	1.2	0.8;
	5	1	0.00022	0.00011	0	0	1	1	0	4.16	1	1.2	0.8;
	6	1	1e-10	5e-11	0	0	1	1	0	4.16	1	1.2	0.8;
	7	1	1e-10	5e-11	0	0	1	1	0	4.16	1	1.2	0.8;
	8	1	-0.000107	-5.35e-05	0	0	1	1	0	4.16	1	1.2	0.8;
	9	1	0.000355	0.0001775	0	0	1	1	0	4.16	1	1.2	0.8;
	10	1	-4.1e-05	-2.05e-05	0	0	1	1	0	4.16	1	1.2	0.8;
	11	1	1e-10	5e-11	0	0	1	1	0	4.16	1	1.2	0.8;
	12	1	0.00061	0.000305	0	0	1	1	0	4.16	1	1.2	0.8;
	13	1	8e-06	4e-06	0	0	1	1	0	4.16	1	1.2	0.8;
	14	1	0.001098	0.000549	0	0	1	1	0	4.16	1	1.2	0.8;
	15	1	0.00017	8.5e-05	0	0	1	1	0	4.16	1	1.2	0.8;
	16	1	1e-10	5e-11	0	0	1	1	0	4.16	1	1.2	0.8;
	17	1	0.000531	0.0002655	0	0	1	1	0	4.16	1	1.2	0.8;
	18	1	7.6e-05	3.8e-05	0	0	1	1	0	4.16	1	1.2	0.8;
	19	1	0.00025	0.000125	0	0	1	1	0	4.16	1	1.2	0.8;
	20	1	-7.5e-05	-3.75e-05	0	0	1	1	0	4.16	1	1.2	0.8;
	21	1	0.000172	8.6e-05	0	0	1	1	0	4.16	1	1.2	0.8;
	22	1	0.000291	0.0001455	0	0	1	1	0	4.16	1	1.2	0.8;
	23	1	0.000251	0.0001255	0	0	1	1	0	4.16	1	1.2	0.8;
	24	1	0.000235	0.0001175	0	0	1	1	0	4.16	1	1.2	0.8;
	25	1	-1.5e-05	-7.5e-06	0	0	1	1	0	4.16	1	1.2	0.8;
	26	1	0.000346	0.000173	0	0	1	1	0	4.16	1	1.2	0.8;
	27	1	-6.6e-05	-3.3e-05	0	0	1	1	0	4.16	1	1.2	0.8;
	28	1	0.000213	0.0001065	0	0	1	1	0	4.16	1	1.2	0.8;
	29	1	1e-10	5e-11	0	0	1	1	0	4.16	1	1.2	0.8;
	30	1	2.4e-05	1.2e-05	0	0	1	1	0	4.16	1	1.2	0.8;
	31	1	0.000239	0.0001195	0	0	1	1	0	4.16	1	1.2	0.8;
	32	1	0.000377	0.0001885	0	0	1	1	0	4.16	1	1.2	0.8;
	33	1	0.005418	0.002709	0	0	1	1	0	4.16	1	1.2	0.8;
	34	1	0.000242	0.000121	0	0	1	1	0	4.16	1	1.2	0.8;
	35	1	0.000772	0.000386	0	0	1	1	0	4.16	1	1.2	0.8;
	36	1	1e-10	5e-11	0	0	1	1	0	4.16	1	1.2	0.8;
	37	1	0.002275	0.0011375	0	0	1	1	0	4.16	1	1.2	0.8;
	38	1	1e-10	5e-11	0	0	1	1	0	4.16	1	1.2	0.8;
	39	1	0.000608	0.000304	0	0	1	1	0	4.16	1	1.2	0.8;
	40	1	0.000359	0.0001795	0	0	1	1	0	4.16	1	1.2	0.8;
	41	1	-4.8e-05	-2.4e-05	0	0	1	1	0	4.16	1	1.2	0.8;
	42	1	8.9e-05	4.45e-05	0	0	1	1	0	4.16	1	1.2	0.8;
	43	1	0.000874	0.000437	0	0	1	1	0	4.16	1	1.2	0.8;
	44	1	0.000387	0.0001935	0	0	1	1	0	4.16	1	1.2	0.8;
	45	1	0.005895	0.0029475	0	0	1	1	0	4.16	1	1.2	0.8;
	46	1	0.00154	0.00077	0	0	1	1	0	4.16	1	1.2	0.8;
	47	1	0.001474	0.000737	0	0	1	1	0	4.16	1	1.2	0.8;
	48	1	0.000791	0.0003955	0	0	1	1	0	4.16	1	1.2	0.8;
	49	1	-8.3e-05	-4.15e-05	0	0	1	1	0	4.16	1	1.2	0.8;
	50	1	0.000408	0.000204	0	0	1	1	0	4.16	1	1.2	0.8;
	51	1	1e-10	5e-11	0	0	1	1	0	4.16	1	1.2	0.8;
	52	1	3.5e-05	1.75e-05	0	0	1	1	0	4.16	1	1.2	0.8;
	53	1	0.00024	0.00012	0	0	1	1	0	4.16	1	1.2	0.8;
	54	1	0.000229	0.0001145	0	0	1	1	0	4.16	1	1.2	0.8;
	55	1	0.000612	0.000306	0	0	1	1	0	4.16	1	1.2	0.8;
	56	1	-0.000126	-6.3e-05	0	0	1	1	0	4.16	1	1.2	0.8;
	57	1	0.000118	5.9e-05	0	0	1	1	0	4.16	1	1.2	0.8;
	58	1	-0.000158	-7.9e-05	0	0	1	1	0	4.16	1	1.2	0.8;
	59	1	-0.000191	-9.55e-05	0	0	1	1	0	4.16	1	1.2	0.8;
	60	1	0.000516	0.000258	0	0	1	1	0	4.16	1	1.2	0.8;
	61	1	0.000431	0.0002155	0	0	1	1	0	4.16	1	1.2	0.8;
	62	1	0.000966	0.000483	0	0	1	1	0	4.16	1	1.2	0.8;
	63	1	0.000237	0.0001185	0	0	1	1	0	4.16	1	1.2	0.8;
	64	1	0.000112	5.6e-05	0	0	1	1	0	4.16	1	1.2	0.8;
	65	1	0.000537	0.0002685	0	0	1	1	0	4.16	1	1.2	0.8;
	66	1	0.000661	0.0003305	0	0	1	1	0	4.16	1	1.2	0.8;
	67	1	0.000218	0.000109	0	0	1	1	0	4.16	1	1.2	0.8;
	68	1	0.001608	0.000804	0	0	1	1	0	4.16	1	1.2	0.8;
	69	1	1e-10	5e-11	0	0	1	1	0	4.16	1	1.2	0.8;
	70	1	0.000267	0.0001335	0	0	1	1	0	4.16	1	1.2	0.8;
	71	1	0.00061	0.000305	0	0	1	1	0	4.16	1	1.2	0.8;
	72	1	0.000501	0.0002505	0	0	1	1	0	4.16	1	1.2	0.8;
	73	1	0.000151	7.55e-05	0	0	1	1	0	4.16	1	1.2	0.8;
	74	1	0.000288	0.000144	0	0	1	1	0	4.16	1	1.2	0.8;
	75	1	0.000111	5.55e-05	0	0	1	1	0	4.16	1	1.2	0.8;
	76	1	0.000278	0.000139	0	0	1	1	0	4.16	1	1.2	0.8;
	77	1	0.000228	0.000114	0	0	1	1	0	4.16	1	1.2	0.8;
	78	1	0.000866	0.000433	0	0	1	1	0	4.16	1	1.2	0.8;
	79	1	0.000638	0.000319	0	0	1	1	0	4.16	1	1.2	0.8;
	80	1	0.000536	0.000268	0	0	1	1	0	4.16	1	1.2	0.8;
	81	1	2.8e-05	1.4e-05	0	0	1	1	0	4.16	1	1.2	0.8;
	82	1	-0.000224	-0.000112	0	0	1	1	0	4.16	1	1.2	0.8;
	83	1	0.001743	0.0008715	0	0	1	1	0	4.16	1	1.2	0.8;
	84	1	0.000321	0.0001605	0	0	1	1	0	4.16	1	1.2	0.8;
	85	1	5.3e-05	2.65e-05	0	0	1	1	0	4.16	1	1.2	0.8;
	86	1	0.000215	0.0001075	0	0	1	1	0	4.16	1	1.2	0.8;
	87	1	1.1e-05	5.5e-06	0	0	1	1	0	4.16	1	1.2	0.8;
	88	1	0.000189	9.45e-05	0	0	1	1	0	4.16	1	1.2	0.8;
	89	1	0.000953	0.0004765	0	0	1	1	0	4.16	1	1.2	0.8;
	90	1	0.000854	0.000427	0	0	1	1	0	4.16	1	1.2	0.8;
	91	1	0.000287	0.0001435	0	0	1	1	0	4.16	1	1.2	0.8;
	92	1	0.000486	0.000243	0	0	1	1	0	4.16	1	1.2	0.8;
	93	1	0.000817	0.0004085	0	0	1	1	0	4.16	1	1.2	0.8;
	94	1	0.000876	0.000438	0	0	1	1	0	4.16	1	1.2	0.8;
	95	1	0.00164	0.00082	0	0	1	1	0	4.16	1	1.2	0.8;
	96	1	0.00026	0.00013	0	0	1	1	0	4.16	1	1.2	0.8;
	97	1	0.00068	0.00034	0	0	1	1	0	4.16	1	1.2	0.8;
	98	1	0.000831	0.0004155	0	0	1	1	0	4.16	1	1.2	0.8;
	99	1	0.000192	9.6e-05	0	0	1	1	0	4.16	1	1.2	0.8;
	100	1	0.000336	0.000168	0	0	1	1	0	4.16	1	1.2	0.8;
	101	1	0.000224	0.000112	0	0	1	1	0	4.16	1	1.2	0.8;
	102	1	0.000998	0.000499	0	0	1	1	0	4.16	1	1.2	0.8;
	103	1	0.000575	0.0002875	0	0	1	1	0	4.16	1	1.2	0.8;
	104	1	0.000283	0.0001415	0	0	1	1	0	4.16	1	1.2	0.8;
	105	1	0.002717	0.0013585	0	0	1	1	0	4.16	1	1.2	0.8;
	106	1	1e-10	5e-11	0	0	1	1	0	4.16	1	1.2	0.8;
	107	1	1e-10	5e-11	0	0	1	1	0	4.16	1	1.2	0.8;
	108	1	0.000263	0.0001315	0	0	1	1	0	4.16	1	1.2	0.8;
	109	1	2e-06	1e-06	0	0	1	1	0	4.16	1	1.2	0.8;
];

%% generator data
%	bus	Pg	Qg	Qmax	Qmin	Vg	mBase	status	Pmax	Pmin	Pc1	Pc2	Qc1min	Qc1max	Qc2min	Qc2max	ramp_agc	ramp_10	ramp_30	ramp_q	apf
mpc.gen = [
	1	17.068	0	200	-200	1	1	1	200	-200	0	0	0	0	0	0	10	0	0	0	0;
];

%% branch data
%	fbus	tbus	r	x	b	rateA	rateB	rateC	ratio	angle	status	angmin	angmax
