function mpc = case_ieee123_storage_266
%CASE_IEEE123_STORAGE_266

%% MATPOWER Case Format : Version 2
mpc.version = '2';

%%-----  Power Flow Data  -----%%
%% system MVA base
mpc.baseMVA = 1;

%% bus data
%	bus_i	type	Pd	Qd	Gs	Bs	area	Vm	Va	baseKV	zone	Vmax	Vmin
mpc.bus = [
	1	3	0.000203	0.0001015	0	0	1	1	0	4.16	1	1.2	0.8;
	2	1	0.00121	0.000605	0	0	1	1	0	4.16	1	1.2	0.8;
	3	1	0.001267	0.0006335	0	0	1	1	0	4.16	1	1.2	0.8;
	4	1	0.00014	7e-05	0	0	1	1	0	4.16	1	1.2	0.8;
	5	1	0.000191	9.55e-05	0	0	1	1	0	4.16	1	1.2	0.8;
	6	1	1e-10	5e-11	0	0	1	1	0	4.16	1	1.2	0.8;
	7	1	1e-10	5e-11	0	0	1	1	0	4.16	1	1.2	0.8;
	8	1	0.000293	0.0001465	0	0	1	1	0	4.16	1	1.2	0.8;
	9	1	0.001767	0.0008835	0	0	1	1	0	4.16	1	1.2	0.8;
	10	1	0.000246	0.000123	0	0	1	1	0	4.16	1	1.2	0.8;
	11	1	1e-10	5e-11	0	0	1	1	0	4.16	1	1.2	0.8;
	12	1	0.000672	0.000336	0	0	1	1	0	4.16	1	1.2	0.8;
	13	1	0.000331	0.0001655	0	0	1	1	0	4.16	1	1.2	0.8;
	14	1	0.001158	0.000579	0	0	1	1	0	4.16	1	1.2	0.8;
	15	1	0.00032	0.00016	0	0	1	1	0	4.16	1	1.2	0.8;
	16	1	1e-10	5e-11	0	0	1	1	0	4.16	1	1.2	0.8;
	17	1	0.000174	8.7e-05	0	0	1	1	0	4.16	1	1.2	0.8;
	18	1	0.000198	9.9e-05	0	0	1	1	0	4.16	1	1.2	0.8;
	19	1	0.000567	0.0002835	0	0	1	1	0	4.16	1	1.2	0.8;
	20	1	0.000221	0.0001105	0	0	1	1	0	4.16	1	1.2	0.8;
	21	1	0.000242	0.000121	0	0	1	1	0	4.16	1	1.2	0.8;
	22	1	0.000204	0.000102	0	0	1	1	0	4.16	1	1.2	0.8;
	23	1	0.000109	5.45e-05	0	0	1	1	0	4.16	1	1.2	0.8;
	24	1	0.00025	0.000125	0	0	1	1	0	4.16	1	1.2	0.8;
	25	1	0.000274	0.000137	0	0	1	1	0	4.16	1	1.2	0.8;
	26	1	0.000267	0.0001335	0	0	1	1	0	4.16	1	1.2	0.8;
	27	1	0.000266	0.000133	0	0	1	1	0	4.16	1	1.2	0.8;
	28	1	0.000289	0.0001445	0	0	1	1	0	4.16	1	1.2	0.8;
	29	1	1e-10	5e-11	0	0	1	1	0	4.16	1	1.2	0.8;
	30	1	0.000233	0.0001165	0	0	1	1	0	4.16	1	1.2	0.8;
	31	1	0.000131	6.55e-05	0	0	1	1	0	4.16	1	1.2	0.8;
	32	1	0.000758	0.000379	0	0	1	1	0	4.16	1	1.2	0.8;
	33	1	0.001652	0.000826	0	0	1	1	0	4.16	1	1.2	0.8;
	34	1	0.000393	0.0001965	0	0	1	1	0	4.16	1	1.2	0.8;
	35	1	0.000684	0.000342	0	0	1	1	0	4.16	1	1.2	0.8;
	36	1	1e-10	5e-11	0	0	1	1	0	4.16	1	1.2	0.8;
	37	1	0.002671	0.0013355	0	0	1	1	0	4.16	1	1.2	0.8;
	38	1	0.000343	0.0001715	0	0	1	1	0	4.16	1	1.2	0.8;
	39	1	0.000674	0.000337	0	0	1	1	0	4.16	1	1.2	0.8;
	40	1	0.000602	0.000301	0	0	1	1	0	4.16	1	1.2	0.8;
	41	1	0.000222	0.000111	0	0	1	1	0	4.16	1	1.2	0.8;
	42	1	0.000513	0.0002565	0	0	1	1	0	4.16	1	1.2	0.8;
	43	1	0.000398	0.000199	0	0	1	1	0	4.16	1	1.2	0.8;
	44	1	0.000389	0.0001945	0	0	1	1	0	4.16	1	1.2	0.8;
	45	1	0.001172	0.000586	0	0	1	1	0	4.16	1	1.2	0.8;
	46	1	0.009824	0.004912	0	0	1	1	0	4.16	1	1.2	0.8;
	47	1	0.001635	0.0008175	0	0	1	1	0	4.16	1	1.2	0.8;
	48	1	0.000219	0.0001095	0	0	1	1	0	4.16	1	1.2	0.8;
	49	1	0.000215	0.0001075	0	0	1	1	0	4.16	1	1.2	0.8;
	50	1	0.000454	0.000227	0	0	1	1	0	4.16	1	1.2	0.8;
	51	1	1e-10	5e-11	0	0	1	1	0	4.16	1	1.2	0.8;
	52	1	0.000283	0.0001415	0	0	1	1	0	4.16	1	1.2	0.8;
	53	1	0.000437	0.0002185	0	0	1	1	0	4.16	1	1.2	0.8;
	54	1	0.000547	0.0002735	0	0	1	1	0	4.16	1	1.2	0.8;
	55	1	0.000323	0.0001615	0	0	1	1	0	4.16	1	1.2	0.8;
	56	1	0.000129	6.45e-05	0	0	1	1	0	4.16	1	1.2	0.8;
	57	1	0.000177	8.85e-05	0	0	1	1	0	4.16	1	1.2	0.8;
	58	1	0.000199	9.95e-05	0	0	1	1	0	4.16	1	1.2	0.8;
	59	1	0.00013	6.5e-05	0	0	1	1	0	4.16	1	1.2	0.8;
	60	1	0.000235	0.0001175	0	0	1	1	0	4.16	1	1.2	0.8;
	61	1	0.000851	0.0004255	0	0	1	1	0	4.16	1	1.2	0.8;
	62	1	0.000517	0.0002585	0	0	1	1	0	4.16	1	1.2	0.8;
	63	1	0.000496	0.000248	0	0	1	1	0	4.16	1	1.2	0.8;
	64	1	0.000465	0.0002325	0	0	1	1	0	4.16	1	1.2	0.8;
	65	1	0.000703	0.0003515	0	0	1	1	0	4.16	1	1.2	0.8;
	66	1	0.000973	0.0004865	0	0	1	1	0	4.16	1	1.2	0.8;
	67	1	0.00078	0.00039	0	0	1	1	0	4.16	1	1.2	0.8;
	68	1	0.00092	0.00046	0	0	1	1	0	4.16	1	1.2	0.8;
	69	1	1e-10	5e-11	0	0	1	1	0	4.16	1	1.2	0.8;
	70	1	0.000334	0.000167	0	0	1	1	0	4.16	1	1.2	0.8;
	71	1	0.000465	0.0002325	0	0	1	1	0	4.16	1	1.2	0.8;
	72	1	0.000149	7.45e-05	0	0	1	1	0	4.16	1	1.2	0.8;
	73	1	4.3e-05	2.15e-05	0	0	1	1	0	4.16	1	1.2	0.8;
	74	1	0.000318	0.000159	0	0	1	1	0	4.16	1	1.2	0.8;
	75	1	0.000393	0.0001965	0	0	1	1	0	4.16	1	1.2	0.8;
	76	1	0.000429	0.0002145	0	0	1	1	0	4.16	1	1.2	0.8;
	77	1	0.000451	0.0002255	0	0	1	1	0	4.16	1	1.2	0.8;
	78	1	0.000585	0.0002925	0	0	1	1	0	4.16	1	1.2	0.8;
	79	1	0.000588	0.000294	0	0	1	1	0	4.16	1	1.2	0.8;
	80	1	0.000891	0.0004455	0	0	1	1	0	4.16	1	1.2	0.8;
	81	1	0.000368	0.000184	0	0	1	1	0	4.16	1	1.2	0.8;
	82	1	0.000336	0.000168	0	0	1	1	0	4.16	1	1.2	0.8;
	83	1	0.000345	0.0001725	0	0	1	1	0	4.16	1	1.2	0.8;
	84	1	0.000468	0.000234	0	0	1	1	0	4.16	1	1.2	0.8;
	85	1	0.000179	8.95e-05	0	0	1	1	0	4.16	1	1.2	0.8;
	86	1	0.000443	0.0002215	0	0	1	1	0	4.16	1	1.2	0.8;
	87	1	0.000191	9.55e-05	0	0	1	1	0	4.16	1	1.2	0.8;
	88	1	0.000212	0.000106	0	0	1	1	0	4.16	1	1.2	0.8;
	89	1	0.000262	0.000131	0	0	1	1	0	4.16	1	1.2	0.8;
	90	1	0.000843	0.0004215	0	0	1	1	0	4.16	1	1.2	0.8;
	91	1	0.000183	9.15e-05	0	0	1	1	0	4.16	1	1.2	0.8;
	92	1	0.000507	0.0002535	0	0	1	1	0	4.16	1	1.2	0.8;
	93	1	0.000607	0.0003035	0	0	1	1	0	4.16	1	1.2	0.8;
	94	1	0.000509	0.0002545	0	0	1	1	0	4.16	1	1.2	0.8;
	95	1	0.001283	0.0006415	0	0	1	1	0	4.16	1	1.2	0.8;
	96	1	0.000163	8.15e-05	0	0	1	1	0	4.16	1	1.2	0.8;
	97	1	0.00039	0.000195	0	0	1	1	0	4.16	1	1.2	0.8;
	98	1	0.00084	0.00042	0	0	1	1	0	4.16	1	1.2	0.8;
	99	1	6.6e-05	3.3e-05	0	0	1	1	0	4.16	1	1.2	0.8;
	100	1	0.00274	0.00137	0	0	1	1	0	4.16	1	1.2	0.8;
	101	1	1e-10	5e-11	0	0	1	1	0	4.16	1	1.2	0.8;
	102	1	0.000215	0.0001075	0	0	1	1	0	4.16	1	1.2	0.8;
	103	1	0.0006	0.0003	0	0	1	1	0	4.16	1	1.2	0.8;
	104	1	0.000336	0.000168	0	0	1	1	0	4.16	1	1.2	0.8;
	105	1	0.000745	0.0003725	0	0	1	1	0	4.16	1	1.2	0.8;
	106	1	1e-10	5e-11	0	0	1	1	0	4.16	1	1.2	0.8;
	107	1	1e-10	5e-11	0	0	1	1	0	4.16	1	1.2	0.8;
	108	1	0.000305	0.0001525	0	0	1	1	0	4.16	1	1.2	0.8;
	109	1	0.000102	5.1e-05	0	0	1	1	0	4.16	1	1.2	0.8;
];

%% generator data
%	bus	Pg	Qg	Qmax	Qmin	Vg	mBase	status	Pmax	Pmin	Pc1	Pc2	Qc1min	Qc1max	Qc2min	Qc2max	ramp_agc	ramp_10	ramp_30	ramp_q	apf
mpc.gen = [
	1	17.068	0	200	-200	1	1	1	200	-200	0	0	0	0	0	0	10	0	0	0	0;
];

%% branch data
%	fbus	tbus	r	x	b	rateA	rateB	rateC	ratio	angle	status	angmin	angmax
