function mpc = case_ieee123_storage_8
%CASE_IEEE123_STORAGE_8

%% MATPOWER Case Format : Version 2
mpc.version = '2';

%%-----  Power Flow Data  -----%%
%% system MVA base
mpc.baseMVA = 1;

%% bus data
%	bus_i	type	Pd	Qd	Gs	Bs	area	Vm	Va	baseKV	zone	Vmax	Vmin
mpc.bus = [
	1	3	0.000207	0.0001035	0	0	1	1	0	4.16	1	1.2	0.8;
	2	1	0.001743	0.0008715	0	0	1	1	0	4.16	1	1.2	0.8;
	3	1	0.001143	0.0005715	0	0	1	1	0	4.16	1	1.2	0.8;
	4	1	0.00035	0.000175	0	0	1	1	0	4.16	1	1.2	0.8;
	5	1	0.000195	9.75e-05	0	0	1	1	0	4.16	1	1.2	0.8;
	6	1	1e-10	5e-11	0	0	1	1	0	4.16	1	1.2	0.8;
	7	1	1e-10	5e-11	0	0	1	1	0	4.16	1	1.2	0.8;
	8	1	0.000506	0.000253	0	0	1	1	0	4.16	1	1.2	0.8;
	9	1	0.002377	0.0011885	0	0	1	1	0	4.16	1	1.2	0.8;
	10	1	0.00022	0.00011	0	0	1	1	0	4.16	1	1.2	0.8;
	11	1	1e-10	5e-11	0	0	1	1	0	4.16	1	1.2	0.8;
	12	1	0.000694	0.000347	0	0	1	1	0	4.16	1	1.2	0.8;
	13	1	0.000327	0.0001635	0	0	1	1	0	4.16	1	1.2	0.8;
	14	1	0.001635	0.0008175	0	0	1	1	0	4.16	1	1.2	0.8;
	15	1	0.000164	8.2e-05	0	0	1	1	0	4.16	1	1.2	0.8;
	16	1	1e-10	5e-11	0	0	1	1	0	4.16	1	1.2	0.8;
	17	1	0.001734	0.000867	0	0	1	1	0	4.16	1	1.2	0.8;
	18	1	0.00021	0.000105	0	0	1	1	0	4.16	1	1.2	0.8;
	19	1	0.000597	0.0002985	0	0	1	1	0	4.16	1	1.2	0.8;
	20	1	0.000215	0.0001075	0	0	1	1	0	4.16	1	1.2	0.8;
	21	1	0.000502	0.000251	0	0	1	1	0	4.16	1	1.2	0.8;
	22	1	0.00019	9.5e-05	0	0	1	1	0	4.16	1	1.2	0.8;
	23	1	0.00011	5.5e-05	0	0	1	1	0	4.16	1	1.2	0.8;
	24	1	0.000408	0.000204	0	0	1	1	0	4.16	1	1.2	0.8;
	25	1	0.000198	9.9e-05	0	0	1	1	0	4.16	1	1.2	0.8;
	26	1	0.000345	0.0001725	0	0	1	1	0	4.16	1	1.2	0.8;
	27	1	0.000218	0.000109	0	0	1	1	0	4.16	1	1.2	0.8;
	28	1	0.000661	0.0003305	0	0	1	1	0	4.16	1	1.2	0.8;
	29	1	1e-10	5e-11	0	0	1	1	0	4.16	1	1.2	0.8;
	30	1	0.000326	0.000163	0	0	1	1	0	4.16	1	1.2	0.8;
	31	1	0.000241	0.0001205	0	0	1	1	0	4.16	1	1.2	0.8;
	32	1	0.000614	0.000307	0	0	1	1	0	4.16	1	1.2	0.8;
	33	1	0.002912	0.001456	0	0	1	1	0	4.16	1	1.2	0.8;
	34	1	0.002582	0.001291	0	0	1	1	0	4.16	1	1.2	0.8;
	35	1	0.000913	0.0004565	0	0	1	1	0	4.16	1	1.2	0.8;
	36	1	1e-10	5e-11	0	0	1	1	0	4.16	1	1.2	0.8;
	37	1	0.002699	0.0013495	0	0	1	1	0	4.16	1	1.2	0.8;
	38	1	0.000494	0.000247	0	0	1	1	0	4.16	1	1.2	0.8;
	39	1	0.000708	0.000354	0	0	1	1	0	4.16	1	1.2	0.8;
	40	1	0.000599	0.0002995	0	0	1	1	0	4.16	1	1.2	0.8;
	41	1	0.000226	0.000113	0	0	1	1	0	4.16	1	1.2	0.8;
	42	1	0.000377	0.0001885	0	0	1	1	0	4.16	1	1.2	0.8;
	43	1	0.00073	0.000365	0	0	1	1	0	4.16	1	1.2	0.8;
	44	1	0.001582	0.000791	0	0	1	1	0	4.16	1	1.2	0.8;
	45	1	0.000748	0.000374	0	0	1	1	0	4.16	1	1.2	0.8;
	46	1	0.002665	0.0013325	0	0	1	1	0	4.16	1	1.2	0.8;
	47	1	0.001843	0.0009215	0	0	1	1	0	4.16	1	1.2	0.8;
	48	1	0.001286	0.000643	0	0	1	1	0	4.16	1	1.2	0.8;
	49	1	0.000324	0.000162	0	0	1	1	0	4.16	1	1.2	0.8;
	50	1	0.00185	0.000925	0	0	1	1	0	4.16	1	1.2	0.8;
	51	1	1e-10	5e-11	0	0	1	1	0	4.16	1	1.2	0.8;
	52	1	0.000339	0.0001695	0	0	1	1	0	4.16	1	1.2	0.8;
	53	1	0.002646	0.001323	0	0	1	1	0	4.16	1	1.2	0.8;
	54	1	0.0006	0.0003	0	0	1	1	0	4.16	1	1.2	0.8;
	55	1	0.000273	0.0001365	0	0	1	1	0	4.16	1	1.2	0.8;
	56	1	0.000134	6.7e-05	0	0	1	1	0	4.16	1	1.2	0.8;
	57	1	0.000187	9.35e-05	0	0	1	1	0	4.16	1	1.2	0.8;
	58	1	8.6e-05	4.3e-05	0	0	1	1	0	4.16	1	1.2	0.8;
	59	1	0.000354	0.000177	0	0	1	1	0	4.16	1	1.2	0.8;
	60	1	0.000266	0.000133	0	0	1	1	0	4.16	1	1.2	0.8;
	61	1	0.00057	0.000285	0	0	1	1	0	4.16	1	1.2	0.8;
	62	1	0.000645	0.0003225	0	0	1	1	0	4.16	1	1.2	0.8;
	63	1	0.000636	0.000318	0	0	1	1	0	4.16	1	1.2	0.8;
	64	1	0.000677	0.0003385	0	0	1	1	0	4.16	1	1.2	0.8;
	65	1	0.000742	0.000371	0	0	1	1	0	4.16	1	1.2	0.8;
	66	1	0.000806	0.000403	0	0	1	1	0	4.16	1	1.2	0.8;
	67	1	0.000473	0.0002365	0	0	1	1	0	4.16	1	1.2	0.8;
	68	1	0.000735	0.0003675	0	0	1	1	0	4.16	1	1.2	0.8;
	69	1	1e-10	5e-11	0	0	1	1	0	4.16	1	1.2	0.8;
	70	1	0.000539	0.0002695	0	0	1	1	0	4.16	1	1.2	0.8;
	71	1	0.000513	0.0002565	0	0	1	1	0	4.16	1	1.2	0.8;
	72	1	0.000194	9.7e-05	0	0	1	1	0	4.16	1	1.2	0.8;
	73	1	0.000156	7.8e-05	0	0	1	1	0	4.16	1	1.2	0.8;
	74	1	0.000226	0.000113	0	0	1	1	0	4.16	1	1.2	0.8;
	75	1	0.000304	0.000152	0	0	1	1	0	4.16	1	1.2	0.8;
	76	1	0.000387	0.0001935	0	0	1	1	0	4.16	1	1.2	0.8;
	77	1	0.000433	0.0002165	0	0	1	1	0	4.16	1	1.2	0.8;
	78	1	0.000815	0.0004075	0	0	1	1	0	4.16	1	1.2	0.8;
	79	1	0.00068	0.00034	0	0	1	1	0	4.16	1	1.2	0.8;
	80	1	0.000894	0.000447	0	0	1	1	0	4.16	1	1.2	0.8;
	81	1	0.000436	0.000218	0	0	1	1	0	4.16	1	1.2	0.8;
	82	1	0.000457	0.0002285	0	0	1	1	0	4.16	1	1.2	0.8;
	83	1	0.00033	0.000165	0	0	1	1	0	4.16	1	1.2	0.8;
	84	1	0.000525	0.0002625	0	0	1	1	0	4.16	1	1.2	0.8;
	85	1	0.013118	0.006559	0	0	1	1	0	4.16	1	1.2	0.8;
	86	1	0.000454	0.000227	0	0	1	1	0	4.16	1	1.2	0.8;
	87	1	0.000203	0.0001015	0	0	1	1	0	4.16	1	1.2	0.8;
	88	1	0.000392	0.000196	0	0	1	1	0	4.16	1	1.2	0.8;
	89	1	0.001123	0.0005615	0	0	1	1	0	4.16	1	1.2	0.8;
	90	1	0.000759	0.0003795	0	0	1	1	0	4.16	1	1.2	0.8;
	91	1	0.000172	8.6e-05	0	0	1	1	0	4.16	1	1.2	0.8;
	92	1	0.00044	0.00022	0	0	1	1	0	4.16	1	1.2	0.8;
	93	1	0.001023	0.0005115	0	0	1	1	0	4.16	1	1.2	0.8;
	94	1	0.00099	0.000495	0	0	1	1	0	4.16	1	1.2	0.8;
	95	1	0.001488	0.000744	0	0	1	1	0	4.16	1	1.2	0.8;
	96	1	0.000182	9.1e-05	0	0	1	1	0	4.16	1	1.2	0.8;
	97	1	0.00017	8.5e-05	0	0	1	1	0	4.16	1	1.2	0.8;
	98	1	0.00089	0.000445	0	0	1	1	0	4.16	1	1.2	0.8;
	99	1	6.7e-05	3.35e-05	0	0	1	1	0	4.16	1	1.2	0.8;
	100	1	0.000487	0.0002435	0	0	1	1	0	4.16	1	1.2	0.8;
	101	1	1e-10	5e-11	0	0	1	1	0	4.16	1	1.2	0.8;
	102	1	0.000331	0.0001655	0	0	1	1	0	4.16	1	1.2	0.8;
	103	1	0.000744	0.000372	0	0	1	1	0	4.16	1	1.2	0.8;
	104	1	0.001727	0.0008635	0	0	1	1	0	4.16	1	1.2	0.8;
	105	1	0.003504	0.001752	0	0	1	1	0	4.16	1	1.2	0.8;
	106	1	1e-10	5e-11	0	0	1	1	0	4.16	1	1.2	0.8;
	107	1	1e-10	5e-11	0	0	1	1	0	4.16	1	1.2	0.8;
	108	1	0.000285	0.0001425	0	0	1	1	0	4.16	1	1.2	0.8;
	109	1	0.000236	0.000118	0	0	1	1	0	4.16	1	1.2	0.8;
];

%% generator data
%	bus	Pg	Qg	Qmax	Qmin	Vg	mBase	status	Pmax	Pmin	Pc1	Pc2	Qc1min	Qc1max	Qc2min	Qc2max	ramp_agc	ramp_10	ramp_30	ramp_q	apf
mpc.gen = [
	1	17.068	0	200	-200	1	1	1	200	-200	0	0	0	0	0	0	10	0	0	0	0;
];

%% branch data
%	fbus	tbus	r	x	b	rateA	rateB	rateC	ratio	angle	status	angmin	angmax
