function mpc = case_ieee123_storage_890
%CASE_IEEE123_STORAGE_890

%% MATPOWER Case Format : Version 2
mpc.version = '2';

%%-----  Power Flow Data  -----%%
%% system MVA base
mpc.baseMVA = 1;

%% bus data
%	bus_i	type	Pd	Qd	Gs	Bs	area	Vm	Va	baseKV	zone	Vmax	Vmin
mpc.bus = [
	1	3	-4e-05	-2e-05	0	0	1	1	0	4.16	1	1.2	0.8;
	2	1	0.003266	0.001633	0	0	1	1	0	4.16	1	1.2	0.8;
	3	1	0.000747	0.0003735	0	0	1	1	0	4.16	1	1.2	0.8;
	4	1	0.000404	0.000202	0	0	1	1	0	4.16	1	1.2	0.8;
	5	1	0.000296	0.000148	0	0	1	1	0	4.16	1	1.2	0.8;
	6	1	1e-10	5e-11	0	0	1	1	0	4.16	1	1.2	0.8;
	7	1	1e-10	5e-11	0	0	1	1	0	4.16	1	1.2	0.8;
	8	1	0.001465	0.0007325	0	0	1	1	0	4.16	1	1.2	0.8;
	9	1	0.002038	0.001019	0	0	1	1	0	4.16	1	1.2	0.8;
	10	1	-4.5e-05	-2.25e-05	0	0	1	1	0	4.16	1	1.2	0.8;
	11	1	1e-10	5e-11	0	0	1	1	0	4.16	1	1.2	0.8;
	12	1	0.002233	0.0011165	0	0	1	1	0	4.16	1	1.2	0.8;
	13	1	0.0012	0.0006	0	0	1	1	0	4.16	1	1.2	0.8;
	14	1	0.000344	0.000172	0	0	1	1	0	4.16	1	1.2	0.8;
	15	1	8.6e-05	4.3e-05	0	0	1	1	0	4.16	1	1.2	0.8;
	16	1	1e-10	5e-11	0	0	1	1	0	4.16	1	1.2	0.8;
	17	1	4.6e-05	2.3e-05	0	0	1	1	0	4.16	1	1.2	0.8;
	18	1	1.8e-05	9e-06	0	0	1	1	0	4.16	1	1.2	0.8;
	19	1	0.000308	0.000154	0	0	1	1	0	4.16	1	1.2	0.8;
	20	1	-9.2e-05	-4.6e-05	0	0	1	1	0	4.16	1	1.2	0.8;
	21	1	0.000689	0.0003445	0	0	1	1	0	4.16	1	1.2	0.8;
	22	1	0.00029	0.000145	0	0	1	1	0	4.16	1	1.2	0.8;
	23	1	0.000487	0.0002435	0	0	1	1	0	4.16	1	1.2	0.8;
	24	1	0.000639	0.0003195	0	0	1	1	0	4.16	1	1.2	0.8;
	25	1	0.000387	0.0001935	0	0	1	1	0	4.16	1	1.2	0.8;
	26	1	0.000639	0.0003195	0	0	1	1	0	4.16	1	1.2	0.8;
	27	1	0.000141	7.05e-05	0	0	1	1	0	4.16	1	1.2	0.8;
	28	1	0.001459	0.0007295	0	0	1	1	0	4.16	1	1.2	0.8;
	29	1	1e-10	5e-11	0	0	1	1	0	4.16	1	1.2	0.8;
	30	1	1.5e-05	7.5e-06	0	0	1	1	0	4.16	1	1.2	0.8;
	31	1	0.000246	0.000123	0	0	1	1	0	4.16	1	1.2	0.8;
	32	1	0.001043	0.0005215	0	0	1	1	0	4.16	1	1.2	0.8;
	33	1	0.000823	0.0004115	0	0	1	1	0	4.16	1	1.2	0.8;
	34	1	0.000548	0.000274	0	0	1	1	0	4.16	1	1.2	0.8;
	35	1	0.001197	0.0005985	0	0	1	1	0	4.16	1	1.2	0.8;
	36	1	1e-10	5e-11	0	0	1	1	0	4.16	1	1.2	0.8;
	37	1	-0.000346	-0.000173	0	0	1	1	0	4.16	1	1.2	0.8;
	38	1	1e-10	5e-11	0	0	1	1	0	4.16	1	1.2	0.8;
	39	1	0.000936	0.000468	0	0	1	1	0	4.16	1	1.2	0.8;
	40	1	0.000237	0.0001185	0	0	1	1	0	4.16	1	1.2	0.8;
	41	1	0.000113	5.65e-05	0	0	1	1	0	4.16	1	1.2	0.8;
	42	1	0.000149	7.45e-05	0	0	1	1	0	4.16	1	1.2	0.8;
	43	1	0.000327	0.0001635	0	0	1	1	0	4.16	1	1.2	0.8;
	44	1	0.00092	0.00046	0	0	1	1	0	4.16	1	1.2	0.8;
	45	1	0.008386	0.004193	0	0	1	1	0	4.16	1	1.2	0.8;
	46	1	0.001491	0.0007455	0	0	1	1	0	4.16	1	1.2	0.8;
	47	1	0.00142	0.00071	0	0	1	1	0	4.16	1	1.2	0.8;
	48	1	0.000548	0.000274	0	0	1	1	0	4.16	1	1.2	0.8;
	49	1	-2e-05	-1e-05	0	0	1	1	0	4.16	1	1.2	0.8;
	50	1	0.000526	0.000263	0	0	1	1	0	4.16	1	1.2	0.8;
	51	1	0.000261	0.0001305	0	0	1	1	0	4.16	1	1.2	0.8;
	52	1	-1.3e-05	-6.5e-06	0	0	1	1	0	4.16	1	1.2	0.8;
	53	1	0.001153	0.0005765	0	0	1	1	0	4.16	1	1.2	0.8;
	54	1	0.000287	0.0001435	0	0	1	1	0	4.16	1	1.2	0.8;
	55	1	0.000416	0.000208	0	0	1	1	0	4.16	1	1.2	0.8;
	56	1	0.000163	8.15e-05	0	0	1	1	0	4.16	1	1.2	0.8;
	57	1	-2e-06	-1e-06	0	0	1	1	0	4.16	1	1.2	0.8;
	58	1	0.001764	0.000882	0	0	1	1	0	4.16	1	1.2	0.8;
	59	1	4.9e-05	2.45e-05	0	0	1	1	0	4.16	1	1.2	0.8;
	60	1	0.000217	0.0001085	0	0	1	1	0	4.16	1	1.2	0.8;
	61	1	0.001	0.0005	0	0	1	1	0	4.16	1	1.2	0.8;
	62	1	-6.5e-05	-3.25e-05	0	0	1	1	0	4.16	1	1.2	0.8;
	63	1	2.6e-05	1.3e-05	0	0	1	1	0	4.16	1	1.2	0.8;
	64	1	0.003683	0.0018415	0	0	1	1	0	4.16	1	1.2	0.8;
	65	1	0.000574	0.000287	0	0	1	1	0	4.16	1	1.2	0.8;
	66	1	0.006103	0.0030515	0	0	1	1	0	4.16	1	1.2	0.8;
	67	1	0.003501	0.0017505	0	0	1	1	0	4.16	1	1.2	0.8;
	68	1	0.000286	0.000143	0	0	1	1	0	4.16	1	1.2	0.8;
	69	1	1e-10	5e-11	0	0	1	1	0	4.16	1	1.2	0.8;
	70	1	0.000392	0.000196	0	0	1	1	0	4.16	1	1.2	0.8;
	71	1	0.000366	0.000183	0	0	1	1	0	4.16	1	1.2	0.8;
	72	1	0.000239	0.0001195	0	0	1	1	0	4.16	1	1.2	0.8;
	73	1	0.001865	0.0009325	0	0	1	1	0	4.16	1	1.2	0.8;
	74	1	0.000181	9.05e-05	0	0	1	1	0	4.16	1	1.2	0.8;
	75	1	0.000228	0.000114	0	0	1	1	0	4.16	1	1.2	0.8;
	76	1	0.000377	0.0001885	0	0	1	1	0	4.16	1	1.2	0.8;
	77	1	0.001919	0.0009595	0	0	1	1	0	4.16	1	1.2	0.8;
	78	1	0.001716	0.000858	0	0	1	1	0	4.16	1	1.2	0.8;
	79	1	0.004693	0.0023465	0	0	1	1	0	4.16	1	1.2	0.8;
	80	1	0.000623	0.0003115	0	0	1	1	0	4.16	1	1.2	0.8;
	81	1	0.000321	0.0001605	0	0	1	1	0	4.16	1	1.2	0.8;
	82	1	-0.000328	-0.000164	0	0	1	1	0	4.16	1	1.2	0.8;
	83	1	0.003826	0.001913	0	0	1	1	0	4.16	1	1.2	0.8;
	84	1	0.000445	0.0002225	0	0	1	1	0	4.16	1	1.2	0.8;
	85	1	-0.001338	-0.000669	0	0	1	1	0	4.16	1	1.2	0.8;
	86	1	0.000601	0.0003005	0	0	1	1	0	4.16	1	1.2	0.8;
	87	1	3.7e-05	1.85e-05	0	0	1	1	0	4.16	1	1.2	0.8;
	88	1	0.00019	9.5e-05	0	0	1	1	0	4.16	1	1.2	0.8;
	89	1	0.005282	0.002641	0	0	1	1	0	4.16	1	1.2	0.8;
	90	1	0.001202	0.000601	0	0	1	1	0	4.16	1	1.2	0.8;
	91	1	0.000261	0.0001305	0	0	1	1	0	4.16	1	1.2	0.8;
	92	1	0.004889	0.0024445	0	0	1	1	0	4.16	1	1.2	0.8;
	93	1	0.000815	0.0004075	0	0	1	1	0	4.16	1	1.2	0.8;
	94	1	0.006339	0.0031695	0	0	1	1	0	4.16	1	1.2	0.8;
	95	1	0.000491	0.0002455	0	0	1	1	0	4.16	1	1.2	0.8;
	96	1	0.000992	0.000496	0	0	1	1	0	4.16	1	1.2	0.8;
	97	1	0.000466	0.000233	0	0	1	1	0	4.16	1	1.2	0.8;
	98	1	0.000658	0.000329	0	0	1	1	0	4.16	1	1.2	0.8;
	99	1	0.000462	0.000231	0	0	1	1	0	4.16	1	1.2	0.8;
	100	1	0.000522	0.000261	0	0	1	1	0	4.16	1	1.2	0.8;
	101	1	1e-10	5e-11	0	0	1	1	0	4.16	1	1.2	0.8;
	102	1	0.000276	0.000138	0	0	1	1	0	4.16	1	1.2	0.8;
	103	1	0.000604	0.000302	0	0	1	1	0	4.16	1	1.2	0.8;
	104	1	0.000636	0.000318	0	0	1	1	0	4.16	1	1.2	0.8;
	105	1	0.004758	0.002379	0	0	1	1	0	4.16	1	1.2	0.8;
	106	1	1e-10	5e-11	0	0	1	1	0	4.16	1	1.2	0.8;
	107	1	1e-10	5e-11	0	0	1	1	0	4.16	1	1.2	0.8;
	108	1	0.000352	0.000176	0	0	1	1	0	4.16	1	1.2	0.8;
	109	1	3e-05	1.5e-05	0	0	1	1	0	4.16	1	1.2	0.8;
];

%% generator data
%	bus	Pg	Qg	Qmax	Qmin	Vg	mBase	status	Pmax	Pmin	Pc1	Pc2	Qc1min	Qc1max	Qc2min	Qc2max	ramp_agc	ramp_10	ramp_30	ramp_q	apf
mpc.gen = [
	1	17.068	0	200	-200	1	1	1	200	-200	0	0	0	0	0	0	10	0	0	0	0;
];

%% branch data
%	fbus	tbus	r	x	b	rateA	rateB	rateC	ratio	angle	status	angmin	angmax
