function mpc = case_ieee123_storage_638
%CASE_IEEE123_STORAGE_638

%% MATPOWER Case Format : Version 2
mpc.version = '2';

%%-----  Power Flow Data  -----%%
%% system MVA base
mpc.baseMVA = 1;

%% bus data
%	bus_i	type	Pd	Qd	Gs	Bs	area	Vm	Va	baseKV	zone	Vmax	Vmin
mpc.bus = [
	1	3	-0.001933	-0.0009665	0	0	1	1	0	4.16	1	1.2	0.8;
	2	1	0.000502	0.000251	0	0	1	1	0	4.16	1	1.2	0.8;
	3	1	0.001293	0.0006465	0	0	1	1	0	4.16	1	1.2	0.8;
	4	1	-0.000921	-0.0004605	0	0	1	1	0	4.16	1	1.2	0.8;
	5	1	-0.000969	-0.0004845	0	0	1	1	0	4.16	1	1.2	0.8;
	6	1	1e-10	5e-11	0	0	1	1	0	4.16	1	1.2	0.8;
	7	1	1e-10	5e-11	0	0	1	1	0	4.16	1	1.2	0.8;
	8	1	-0.001633	-0.0008165	0	0	1	1	0	4.16	1	1.2	0.8;
	9	1	-0.004201	-0.0021005	0	0	1	1	0	4.16	1	1.2	0.8;
	10	1	-0.002113	-0.0010565	0	0	1	1	0	4.16	1	1.2	0.8;
	11	1	1e-10	5e-11	0	0	1	1	0	4.16	1	1.2	0.8;
	12	1	-0.001558	-0.000779	0	0	1	1	0	4.16	1	1.2	0.8;
	13	1	-0.001897	-0.0009485	0	0	1	1	0	4.16	1	1.2	0.8;
	14	1	-0.000151	-7.55e-05	0	0	1	1	0	4.16	1	1.2	0.8;
	15	1	-0.001689	-0.0008445	0	0	1	1	0	4.16	1	1.2	0.8;
	16	1	1e-10	5e-11	0	0	1	1	0	4.16	1	1.2	0.8;
	17	1	-0.001624	-0.000812	0	0	1	1	0	4.16	1	1.2	0.8;
	18	1	-0.001985	-0.0009925	0	0	1	1	0	4.16	1	1.2	0.8;
	19	1	-0.002114	-0.001057	0	0	1	1	0	4.16	1	1.2	0.8;
	20	1	-0.001963	-0.0009815	0	0	1	1	0	4.16	1	1.2	0.8;
	21	1	-0.000652	-0.000326	0	0	1	1	0	4.16	1	1.2	0.8;
	22	1	0.00019	9.5e-05	0	0	1	1	0	4.16	1	1.2	0.8;
	23	1	-0.001056	-0.000528	0	0	1	1	0	4.16	1	1.2	0.8;
	24	1	0.001772	0.000886	0	0	1	1	0	4.16	1	1.2	0.8;
	25	1	-0.001291	-0.0006455	0	0	1	1	0	4.16	1	1.2	0.8;
	26	1	0.000266	0.000133	0	0	1	1	0	4.16	1	1.2	0.8;
	27	1	-0.001506	-0.000753	0	0	1	1	0	4.16	1	1.2	0.8;
	28	1	-0.000924	-0.000462	0	0	1	1	0	4.16	1	1.2	0.8;
	29	1	1e-10	5e-11	0	0	1	1	0	4.16	1	1.2	0.8;
	30	1	-0.001035	-0.0005175	0	0	1	1	0	4.16	1	1.2	0.8;
	31	1	0.00025	0.000125	0	0	1	1	0	4.16	1	1.2	0.8;
	32	1	-0.000533	-0.0002665	0	0	1	1	0	4.16	1	1.2	0.8;
	33	1	-0.001506	-0.000753	0	0	1	1	0	4.16	1	1.2	0.8;
	34	1	-0.000748	-0.000374	0	0	1	1	0	4.16	1	1.2	0.8;
	35	1	-0.001071	-0.0005355	0	0	1	1	0	4.16	1	1.2	0.8;
	36	1	1e-10	5e-11	0	0	1	1	0	4.16	1	1.2	0.8;
	37	1	-0.000551	-0.0002755	0	0	1	1	0	4.16	1	1.2	0.8;
	38	1	1e-10	5e-11	0	0	1	1	0	4.16	1	1.2	0.8;
	39	1	0.00025	0.000125	0	0	1	1	0	4.16	1	1.2	0.8;
	40	1	-0.000773	-0.0003865	0	0	1	1	0	4.16	1	1.2	0.8;
	41	1	-0.001682	-0.000841	0	0	1	1	0	4.16	1	1.2	0.8;
	42	1	-0.001666	-0.000833	0	0	1	1	0	4.16	1	1.2	0.8;
	43	1	-0.000414	-0.000207	0	0	1	1	0	4.16	1	1.2	0.8;
	44	1	0.001721	0.0008605	0	0	1	1	0	4.16	1	1.2	0.8;
	45	1	0.006038	0.003019	0	0	1	1	0	4.16	1	1.2	0.8;
	46	1	-0.000405	-0.0002025	0	0	1	1	0	4.16	1	1.2	0.8;
	47	1	0.000409	0.0002045	0	0	1	1	0	4.16	1	1.2	0.8;
	48	1	-0.001226	-0.000613	0	0	1	1	0	4.16	1	1.2	0.8;
	49	1	-0.001878	-0.000939	0	0	1	1	0	4.16	1	1.2	0.8;
	50	1	-0.00091	-0.000455	0	0	1	1	0	4.16	1	1.2	0.8;
	51	1	1e-10	5e-11	0	0	1	1	0	4.16	1	1.2	0.8;
	52	1	-0.00236	-0.00118	0	0	1	1	0	4.16	1	1.2	0.8;
	53	1	-0.000633	-0.0003165	0	0	1	1	0	4.16	1	1.2	0.8;
	54	1	-0.001491	-0.0007455	0	0	1	1	0	4.16	1	1.2	0.8;
	55	1	-0.001148	-0.000574	0	0	1	1	0	4.16	1	1.2	0.8;
	56	1	-0.001801	-0.0009005	0	0	1	1	0	4.16	1	1.2	0.8;
	57	1	1e-10	5e-11	0	0	1	1	0	4.16	1	1.2	0.8;
	58	1	-0.001655	-0.0008275	0	0	1	1	0	4.16	1	1.2	0.8;
	59	1	-0.001614	-0.000807	0	0	1	1	0	4.16	1	1.2	0.8;
	60	1	0.000103	5.15e-05	0	0	1	1	0	4.16	1	1.2	0.8;
	61	1	-0.002258	-0.001129	0	0	1	1	0	4.16	1	1.2	0.8;
	62	1	-0.000725	-0.0003625	0	0	1	1	0	4.16	1	1.2	0.8;
	63	1	-0.00179	-0.000895	0	0	1	1	0	4.16	1	1.2	0.8;
	64	1	-0.000545	-0.0002725	0	0	1	1	0	4.16	1	1.2	0.8;
	65	1	-0.000873	-0.0004365	0	0	1	1	0	4.16	1	1.2	0.8;
	66	1	-0.001356	-0.000678	0	0	1	1	0	4.16	1	1.2	0.8;
	67	1	-0.00018	-9e-05	0	0	1	1	0	4.16	1	1.2	0.8;
	68	1	-0.001606	-0.000803	0	0	1	1	0	4.16	1	1.2	0.8;
	69	1	1e-10	5e-11	0	0	1	1	0	4.16	1	1.2	0.8;
	70	1	-0.00083	-0.000415	0	0	1	1	0	4.16	1	1.2	0.8;
	71	1	-0.002565	-0.0012825	0	0	1	1	0	4.16	1	1.2	0.8;
	72	1	-0.001256	-0.000628	0	0	1	1	0	4.16	1	1.2	0.8;
	73	1	0.000158	7.9e-05	0	0	1	1	0	4.16	1	1.2	0.8;
	74	1	-0.001763	-0.0008815	0	0	1	1	0	4.16	1	1.2	0.8;
	75	1	-0.001331	-0.0006655	0	0	1	1	0	4.16	1	1.2	0.8;
	76	1	0.000706	0.000353	0	0	1	1	0	4.16	1	1.2	0.8;
	77	1	-0.000586	-0.000293	0	0	1	1	0	4.16	1	1.2	0.8;
	78	1	0.000394	0.000197	0	0	1	1	0	4.16	1	1.2	0.8;
	79	1	0.003	0.0015	0	0	1	1	0	4.16	1	1.2	0.8;
	80	1	-0.000786	-0.000393	0	0	1	1	0	4.16	1	1.2	0.8;
	81	1	-0.001714	-0.000857	0	0	1	1	0	4.16	1	1.2	0.8;
	82	1	-1.4e-05	-7e-06	0	0	1	1	0	4.16	1	1.2	0.8;
	83	1	-0.000791	-0.0003955	0	0	1	1	0	4.16	1	1.2	0.8;
	84	1	0.001686	0.000843	0	0	1	1	0	4.16	1	1.2	0.8;
	85	1	-0.000597	-0.0002985	0	0	1	1	0	4.16	1	1.2	0.8;
	86	1	-0.00071	-0.000355	0	0	1	1	0	4.16	1	1.2	0.8;
	87	1	-0.002039	-0.0010195	0	0	1	1	0	4.16	1	1.2	0.8;
	88	1	-0.001786	-0.000893	0	0	1	1	0	4.16	1	1.2	0.8;
	89	1	-0.0011	-0.00055	0	0	1	1	0	4.16	1	1.2	0.8;
	90	1	0.000461	0.0002305	0	0	1	1	0	4.16	1	1.2	0.8;
	91	1	9.2e-05	4.6e-05	0	0	1	1	0	4.16	1	1.2	0.8;
	92	1	-3.7e-05	-1.85e-05	0	0	1	1	0	4.16	1	1.2	0.8;
	93	1	0.001631	0.0008155	0	0	1	1	0	4.16	1	1.2	0.8;
	94	1	0.005511	0.0027555	0	0	1	1	0	4.16	1	1.2	0.8;
	95	1	0.007248	0.003624	0	0	1	1	0	4.16	1	1.2	0.8;
	96	1	0.000176	8.8e-05	0	0	1	1	0	4.16	1	1.2	0.8;
	97	1	0.000566	0.000283	0	0	1	1	0	4.16	1	1.2	0.8;
	98	1	0.002801	0.0014005	0	0	1	1	0	4.16	1	1.2	0.8;
	99	1	6.5e-05	3.25e-05	0	0	1	1	0	4.16	1	1.2	0.8;
	100	1	0.00061	0.000305	0	0	1	1	0	4.16	1	1.2	0.8;
	101	1	1e-10	5e-11	0	0	1	1	0	4.16	1	1.2	0.8;
	102	1	0.000425	0.0002125	0	0	1	1	0	4.16	1	1.2	0.8;
	103	1	0.000961	0.0004805	0	0	1	1	0	4.16	1	1.2	0.8;
	104	1	-0.001086	-0.000543	0	0	1	1	0	4.16	1	1.2	0.8;
	105	1	0.002585	0.0012925	0	0	1	1	0	4.16	1	1.2	0.8;
	106	1	1e-10	5e-11	0	0	1	1	0	4.16	1	1.2	0.8;
	107	1	1e-10	5e-11	0	0	1	1	0	4.16	1	1.2	0.8;
	108	1	0.00179	0.000895	0	0	1	1	0	4.16	1	1.2	0.8;
	109	1	-0.002053	-0.0010265	0	0	1	1	0	4.16	1	1.2	0.8;
];

%% generator data
%	bus	Pg	Qg	Qmax	Qmin	Vg	mBase	status	Pmax	Pmin	Pc1	Pc2	Qc1min	Qc1max	Qc2min	Qc2max	ramp_agc	ramp_10	ramp_30	ramp_q	apf
mpc.gen = [
	1	17.068	0	200	-200	1	1	1	200	-200	0	0	0	0	0	0	10	0	0	0	0;
];

%% branch data
%	fbus	tbus	r	x	b	rateA	rateB	rateC	ratio	angle	status	angmin	angmax
