function mpc = case_ieee123_storage_799
%CASE_IEEE123_STORAGE_799

%% MATPOWER Case Format : Version 2
mpc.version = '2';

%%-----  Power Flow Data  -----%%
%% system MVA base
mpc.baseMVA = 1;

%% bus data
%	bus_i	type	Pd	Qd	Gs	Bs	area	Vm	Va	baseKV	zone	Vmax	Vmin
mpc.bus = [
	1	3	-0.00135	-0.000675	0	0	1	1	0	4.16	1	1.2	0.8;
	2	1	0.004511	0.0022555	0	0	1	1	0	4.16	1	1.2	0.8;
	3	1	0.001189	0.0005945	0	0	1	1	0	4.16	1	1.2	0.8;
	4	1	0.00472	0.00236	0	0	1	1	0	4.16	1	1.2	0.8;
	5	1	-0.000724	-0.000362	0	0	1	1	0	4.16	1	1.2	0.8;
	6	1	1e-10	5e-11	0	0	1	1	0	4.16	1	1.2	0.8;
	7	1	1e-10	5e-11	0	0	1	1	0	4.16	1	1.2	0.8;
	8	1	-0.001224	-0.000612	0	0	1	1	0	4.16	1	1.2	0.8;
	9	1	-0.000848	-0.000424	0	0	1	1	0	4.16	1	1.2	0.8;
	10	1	-0.001485	-0.0007425	0	0	1	1	0	4.16	1	1.2	0.8;
	11	1	1e-10	5e-11	0	0	1	1	0	4.16	1	1.2	0.8;
	12	1	-0.000577	-0.0002885	0	0	1	1	0	4.16	1	1.2	0.8;
	13	1	-0.001336	-0.000668	0	0	1	1	0	4.16	1	1.2	0.8;
	14	1	0.000518	0.000259	0	0	1	1	0	4.16	1	1.2	0.8;
	15	1	-0.000955	-0.0004775	0	0	1	1	0	4.16	1	1.2	0.8;
	16	1	1e-10	5e-11	0	0	1	1	0	4.16	1	1.2	0.8;
	17	1	-0.001226	-0.000613	0	0	1	1	0	4.16	1	1.2	0.8;
	18	1	-0.001215	-0.0006075	0	0	1	1	0	4.16	1	1.2	0.8;
	19	1	-0.001458	-0.000729	0	0	1	1	0	4.16	1	1.2	0.8;
	20	1	-0.001385	-0.0006925	0	0	1	1	0	4.16	1	1.2	0.8;
	21	1	-0.000411	-0.0002055	0	0	1	1	0	4.16	1	1.2	0.8;
	22	1	0.000288	0.000144	0	0	1	1	0	4.16	1	1.2	0.8;
	23	1	-0.000927	-0.0004635	0	0	1	1	0	4.16	1	1.2	0.8;
	24	1	-0.00045	-0.000225	0	0	1	1	0	4.16	1	1.2	0.8;
	25	1	-0.000747	-0.0003735	0	0	1	1	0	4.16	1	1.2	0.8;
	26	1	0.000426	0.000213	0	0	1	1	0	4.16	1	1.2	0.8;
	27	1	-0.001001	-0.0005005	0	0	1	1	0	4.16	1	1.2	0.8;
	28	1	-0.000531	-0.0002655	0	0	1	1	0	4.16	1	1.2	0.8;
	29	1	1e-10	5e-11	0	0	1	1	0	4.16	1	1.2	0.8;
	30	1	-0.000839	-0.0004195	0	0	1	1	0	4.16	1	1.2	0.8;
	31	1	0.000242	0.000121	0	0	1	1	0	4.16	1	1.2	0.8;
	32	1	-0.000291	-0.0001455	0	0	1	1	0	4.16	1	1.2	0.8;
	33	1	-0.000984	-0.000492	0	0	1	1	0	4.16	1	1.2	0.8;
	34	1	-0.000286	-0.000143	0	0	1	1	0	4.16	1	1.2	0.8;
	35	1	-0.000161	-8.05e-05	0	0	1	1	0	4.16	1	1.2	0.8;
	36	1	1e-10	5e-11	0	0	1	1	0	4.16	1	1.2	0.8;
	37	1	0.001151	0.0005755	0	0	1	1	0	4.16	1	1.2	0.8;
	38	1	1e-10	5e-11	0	0	1	1	0	4.16	1	1.2	0.8;
	39	1	0.000282	0.000141	0	0	1	1	0	4.16	1	1.2	0.8;
	40	1	-0.000509	-0.0002545	0	0	1	1	0	4.16	1	1.2	0.8;
	41	1	-0.000438	-0.000219	0	0	1	1	0	4.16	1	1.2	0.8;
	42	1	-0.000724	-0.000362	0	0	1	1	0	4.16	1	1.2	0.8;
	43	1	0.000286	0.000143	0	0	1	1	0	4.16	1	1.2	0.8;
	44	1	0.000395	0.0001975	0	0	1	1	0	4.16	1	1.2	0.8;
	45	1	0.008311	0.0041555	0	0	1	1	0	4.16	1	1.2	0.8;
	46	1	0.000799	0.0003995	0	0	1	1	0	4.16	1	1.2	0.8;
	47	1	0.000575	0.0002875	0	0	1	1	0	4.16	1	1.2	0.8;
	48	1	-0.000508	-0.000254	0	0	1	1	0	4.16	1	1.2	0.8;
	49	1	-0.000929	-0.0004645	0	0	1	1	0	4.16	1	1.2	0.8;
	50	1	-0.000473	-0.0002365	0	0	1	1	0	4.16	1	1.2	0.8;
	51	1	1e-10	5e-11	0	0	1	1	0	4.16	1	1.2	0.8;
	52	1	-0.001456	-0.000728	0	0	1	1	0	4.16	1	1.2	0.8;
	53	1	0.003275	0.0016375	0	0	1	1	0	4.16	1	1.2	0.8;
	54	1	-0.000809	-0.0004045	0	0	1	1	0	4.16	1	1.2	0.8;
	55	1	-0.000415	-0.0002075	0	0	1	1	0	4.16	1	1.2	0.8;
	56	1	1e-10	5e-11	0	0	1	1	0	4.16	1	1.2	0.8;
	57	1	-0.000567	-0.0002835	0	0	1	1	0	4.16	1	1.2	0.8;
	58	1	-0.000972	-0.000486	0	0	1	1	0	4.16	1	1.2	0.8;
	59	1	-0.001382	-0.000691	0	0	1	1	0	4.16	1	1.2	0.8;
	60	1	0.000119	5.95e-05	0	0	1	1	0	4.16	1	1.2	0.8;
	61	1	-0.001801	-0.0009005	0	0	1	1	0	4.16	1	1.2	0.8;
	62	1	-0.000983	-0.0004915	0	0	1	1	0	4.16	1	1.2	0.8;
	63	1	-0.001121	-0.0005605	0	0	1	1	0	4.16	1	1.2	0.8;
	64	1	0.00373	0.001865	0	0	1	1	0	4.16	1	1.2	0.8;
	65	1	-0.000526	-0.000263	0	0	1	1	0	4.16	1	1.2	0.8;
	66	1	0.002661	0.0013305	0	0	1	1	0	4.16	1	1.2	0.8;
	67	1	0.005474	0.002737	0	0	1	1	0	4.16	1	1.2	0.8;
	68	1	-0.001159	-0.0005795	0	0	1	1	0	4.16	1	1.2	0.8;
	69	1	1e-10	5e-11	0	0	1	1	0	4.16	1	1.2	0.8;
	70	1	-0.000168	-8.4e-05	0	0	1	1	0	4.16	1	1.2	0.8;
	71	1	-0.001418	-0.000709	0	0	1	1	0	4.16	1	1.2	0.8;
	72	1	-0.001052	-0.000526	0	0	1	1	0	4.16	1	1.2	0.8;
	73	1	4.2e-05	2.1e-05	0	0	1	1	0	4.16	1	1.2	0.8;
	74	1	-0.001178	-0.000589	0	0	1	1	0	4.16	1	1.2	0.8;
	75	1	-0.00081	-0.000405	0	0	1	1	0	4.16	1	1.2	0.8;
	76	1	0.000327	0.0001635	0	0	1	1	0	4.16	1	1.2	0.8;
	77	1	-0.00049	-0.000245	0	0	1	1	0	4.16	1	1.2	0.8;
	78	1	0.000478	0.000239	0	0	1	1	0	4.16	1	1.2	0.8;
	79	1	0.000257	0.0001285	0	0	1	1	0	4.16	1	1.2	0.8;
	80	1	-0.000311	-0.0001555	0	0	1	1	0	4.16	1	1.2	0.8;
	81	1	-0.000809	-0.0004045	0	0	1	1	0	4.16	1	1.2	0.8;
	82	1	-0.000993	-0.0004965	0	0	1	1	0	4.16	1	1.2	0.8;
	83	1	-0.000727	-0.0003635	0	0	1	1	0	4.16	1	1.2	0.8;
	84	1	0.000644	0.000322	0	0	1	1	0	4.16	1	1.2	0.8;
	85	1	-1.5e-05	-7.5e-06	0	0	1	1	0	4.16	1	1.2	0.8;
	86	1	-0.000461	-0.0002305	0	0	1	1	0	4.16	1	1.2	0.8;
	87	1	-0.001275	-0.0006375	0	0	1	1	0	4.16	1	1.2	0.8;
	88	1	-0.001272	-0.000636	0	0	1	1	0	4.16	1	1.2	0.8;
	89	1	-0.000853	-0.0004265	0	0	1	1	0	4.16	1	1.2	0.8;
	90	1	0.004348	0.002174	0	0	1	1	0	4.16	1	1.2	0.8;
	91	1	0.000705	0.0003525	0	0	1	1	0	4.16	1	1.2	0.8;
	92	1	8.9e-05	4.45e-05	0	0	1	1	0	4.16	1	1.2	0.8;
	93	1	0.0013	0.00065	0	0	1	1	0	4.16	1	1.2	0.8;
	94	1	0.002286	0.001143	0	0	1	1	0	4.16	1	1.2	0.8;
	95	1	0.00057	0.000285	0	0	1	1	0	4.16	1	1.2	0.8;
	96	1	0.000846	0.000423	0	0	1	1	0	4.16	1	1.2	0.8;
	97	1	0.000619	0.0003095	0	0	1	1	0	4.16	1	1.2	0.8;
	98	1	0.000804	0.000402	0	0	1	1	0	4.16	1	1.2	0.8;
	99	1	0.000444	0.000222	0	0	1	1	0	4.16	1	1.2	0.8;
	100	1	0.000533	0.0002665	0	0	1	1	0	4.16	1	1.2	0.8;
	101	1	1e-10	5e-11	0	0	1	1	0	4.16	1	1.2	0.8;
	102	1	0.000296	0.000148	0	0	1	1	0	4.16	1	1.2	0.8;
	103	1	0.000661	0.0003305	0	0	1	1	0	4.16	1	1.2	0.8;
	104	1	-8.5e-05	-4.25e-05	0	0	1	1	0	4.16	1	1.2	0.8;
	105	1	0.004728	0.002364	0	0	1	1	0	4.16	1	1.2	0.8;
	106	1	1e-10	5e-11	0	0	1	1	0	4.16	1	1.2	0.8;
	107	1	1e-10	5e-11	0	0	1	1	0	4.16	1	1.2	0.8;
	108	1	0.000222	0.000111	0	0	1	1	0	4.16	1	1.2	0.8;
	109	1	-0.001312	-0.000656	0	0	1	1	0	4.16	1	1.2	0.8;
];

%% generator data
%	bus	Pg	Qg	Qmax	Qmin	Vg	mBase	status	Pmax	Pmin	Pc1	Pc2	Qc1min	Qc1max	Qc2min	Qc2max	ramp_agc	ramp_10	ramp_30	ramp_q	apf
mpc.gen = [
	1	17.068	0	200	-200	1	1	1	200	-200	0	0	0	0	0	0	10	0	0	0	0;
];

%% branch data
%	fbus	tbus	r	x	b	rateA	rateB	rateC	ratio	angle	status	angmin	angmax
