function mpc = case_ieee123_storage_557
%CASE_IEEE123_STORAGE_557

%% MATPOWER Case Format : Version 2
mpc.version = '2';

%%-----  Power Flow Data  -----%%
%% system MVA base
mpc.baseMVA = 1;

%% bus data
%	bus_i	type	Pd	Qd	Gs	Bs	area	Vm	Va	baseKV	zone	Vmax	Vmin
mpc.bus = [
	1	3	-0.000212	-0.000106	0	0	1	1	0	4.16	1	1.2	0.8;
	2	1	0.000716	0.000358	0	0	1	1	0	4.16	1	1.2	0.8;
	3	1	0.001727	0.0008635	0	0	1	1	0	4.16	1	1.2	0.8;
	4	1	0.005323	0.0026615	0	0	1	1	0	4.16	1	1.2	0.8;
	5	1	-3e-06	-1.5e-06	0	0	1	1	0	4.16	1	1.2	0.8;
	6	1	1e-10	5e-11	0	0	1	1	0	4.16	1	1.2	0.8;
	7	1	1e-10	5e-11	0	0	1	1	0	4.16	1	1.2	0.8;
	8	1	-0.000295	-0.0001475	0	0	1	1	0	4.16	1	1.2	0.8;
	9	1	-0.000244	-0.000122	0	0	1	1	0	4.16	1	1.2	0.8;
	10	1	-0.000318	-0.000159	0	0	1	1	0	4.16	1	1.2	0.8;
	11	1	1e-10	5e-11	0	0	1	1	0	4.16	1	1.2	0.8;
	12	1	0.000157	7.85e-05	0	0	1	1	0	4.16	1	1.2	0.8;
	13	1	-0.000178	-8.9e-05	0	0	1	1	0	4.16	1	1.2	0.8;
	14	1	0.000601	0.0003005	0	0	1	1	0	4.16	1	1.2	0.8;
	15	1	-0.000142	-7.1e-05	0	0	1	1	0	4.16	1	1.2	0.8;
	16	1	1e-10	5e-11	0	0	1	1	0	4.16	1	1.2	0.8;
	17	1	-0.00031	-0.000155	0	0	1	1	0	4.16	1	1.2	0.8;
	18	1	-0.000324	-0.000162	0	0	1	1	0	4.16	1	1.2	0.8;
	19	1	-0.000166	-8.3e-05	0	0	1	1	0	4.16	1	1.2	0.8;
	20	1	-0.000403	-0.0002015	0	0	1	1	0	4.16	1	1.2	0.8;
	21	1	-0.000149	-7.45e-05	0	0	1	1	0	4.16	1	1.2	0.8;
	22	1	0.001526	0.000763	0	0	1	1	0	4.16	1	1.2	0.8;
	23	1	-9.1e-05	-4.55e-05	0	0	1	1	0	4.16	1	1.2	0.8;
	24	1	0.000159	7.95e-05	0	0	1	1	0	4.16	1	1.2	0.8;
	25	1	-0.000194	-9.7e-05	0	0	1	1	0	4.16	1	1.2	0.8;
	26	1	0.000416	0.000208	0	0	1	1	0	4.16	1	1.2	0.8;
	27	1	-0.000166	-8.3e-05	0	0	1	1	0	4.16	1	1.2	0.8;
	28	1	-0.000224	-0.000112	0	0	1	1	0	4.16	1	1.2	0.8;
	29	1	1e-10	5e-11	0	0	1	1	0	4.16	1	1.2	0.8;
	30	1	0.000103	5.15e-05	0	0	1	1	0	4.16	1	1.2	0.8;
	31	1	0.00024	0.00012	0	0	1	1	0	4.16	1	1.2	0.8;
	32	1	-7.6e-05	-3.8e-05	0	0	1	1	0	4.16	1	1.2	0.8;
	33	1	0.0009	0.00045	0	0	1	1	0	4.16	1	1.2	0.8;
	34	1	0.001338	0.000669	0	0	1	1	0	4.16	1	1.2	0.8;
	35	1	0.000195	9.75e-05	0	0	1	1	0	4.16	1	1.2	0.8;
	36	1	1e-10	5e-11	0	0	1	1	0	4.16	1	1.2	0.8;
	37	1	0.000774	0.000387	0	0	1	1	0	4.16	1	1.2	0.8;
	38	1	1e-10	5e-11	0	0	1	1	0	4.16	1	1.2	0.8;
	39	1	-0.001037	-0.0005185	0	0	1	1	0	4.16	1	1.2	0.8;
	40	1	0.000246	0.000123	0	0	1	1	0	4.16	1	1.2	0.8;
	41	1	-0.000366	-0.000183	0	0	1	1	0	4.16	1	1.2	0.8;
	42	1	0.000843	0.0004215	0	0	1	1	0	4.16	1	1.2	0.8;
	43	1	-0.000356	-0.000178	0	0	1	1	0	4.16	1	1.2	0.8;
	44	1	0.00087	0.000435	0	0	1	1	0	4.16	1	1.2	0.8;
	45	1	0.005888	0.002944	0	0	1	1	0	4.16	1	1.2	0.8;
	46	1	0.002429	0.0012145	0	0	1	1	0	4.16	1	1.2	0.8;
	47	1	0.001238	0.000619	0	0	1	1	0	4.16	1	1.2	0.8;
	48	1	0.00047	0.000235	0	0	1	1	0	4.16	1	1.2	0.8;
	49	1	-0.000181	-9.05e-05	0	0	1	1	0	4.16	1	1.2	0.8;
	50	1	0.000438	0.000219	0	0	1	1	0	4.16	1	1.2	0.8;
	51	1	1e-10	5e-11	0	0	1	1	0	4.16	1	1.2	0.8;
	52	1	-0.000456	-0.000228	0	0	1	1	0	4.16	1	1.2	0.8;
	53	1	0.000658	0.000329	0	0	1	1	0	4.16	1	1.2	0.8;
	54	1	0.000287	0.0001435	0	0	1	1	0	4.16	1	1.2	0.8;
	55	1	0.000222	0.000111	0	0	1	1	0	4.16	1	1.2	0.8;
	56	1	-0.000233	-0.0001165	0	0	1	1	0	4.16	1	1.2	0.8;
	57	1	-0.000206	-0.000103	0	0	1	1	0	4.16	1	1.2	0.8;
	58	1	-0.000328	-0.000164	0	0	1	1	0	4.16	1	1.2	0.8;
	59	1	-4.2e-05	-2.1e-05	0	0	1	1	0	4.16	1	1.2	0.8;
	60	1	0.00027	0.000135	0	0	1	1	0	4.16	1	1.2	0.8;
	61	1	6.3e-05	3.15e-05	0	0	1	1	0	4.16	1	1.2	0.8;
	62	1	-0.00033	-0.000165	0	0	1	1	0	4.16	1	1.2	0.8;
	63	1	-0.000276	-0.000138	0	0	1	1	0	4.16	1	1.2	0.8;
	64	1	-0.000275	-0.0001375	0	0	1	1	0	4.16	1	1.2	0.8;
	65	1	0.001011	0.0005055	0	0	1	1	0	4.16	1	1.2	0.8;
	66	1	0.000775	0.0003875	0	0	1	1	0	4.16	1	1.2	0.8;
	67	1	0.001453	0.0007265	0	0	1	1	0	4.16	1	1.2	0.8;
	68	1	-0.00039	-0.000195	0	0	1	1	0	4.16	1	1.2	0.8;
	69	1	1e-10	5e-11	0	0	1	1	0	4.16	1	1.2	0.8;
	70	1	-0.000662	-0.000331	0	0	1	1	0	4.16	1	1.2	0.8;
	71	1	-0.000123	-6.15e-05	0	0	1	1	0	4.16	1	1.2	0.8;
	72	1	0.000162	8.1e-05	0	0	1	1	0	4.16	1	1.2	0.8;
	73	1	0.000152	7.6e-05	0	0	1	1	0	4.16	1	1.2	0.8;
	74	1	-0.000141	-7.05e-05	0	0	1	1	0	4.16	1	1.2	0.8;
	75	1	-0.000215	-0.0001075	0	0	1	1	0	4.16	1	1.2	0.8;
	76	1	0.000405	0.0002025	0	0	1	1	0	4.16	1	1.2	0.8;
	77	1	6.2e-05	3.1e-05	0	0	1	1	0	4.16	1	1.2	0.8;
	78	1	0.002859	0.0014295	0	0	1	1	0	4.16	1	1.2	0.8;
	79	1	0.000672	0.000336	0	0	1	1	0	4.16	1	1.2	0.8;
	80	1	0.000728	0.000364	0	0	1	1	0	4.16	1	1.2	0.8;
	81	1	-0.000185	-9.25e-05	0	0	1	1	0	4.16	1	1.2	0.8;
	82	1	-0.000556	-0.000278	0	0	1	1	0	4.16	1	1.2	0.8;
	83	1	0.000489	0.0002445	0	0	1	1	0	4.16	1	1.2	0.8;
	84	1	0.000255	0.0001275	0	0	1	1	0	4.16	1	1.2	0.8;
	85	1	-0.001622	-0.000811	0	0	1	1	0	4.16	1	1.2	0.8;
	86	1	0.000361	0.0001805	0	0	1	1	0	4.16	1	1.2	0.8;
	87	1	8e-05	4e-05	0	0	1	1	0	4.16	1	1.2	0.8;
	88	1	-5.8e-05	-2.9e-05	0	0	1	1	0	4.16	1	1.2	0.8;
	89	1	8.9e-05	4.45e-05	0	0	1	1	0	4.16	1	1.2	0.8;
	90	1	0.000416	0.000208	0	0	1	1	0	4.16	1	1.2	0.8;
	91	1	0.000313	0.0001565	0	0	1	1	0	4.16	1	1.2	0.8;
	92	1	0.000282	0.000141	0	0	1	1	0	4.16	1	1.2	0.8;
	93	1	0.00106	0.00053	0	0	1	1	0	4.16	1	1.2	0.8;
	94	1	0.001411	0.0007055	0	0	1	1	0	4.16	1	1.2	0.8;
	95	1	0.000799	0.0003995	0	0	1	1	0	4.16	1	1.2	0.8;
	96	1	0.000289	0.0001445	0	0	1	1	0	4.16	1	1.2	0.8;
	97	1	0.000582	0.000291	0	0	1	1	0	4.16	1	1.2	0.8;
	98	1	0.002893	0.0014465	0	0	1	1	0	4.16	1	1.2	0.8;
	99	1	6.5e-05	3.25e-05	0	0	1	1	0	4.16	1	1.2	0.8;
	100	1	0.000555	0.0002775	0	0	1	1	0	4.16	1	1.2	0.8;
	101	1	0.000169	8.45e-05	0	0	1	1	0	4.16	1	1.2	0.8;
	102	1	0.000532	0.000266	0	0	1	1	0	4.16	1	1.2	0.8;
	103	1	0.000544	0.000272	0	0	1	1	0	4.16	1	1.2	0.8;
	104	1	-0.000659	-0.0003295	0	0	1	1	0	4.16	1	1.2	0.8;
	105	1	0.002632	0.001316	0	0	1	1	0	4.16	1	1.2	0.8;
	106	1	1e-10	5e-11	0	0	1	1	0	4.16	1	1.2	0.8;
	107	1	1e-10	5e-11	0	0	1	1	0	4.16	1	1.2	0.8;
	108	1	0.00076	0.00038	0	0	1	1	0	4.16	1	1.2	0.8;
	109	1	0.002722	0.001361	0	0	1	1	0	4.16	1	1.2	0.8;
];

%% generator data
%	bus	Pg	Qg	Qmax	Qmin	Vg	mBase	status	Pmax	Pmin	Pc1	Pc2	Qc1min	Qc1max	Qc2min	Qc2max	ramp_agc	ramp_10	ramp_30	ramp_q	apf
mpc.gen = [
	1	17.068	0	200	-200	1	1	1	200	-200	0	0	0	0	0	0	10	0	0	0	0;
];

%% branch data
%	fbus	tbus	r	x	b	rateA	rateB	rateC	ratio	angle	status	angmin	angmax
