function mpc = case_ieee123_storage_33
%CASE_IEEE123_STORAGE_33

%% MATPOWER Case Format : Version 2
mpc.version = '2';

%%-----  Power Flow Data  -----%%
%% system MVA base
mpc.baseMVA = 1;

%% bus data
%	bus_i	type	Pd	Qd	Gs	Bs	area	Vm	Va	baseKV	zone	Vmax	Vmin
mpc.bus = [
	1	3	0.000214	0.000107	0	0	1	1	0	4.16	1	1.2	0.8;
	2	1	0.001612	0.000806	0	0	1	1	0	4.16	1	1.2	0.8;
	3	1	0.001141	0.0005705	0	0	1	1	0	4.16	1	1.2	0.8;
	4	1	0.000345	0.0001725	0	0	1	1	0	4.16	1	1.2	0.8;
	5	1	0.000206	0.000103	0	0	1	1	0	4.16	1	1.2	0.8;
	6	1	1e-10	5e-11	0	0	1	1	0	4.16	1	1.2	0.8;
	7	1	1e-10	5e-11	0	0	1	1	0	4.16	1	1.2	0.8;
	8	1	0.000495	0.0002475	0	0	1	1	0	4.16	1	1.2	0.8;
	9	1	0.002528	0.001264	0	0	1	1	0	4.16	1	1.2	0.8;
	10	1	0.000476	0.000238	0	0	1	1	0	4.16	1	1.2	0.8;
	11	1	1e-10	5e-11	0	0	1	1	0	4.16	1	1.2	0.8;
	12	1	0.000688	0.000344	0	0	1	1	0	4.16	1	1.2	0.8;
	13	1	0.000328	0.000164	0	0	1	1	0	4.16	1	1.2	0.8;
	14	1	0.001562	0.000781	0	0	1	1	0	4.16	1	1.2	0.8;
	15	1	0.000161	8.05e-05	0	0	1	1	0	4.16	1	1.2	0.8;
	16	1	1e-10	5e-11	0	0	1	1	0	4.16	1	1.2	0.8;
	17	1	0.001744	0.000872	0	0	1	1	0	4.16	1	1.2	0.8;
	18	1	0.000269	0.0001345	0	0	1	1	0	4.16	1	1.2	0.8;
	19	1	0.000494	0.000247	0	0	1	1	0	4.16	1	1.2	0.8;
	20	1	0.000125	6.25e-05	0	0	1	1	0	4.16	1	1.2	0.8;
	21	1	0.000243	0.0001215	0	0	1	1	0	4.16	1	1.2	0.8;
	22	1	0.000316	0.000158	0	0	1	1	0	4.16	1	1.2	0.8;
	23	1	0.000197	9.85e-05	0	0	1	1	0	4.16	1	1.2	0.8;
	24	1	0.000355	0.0001775	0	0	1	1	0	4.16	1	1.2	0.8;
	25	1	0.000315	0.0001575	0	0	1	1	0	4.16	1	1.2	0.8;
	26	1	0.000333	0.0001665	0	0	1	1	0	4.16	1	1.2	0.8;
	27	1	0.000208	0.000104	0	0	1	1	0	4.16	1	1.2	0.8;
	28	1	0.000775	0.0003875	0	0	1	1	0	4.16	1	1.2	0.8;
	29	1	1e-10	5e-11	0	0	1	1	0	4.16	1	1.2	0.8;
	30	1	0.000236	0.000118	0	0	1	1	0	4.16	1	1.2	0.8;
	31	1	0.000125	6.25e-05	0	0	1	1	0	4.16	1	1.2	0.8;
	32	1	0.000839	0.0004195	0	0	1	1	0	4.16	1	1.2	0.8;
	33	1	0.002869	0.0014345	0	0	1	1	0	4.16	1	1.2	0.8;
	34	1	0.000888	0.000444	0	0	1	1	0	4.16	1	1.2	0.8;
	35	1	0.000694	0.000347	0	0	1	1	0	4.16	1	1.2	0.8;
	36	1	1e-10	5e-11	0	0	1	1	0	4.16	1	1.2	0.8;
	37	1	0.002699	0.0013495	0	0	1	1	0	4.16	1	1.2	0.8;
	38	1	0.000864	0.000432	0	0	1	1	0	4.16	1	1.2	0.8;
	39	1	0.000648	0.000324	0	0	1	1	0	4.16	1	1.2	0.8;
	40	1	0.000466	0.000233	0	0	1	1	0	4.16	1	1.2	0.8;
	41	1	0.000226	0.000113	0	0	1	1	0	4.16	1	1.2	0.8;
	42	1	0.000501	0.0002505	0	0	1	1	0	4.16	1	1.2	0.8;
	43	1	0.006625	0.0033125	0	0	1	1	0	4.16	1	1.2	0.8;
	44	1	0.000404	0.000202	0	0	1	1	0	4.16	1	1.2	0.8;
	45	1	0.000731	0.0003655	0	0	1	1	0	4.16	1	1.2	0.8;
	46	1	0.00294	0.00147	0	0	1	1	0	4.16	1	1.2	0.8;
	47	1	0.001682	0.000841	0	0	1	1	0	4.16	1	1.2	0.8;
	48	1	0.001244	0.000622	0	0	1	1	0	4.16	1	1.2	0.8;
	49	1	0.000287	0.0001435	0	0	1	1	0	4.16	1	1.2	0.8;
	50	1	0.003125	0.0015625	0	0	1	1	0	4.16	1	1.2	0.8;
	51	1	1e-10	5e-11	0	0	1	1	0	4.16	1	1.2	0.8;
	52	1	0.000335	0.0001675	0	0	1	1	0	4.16	1	1.2	0.8;
	53	1	0.000519	0.0002595	0	0	1	1	0	4.16	1	1.2	0.8;
	54	1	0.000486	0.000243	0	0	1	1	0	4.16	1	1.2	0.8;
	55	1	0.000424	0.000212	0	0	1	1	0	4.16	1	1.2	0.8;
	56	1	0.000131	6.55e-05	0	0	1	1	0	4.16	1	1.2	0.8;
	57	1	6.2e-05	3.1e-05	0	0	1	1	0	4.16	1	1.2	0.8;
	58	1	0.000224	0.000112	0	0	1	1	0	4.16	1	1.2	0.8;
	59	1	0.000409	0.0002045	0	0	1	1	0	4.16	1	1.2	0.8;
	60	1	0.000133	6.65e-05	0	0	1	1	0	4.16	1	1.2	0.8;
	61	1	0.000921	0.0004605	0	0	1	1	0	4.16	1	1.2	0.8;
	62	1	0.001017	0.0005085	0	0	1	1	0	4.16	1	1.2	0.8;
	63	1	0.000618	0.000309	0	0	1	1	0	4.16	1	1.2	0.8;
	64	1	0.000764	0.000382	0	0	1	1	0	4.16	1	1.2	0.8;
	65	1	0.000744	0.000372	0	0	1	1	0	4.16	1	1.2	0.8;
	66	1	0.000894	0.000447	0	0	1	1	0	4.16	1	1.2	0.8;
	67	1	0.000372	0.000186	0	0	1	1	0	4.16	1	1.2	0.8;
	68	1	0.018375	0.0091875	0	0	1	1	0	4.16	1	1.2	0.8;
	69	1	1e-10	5e-11	0	0	1	1	0	4.16	1	1.2	0.8;
	70	1	0.000441	0.0002205	0	0	1	1	0	4.16	1	1.2	0.8;
	71	1	0.000723	0.0003615	0	0	1	1	0	4.16	1	1.2	0.8;
	72	1	0.000342	0.000171	0	0	1	1	0	4.16	1	1.2	0.8;
	73	1	4.3e-05	2.15e-05	0	0	1	1	0	4.16	1	1.2	0.8;
	74	1	0.000222	0.000111	0	0	1	1	0	4.16	1	1.2	0.8;
	75	1	0.0004	0.0002	0	0	1	1	0	4.16	1	1.2	0.8;
	76	1	0.00045	0.000225	0	0	1	1	0	4.16	1	1.2	0.8;
	77	1	0.000317	0.0001585	0	0	1	1	0	4.16	1	1.2	0.8;
	78	1	0.000615	0.0003075	0	0	1	1	0	4.16	1	1.2	0.8;
	79	1	0.001082	0.000541	0	0	1	1	0	4.16	1	1.2	0.8;
	80	1	0.000896	0.000448	0	0	1	1	0	4.16	1	1.2	0.8;
	81	1	0.000438	0.000219	0	0	1	1	0	4.16	1	1.2	0.8;
	82	1	0.000399	0.0001995	0	0	1	1	0	4.16	1	1.2	0.8;
	83	1	0.000319	0.0001595	0	0	1	1	0	4.16	1	1.2	0.8;
	84	1	0.00052	0.00026	0	0	1	1	0	4.16	1	1.2	0.8;
	85	1	0.013363	0.0066815	0	0	1	1	0	4.16	1	1.2	0.8;
	86	1	0.000322	0.000161	0	0	1	1	0	4.16	1	1.2	0.8;
	87	1	0.000528	0.000264	0	0	1	1	0	4.16	1	1.2	0.8;
	88	1	0.001469	0.0007345	0	0	1	1	0	4.16	1	1.2	0.8;
	89	1	0.00104	0.00052	0	0	1	1	0	4.16	1	1.2	0.8;
	90	1	0.000753	0.0003765	0	0	1	1	0	4.16	1	1.2	0.8;
	91	1	0.00017	8.5e-05	0	0	1	1	0	4.16	1	1.2	0.8;
	92	1	0.000363	0.0001815	0	0	1	1	0	4.16	1	1.2	0.8;
	93	1	0.001019	0.0005095	0	0	1	1	0	4.16	1	1.2	0.8;
	94	1	0.000985	0.0004925	0	0	1	1	0	4.16	1	1.2	0.8;
	95	1	0.001602	0.000801	0	0	1	1	0	4.16	1	1.2	0.8;
	96	1	0.001075	0.0005375	0	0	1	1	0	4.16	1	1.2	0.8;
	97	1	0.000169	8.45e-05	0	0	1	1	0	4.16	1	1.2	0.8;
	98	1	0.001006	0.000503	0	0	1	1	0	4.16	1	1.2	0.8;
	99	1	0.000168	8.4e-05	0	0	1	1	0	4.16	1	1.2	0.8;
	100	1	0.000459	0.0002295	0	0	1	1	0	4.16	1	1.2	0.8;
	101	1	1e-10	5e-11	0	0	1	1	0	4.16	1	1.2	0.8;
	102	1	0.000211	0.0001055	0	0	1	1	0	4.16	1	1.2	0.8;
	103	1	0.000697	0.0003485	0	0	1	1	0	4.16	1	1.2	0.8;
	104	1	0.000373	0.0001865	0	0	1	1	0	4.16	1	1.2	0.8;
	105	1	0.003464	0.001732	0	0	1	1	0	4.16	1	1.2	0.8;
	106	1	1e-10	5e-11	0	0	1	1	0	4.16	1	1.2	0.8;
	107	1	1e-10	5e-11	0	0	1	1	0	4.16	1	1.2	0.8;
	108	1	0.001255	0.0006275	0	0	1	1	0	4.16	1	1.2	0.8;
	109	1	0.00034	0.00017	0	0	1	1	0	4.16	1	1.2	0.8;
];

%% generator data
%	bus	Pg	Qg	Qmax	Qmin	Vg	mBase	status	Pmax	Pmin	Pc1	Pc2	Qc1min	Qc1max	Qc2min	Qc2max	ramp_agc	ramp_10	ramp_30	ramp_q	apf
mpc.gen = [
	1	17.068	0	200	-200	1	1	1	200	-200	0	0	0	0	0	0	10	0	0	0	0;
];

%% branch data
%	fbus	tbus	r	x	b	rateA	rateB	rateC	ratio	angle	status	angmin	angmax
