function mpc = case_ieee123_storage_563
%CASE_IEEE123_STORAGE_563

%% MATPOWER Case Format : Version 2
mpc.version = '2';

%%-----  Power Flow Data  -----%%
%% system MVA base
mpc.baseMVA = 1;

%% bus data
%	bus_i	type	Pd	Qd	Gs	Bs	area	Vm	Va	baseKV	zone	Vmax	Vmin
mpc.bus = [
	1	3	0.00022	0.00011	0	0	1	1	0	4.16	1	1.2	0.8;
	2	1	0.000954	0.000477	0	0	1	1	0	4.16	1	1.2	0.8;
	3	1	0.001526	0.000763	0	0	1	1	0	4.16	1	1.2	0.8;
	4	1	0.005481	0.0027405	0	0	1	1	0	4.16	1	1.2	0.8;
	5	1	0.000233	0.0001165	0	0	1	1	0	4.16	1	1.2	0.8;
	6	1	1e-10	5e-11	0	0	1	1	0	4.16	1	1.2	0.8;
	7	1	1e-10	5e-11	0	0	1	1	0	4.16	1	1.2	0.8;
	8	1	-3.7e-05	-1.85e-05	0	0	1	1	0	4.16	1	1.2	0.8;
	9	1	0.000138	6.9e-05	0	0	1	1	0	4.16	1	1.2	0.8;
	10	1	-0.000254	-0.000127	0	0	1	1	0	4.16	1	1.2	0.8;
	11	1	1e-10	5e-11	0	0	1	1	0	4.16	1	1.2	0.8;
	12	1	0.000326	0.000163	0	0	1	1	0	4.16	1	1.2	0.8;
	13	1	-1.2e-05	-6e-06	0	0	1	1	0	4.16	1	1.2	0.8;
	14	1	0.000843	0.0004215	0	0	1	1	0	4.16	1	1.2	0.8;
	15	1	-1.3e-05	-6.5e-06	0	0	1	1	0	4.16	1	1.2	0.8;
	16	1	1e-10	5e-11	0	0	1	1	0	4.16	1	1.2	0.8;
	17	1	0.001326	0.000663	0	0	1	1	0	4.16	1	1.2	0.8;
	18	1	-0.000183	-9.15e-05	0	0	1	1	0	4.16	1	1.2	0.8;
	19	1	-5e-06	-2.5e-06	0	0	1	1	0	4.16	1	1.2	0.8;
	20	1	-0.000252	-0.000126	0	0	1	1	0	4.16	1	1.2	0.8;
	21	1	-4.4e-05	-2.2e-05	0	0	1	1	0	4.16	1	1.2	0.8;
	22	1	0.00127	0.000635	0	0	1	1	0	4.16	1	1.2	0.8;
	23	1	2.9e-05	1.45e-05	0	0	1	1	0	4.16	1	1.2	0.8;
	24	1	0.000489	0.0002445	0	0	1	1	0	4.16	1	1.2	0.8;
	25	1	-0.000104	-5.2e-05	0	0	1	1	0	4.16	1	1.2	0.8;
	26	1	0.000496	0.000248	0	0	1	1	0	4.16	1	1.2	0.8;
	27	1	-0.00013	-6.5e-05	0	0	1	1	0	4.16	1	1.2	0.8;
	28	1	-5.2e-05	-2.6e-05	0	0	1	1	0	4.16	1	1.2	0.8;
	29	1	1e-10	5e-11	0	0	1	1	0	4.16	1	1.2	0.8;
	30	1	0.000239	0.0001195	0	0	1	1	0	4.16	1	1.2	0.8;
	31	1	0.000132	6.6e-05	0	0	1	1	0	4.16	1	1.2	0.8;
	32	1	4e-06	2e-06	0	0	1	1	0	4.16	1	1.2	0.8;
	33	1	0.000801	0.0004005	0	0	1	1	0	4.16	1	1.2	0.8;
	34	1	0.001415	0.0007075	0	0	1	1	0	4.16	1	1.2	0.8;
	35	1	0.000302	0.000151	0	0	1	1	0	4.16	1	1.2	0.8;
	36	1	1e-10	5e-11	0	0	1	1	0	4.16	1	1.2	0.8;
	37	1	0.000896	0.000448	0	0	1	1	0	4.16	1	1.2	0.8;
	38	1	1e-10	5e-11	0	0	1	1	0	4.16	1	1.2	0.8;
	39	1	-5e-06	-2.5e-06	0	0	1	1	0	4.16	1	1.2	0.8;
	40	1	0.000379	0.0001895	0	0	1	1	0	4.16	1	1.2	0.8;
	41	1	-0.00023	-0.000115	0	0	1	1	0	4.16	1	1.2	0.8;
	42	1	0.001079	0.0005395	0	0	1	1	0	4.16	1	1.2	0.8;
	43	1	-0.000672	-0.000336	0	0	1	1	0	4.16	1	1.2	0.8;
	44	1	0.001721	0.0008605	0	0	1	1	0	4.16	1	1.2	0.8;
	45	1	0.006507	0.0032535	0	0	1	1	0	4.16	1	1.2	0.8;
	46	1	0.001406	0.000703	0	0	1	1	0	4.16	1	1.2	0.8;
	47	1	0.001544	0.000772	0	0	1	1	0	4.16	1	1.2	0.8;
	48	1	0.000538	0.000269	0	0	1	1	0	4.16	1	1.2	0.8;
	49	1	-4.7e-05	-2.35e-05	0	0	1	1	0	4.16	1	1.2	0.8;
	50	1	0.000465	0.0002325	0	0	1	1	0	4.16	1	1.2	0.8;
	51	1	1e-10	5e-11	0	0	1	1	0	4.16	1	1.2	0.8;
	52	1	-0.000239	-0.0001195	0	0	1	1	0	4.16	1	1.2	0.8;
	53	1	0.000763	0.0003815	0	0	1	1	0	4.16	1	1.2	0.8;
	54	1	0.000106	5.3e-05	0	0	1	1	0	4.16	1	1.2	0.8;
	55	1	0.000307	0.0001535	0	0	1	1	0	4.16	1	1.2	0.8;
	56	1	-0.000113	-5.65e-05	0	0	1	1	0	4.16	1	1.2	0.8;
	57	1	-0.000156	-7.8e-05	0	0	1	1	0	4.16	1	1.2	0.8;
	58	1	-6.9e-05	-3.45e-05	0	0	1	1	0	4.16	1	1.2	0.8;
	59	1	0.00015	7.5e-05	0	0	1	1	0	4.16	1	1.2	0.8;
	60	1	0.00027	0.000135	0	0	1	1	0	4.16	1	1.2	0.8;
	61	1	0.000453	0.0002265	0	0	1	1	0	4.16	1	1.2	0.8;
	62	1	-6e-06	-3e-06	0	0	1	1	0	4.16	1	1.2	0.8;
	63	1	-3.3e-05	-1.65e-05	0	0	1	1	0	4.16	1	1.2	0.8;
	64	1	4.2e-05	2.1e-05	0	0	1	1	0	4.16	1	1.2	0.8;
	65	1	0.002097	0.0010485	0	0	1	1	0	4.16	1	1.2	0.8;
	66	1	0.003288	0.001644	0	0	1	1	0	4.16	1	1.2	0.8;
	67	1	0.001668	0.000834	0	0	1	1	0	4.16	1	1.2	0.8;
	68	1	-0.000922	-0.000461	0	0	1	1	0	4.16	1	1.2	0.8;
	69	1	1e-10	5e-11	0	0	1	1	0	4.16	1	1.2	0.8;
	70	1	-0.000819	-0.0004095	0	0	1	1	0	4.16	1	1.2	0.8;
	71	1	0.000185	9.25e-05	0	0	1	1	0	4.16	1	1.2	0.8;
	72	1	0.000304	0.000152	0	0	1	1	0	4.16	1	1.2	0.8;
	73	1	0.000151	7.55e-05	0	0	1	1	0	4.16	1	1.2	0.8;
	74	1	7.8e-05	3.9e-05	0	0	1	1	0	4.16	1	1.2	0.8;
	75	1	0.000206	0.000103	0	0	1	1	0	4.16	1	1.2	0.8;
	76	1	0.000363	0.0001815	0	0	1	1	0	4.16	1	1.2	0.8;
	77	1	0.000354	0.000177	0	0	1	1	0	4.16	1	1.2	0.8;
	78	1	0.003629	0.0018145	0	0	1	1	0	4.16	1	1.2	0.8;
	79	1	0.003809	0.0019045	0	0	1	1	0	4.16	1	1.2	0.8;
	80	1	0.00118	0.00059	0	0	1	1	0	4.16	1	1.2	0.8;
	81	1	-7.8e-05	-3.9e-05	0	0	1	1	0	4.16	1	1.2	0.8;
	82	1	-0.00042	-0.00021	0	0	1	1	0	4.16	1	1.2	0.8;
	83	1	0.000544	0.000272	0	0	1	1	0	4.16	1	1.2	0.8;
	84	1	0.000255	0.0001275	0	0	1	1	0	4.16	1	1.2	0.8;
	85	1	-0.000725	-0.0003625	0	0	1	1	0	4.16	1	1.2	0.8;
	86	1	0.000341	0.0001705	0	0	1	1	0	4.16	1	1.2	0.8;
	87	1	0.000203	0.0001015	0	0	1	1	0	4.16	1	1.2	0.8;
	88	1	9.6e-05	4.8e-05	0	0	1	1	0	4.16	1	1.2	0.8;
	89	1	0.000177	8.85e-05	0	0	1	1	0	4.16	1	1.2	0.8;
	90	1	0.001394	0.000697	0	0	1	1	0	4.16	1	1.2	0.8;
	91	1	0.000192	9.6e-05	0	0	1	1	0	4.16	1	1.2	0.8;
	92	1	0.000323	0.0001615	0	0	1	1	0	4.16	1	1.2	0.8;
	93	1	0.001055	0.0005275	0	0	1	1	0	4.16	1	1.2	0.8;
	94	1	0.001485	0.0007425	0	0	1	1	0	4.16	1	1.2	0.8;
	95	1	0.000914	0.000457	0	0	1	1	0	4.16	1	1.2	0.8;
	96	1	0.000519	0.0002595	0	0	1	1	0	4.16	1	1.2	0.8;
	97	1	0.00055	0.000275	0	0	1	1	0	4.16	1	1.2	0.8;
	98	1	0.003489	0.0017445	0	0	1	1	0	4.16	1	1.2	0.8;
	99	1	6.5e-05	3.25e-05	0	0	1	1	0	4.16	1	1.2	0.8;
	100	1	0.000589	0.0002945	0	0	1	1	0	4.16	1	1.2	0.8;
	101	1	0.000289	0.0001445	0	0	1	1	0	4.16	1	1.2	0.8;
	102	1	0.000701	0.0003505	0	0	1	1	0	4.16	1	1.2	0.8;
	103	1	0.000556	0.000278	0	0	1	1	0	4.16	1	1.2	0.8;
	104	1	-0.000472	-0.000236	0	0	1	1	0	4.16	1	1.2	0.8;
	105	1	0.002469	0.0012345	0	0	1	1	0	4.16	1	1.2	0.8;
	106	1	1e-10	5e-11	0	0	1	1	0	4.16	1	1.2	0.8;
	107	1	1e-10	5e-11	0	0	1	1	0	4.16	1	1.2	0.8;
	108	1	0.001191	0.0005955	0	0	1	1	0	4.16	1	1.2	0.8;
	109	1	-5.4e-05	-2.7e-05	0	0	1	1	0	4.16	1	1.2	0.8;
];

%% generator data
%	bus	Pg	Qg	Qmax	Qmin	Vg	mBase	status	Pmax	Pmin	Pc1	Pc2	Qc1min	Qc1max	Qc2min	Qc2max	ramp_agc	ramp_10	ramp_30	ramp_q	apf
mpc.gen = [
	1	17.068	0	200	-200	1	1	1	200	-200	0	0	0	0	0	0	10	0	0	0	0;
];

%% branch data
%	fbus	tbus	r	x	b	rateA	rateB	rateC	ratio	angle	status	angmin	angmax
