function mpc = case_ieee123_storage_552
%CASE_IEEE123_STORAGE_552

%% MATPOWER Case Format : Version 2
mpc.version = '2';

%%-----  Power Flow Data  -----%%
%% system MVA base
mpc.baseMVA = 1;

%% bus data
%	bus_i	type	Pd	Qd	Gs	Bs	area	Vm	Va	baseKV	zone	Vmax	Vmin
mpc.bus = [
	1	3	-0.00026	-0.00013	0	0	1	1	0	4.16	1	1.2	0.8;
	2	1	0.00066	0.00033	0	0	1	1	0	4.16	1	1.2	0.8;
	3	1	0.001269	0.0006345	0	0	1	1	0	4.16	1	1.2	0.8;
	4	1	8.7e-05	4.35e-05	0	0	1	1	0	4.16	1	1.2	0.8;
	5	1	-5e-05	-2.5e-05	0	0	1	1	0	4.16	1	1.2	0.8;
	6	1	1e-10	5e-11	0	0	1	1	0	4.16	1	1.2	0.8;
	7	1	1e-10	5e-11	0	0	1	1	0	4.16	1	1.2	0.8;
	8	1	-0.000333	-0.0001665	0	0	1	1	0	4.16	1	1.2	0.8;
	9	1	-0.000167	-8.35e-05	0	0	1	1	0	4.16	1	1.2	0.8;
	10	1	-0.000377	-0.0001885	0	0	1	1	0	4.16	1	1.2	0.8;
	11	1	1e-10	5e-11	0	0	1	1	0	4.16	1	1.2	0.8;
	12	1	9e-05	4.5e-05	0	0	1	1	0	4.16	1	1.2	0.8;
	13	1	-0.000232	-0.000116	0	0	1	1	0	4.16	1	1.2	0.8;
	14	1	0.000799	0.0003995	0	0	1	1	0	4.16	1	1.2	0.8;
	15	1	-0.000189	-9.45e-05	0	0	1	1	0	4.16	1	1.2	0.8;
	16	1	1e-10	5e-11	0	0	1	1	0	4.16	1	1.2	0.8;
	17	1	-0.000376	-0.000188	0	0	1	1	0	4.16	1	1.2	0.8;
	18	1	-0.000149	-7.45e-05	0	0	1	1	0	4.16	1	1.2	0.8;
	19	1	-0.000265	-0.0001325	0	0	1	1	0	4.16	1	1.2	0.8;
	20	1	-0.00037	-0.000185	0	0	1	1	0	4.16	1	1.2	0.8;
	21	1	-4e-05	-2e-05	0	0	1	1	0	4.16	1	1.2	0.8;
	22	1	0.00119	0.000595	0	0	1	1	0	4.16	1	1.2	0.8;
	23	1	-0.000172	-8.6e-05	0	0	1	1	0	4.16	1	1.2	0.8;
	24	1	3.4e-05	1.7e-05	0	0	1	1	0	4.16	1	1.2	0.8;
	25	1	-0.000131	-6.55e-05	0	0	1	1	0	4.16	1	1.2	0.8;
	26	1	0.000411	0.0002055	0	0	1	1	0	4.16	1	1.2	0.8;
	27	1	-0.000208	-0.000104	0	0	1	1	0	4.16	1	1.2	0.8;
	28	1	-0.000208	-0.000104	0	0	1	1	0	4.16	1	1.2	0.8;
	29	1	1e-10	5e-11	0	0	1	1	0	4.16	1	1.2	0.8;
	30	1	0.000114	5.7e-05	0	0	1	1	0	4.16	1	1.2	0.8;
	31	1	0.000244	0.000122	0	0	1	1	0	4.16	1	1.2	0.8;
	32	1	-0.000101	-5.05e-05	0	0	1	1	0	4.16	1	1.2	0.8;
	33	1	0.000504	0.000252	0	0	1	1	0	4.16	1	1.2	0.8;
	34	1	0.000134	6.7e-05	0	0	1	1	0	4.16	1	1.2	0.8;
	35	1	0.000138	6.9e-05	0	0	1	1	0	4.16	1	1.2	0.8;
	36	1	1e-10	5e-11	0	0	1	1	0	4.16	1	1.2	0.8;
	37	1	0.00068	0.00034	0	0	1	1	0	4.16	1	1.2	0.8;
	38	1	1e-10	5e-11	0	0	1	1	0	4.16	1	1.2	0.8;
	39	1	-0.000443	-0.0002215	0	0	1	1	0	4.16	1	1.2	0.8;
	40	1	0.000192	9.6e-05	0	0	1	1	0	4.16	1	1.2	0.8;
	41	1	-0.00044	-0.00022	0	0	1	1	0	4.16	1	1.2	0.8;
	42	1	-2.5e-05	-1.25e-05	0	0	1	1	0	4.16	1	1.2	0.8;
	43	1	-0.000709	-0.0003545	0	0	1	1	0	4.16	1	1.2	0.8;
	44	1	0.000981	0.0004905	0	0	1	1	0	4.16	1	1.2	0.8;
	45	1	0.006452	0.003226	0	0	1	1	0	4.16	1	1.2	0.8;
	46	1	0.00147	0.000735	0	0	1	1	0	4.16	1	1.2	0.8;
	47	1	0.001195	0.0005975	0	0	1	1	0	4.16	1	1.2	0.8;
	48	1	0.000464	0.000232	0	0	1	1	0	4.16	1	1.2	0.8;
	49	1	-0.000238	-0.000119	0	0	1	1	0	4.16	1	1.2	0.8;
	50	1	0.000393	0.0001965	0	0	1	1	0	4.16	1	1.2	0.8;
	51	1	1e-10	5e-11	0	0	1	1	0	4.16	1	1.2	0.8;
	52	1	-0.000388	-0.000194	0	0	1	1	0	4.16	1	1.2	0.8;
	53	1	0.0006	0.0003	0	0	1	1	0	4.16	1	1.2	0.8;
	54	1	0.00019	9.5e-05	0	0	1	1	0	4.16	1	1.2	0.8;
	55	1	0.000183	9.15e-05	0	0	1	1	0	4.16	1	1.2	0.8;
	56	1	-0.000302	-0.000151	0	0	1	1	0	4.16	1	1.2	0.8;
	57	1	-0.000119	-5.95e-05	0	0	1	1	0	4.16	1	1.2	0.8;
	58	1	-0.000379	-0.0001895	0	0	1	1	0	4.16	1	1.2	0.8;
	59	1	-0.000351	-0.0001755	0	0	1	1	0	4.16	1	1.2	0.8;
	60	1	0.000283	0.0001415	0	0	1	1	0	4.16	1	1.2	0.8;
	61	1	-0.000508	-0.000254	0	0	1	1	0	4.16	1	1.2	0.8;
	62	1	-0.000754	-0.000377	0	0	1	1	0	4.16	1	1.2	0.8;
	63	1	-0.000337	-0.0001685	0	0	1	1	0	4.16	1	1.2	0.8;
	64	1	-0.000281	-0.0001405	0	0	1	1	0	4.16	1	1.2	0.8;
	65	1	0.000574	0.000287	0	0	1	1	0	4.16	1	1.2	0.8;
	66	1	0.000947	0.0004735	0	0	1	1	0	4.16	1	1.2	0.8;
	67	1	8.8e-05	4.4e-05	0	0	1	1	0	4.16	1	1.2	0.8;
	68	1	0.001549	0.0007745	0	0	1	1	0	4.16	1	1.2	0.8;
	69	1	1e-10	5e-11	0	0	1	1	0	4.16	1	1.2	0.8;
	70	1	-0.000533	-0.0002665	0	0	1	1	0	4.16	1	1.2	0.8;
	71	1	-0.000198	-9.9e-05	0	0	1	1	0	4.16	1	1.2	0.8;
	72	1	5.9e-05	2.95e-05	0	0	1	1	0	4.16	1	1.2	0.8;
	73	1	0.000155	7.75e-05	0	0	1	1	0	4.16	1	1.2	0.8;
	74	1	0.000205	0.0001025	0	0	1	1	0	4.16	1	1.2	0.8;
	75	1	-0.000261	-0.0001305	0	0	1	1	0	4.16	1	1.2	0.8;
	76	1	0.000439	0.0002195	0	0	1	1	0	4.16	1	1.2	0.8;
	77	1	3.2e-05	1.6e-05	0	0	1	1	0	4.16	1	1.2	0.8;
	78	1	0.004096	0.002048	0	0	1	1	0	4.16	1	1.2	0.8;
	79	1	0.000476	0.000238	0	0	1	1	0	4.16	1	1.2	0.8;
	80	1	0.00107	0.000535	0	0	1	1	0	4.16	1	1.2	0.8;
	81	1	-0.000251	-0.0001255	0	0	1	1	0	4.16	1	1.2	0.8;
	82	1	-0.00054	-0.00027	0	0	1	1	0	4.16	1	1.2	0.8;
	83	1	0.000476	0.000238	0	0	1	1	0	4.16	1	1.2	0.8;
	84	1	0.000257	0.0001285	0	0	1	1	0	4.16	1	1.2	0.8;
	85	1	-0.001218	-0.000609	0	0	1	1	0	4.16	1	1.2	0.8;
	86	1	0.000352	0.000176	0	0	1	1	0	4.16	1	1.2	0.8;
	87	1	5.2e-05	2.6e-05	0	0	1	1	0	4.16	1	1.2	0.8;
	88	1	-0.00011	-5.5e-05	0	0	1	1	0	4.16	1	1.2	0.8;
	89	1	0.00083	0.000415	0	0	1	1	0	4.16	1	1.2	0.8;
	90	1	0.00036	0.00018	0	0	1	1	0	4.16	1	1.2	0.8;
	91	1	0.000283	0.0001415	0	0	1	1	0	4.16	1	1.2	0.8;
	92	1	0.000272	0.000136	0	0	1	1	0	4.16	1	1.2	0.8;
	93	1	0.001105	0.0005525	0	0	1	1	0	4.16	1	1.2	0.8;
	94	1	0.001424	0.000712	0	0	1	1	0	4.16	1	1.2	0.8;
	95	1	0.000802	0.000401	0	0	1	1	0	4.16	1	1.2	0.8;
	96	1	0.000162	8.1e-05	0	0	1	1	0	4.16	1	1.2	0.8;
	97	1	0.000623	0.0003115	0	0	1	1	0	4.16	1	1.2	0.8;
	98	1	0.003679	0.0018395	0	0	1	1	0	4.16	1	1.2	0.8;
	99	1	6.5e-05	3.25e-05	0	0	1	1	0	4.16	1	1.2	0.8;
	100	1	0.000556	0.000278	0	0	1	1	0	4.16	1	1.2	0.8;
	101	1	0.000161	8.05e-05	0	0	1	1	0	4.16	1	1.2	0.8;
	102	1	0.000693	0.0003465	0	0	1	1	0	4.16	1	1.2	0.8;
	103	1	0.000642	0.000321	0	0	1	1	0	4.16	1	1.2	0.8;
	104	1	-0.000139	-6.95e-05	0	0	1	1	0	4.16	1	1.2	0.8;
	105	1	0.00261	0.001305	0	0	1	1	0	4.16	1	1.2	0.8;
	106	1	1e-10	5e-11	0	0	1	1	0	4.16	1	1.2	0.8;
	107	1	1e-10	5e-11	0	0	1	1	0	4.16	1	1.2	0.8;
	108	1	0.001288	0.000644	0	0	1	1	0	4.16	1	1.2	0.8;
	109	1	0.002676	0.001338	0	0	1	1	0	4.16	1	1.2	0.8;
];

%% generator data
%	bus	Pg	Qg	Qmax	Qmin	Vg	mBase	status	Pmax	Pmin	Pc1	Pc2	Qc1min	Qc1max	Qc2min	Qc2max	ramp_agc	ramp_10	ramp_30	ramp_q	apf
mpc.gen = [
	1	17.068	0	200	-200	1	1	1	200	-200	0	0	0	0	0	0	10	0	0	0	0;
];

%% branch data
%	fbus	tbus	r	x	b	rateA	rateB	rateC	ratio	angle	status	angmin	angmax
