function mpc = case_ieee123_storage_395
%CASE_IEEE123_STORAGE_395

%% MATPOWER Case Format : Version 2
mpc.version = '2';

%%-----  Power Flow Data  -----%%
%% system MVA base
mpc.baseMVA = 1;

%% bus data
%	bus_i	type	Pd	Qd	Gs	Bs	area	Vm	Va	baseKV	zone	Vmax	Vmin
mpc.bus = [
	1	3	0.000334	0.000167	0	0	1	1	0	4.16	1	1.2	0.8;
	2	1	0.001198	0.000599	0	0	1	1	0	4.16	1	1.2	0.8;
	3	1	0.001387	0.0006935	0	0	1	1	0	4.16	1	1.2	0.8;
	4	1	0.002007	0.0010035	0	0	1	1	0	4.16	1	1.2	0.8;
	5	1	0.000199	9.95e-05	0	0	1	1	0	4.16	1	1.2	0.8;
	6	1	1e-10	5e-11	0	0	1	1	0	4.16	1	1.2	0.8;
	7	1	1e-10	5e-11	0	0	1	1	0	4.16	1	1.2	0.8;
	8	1	0.000287	0.0001435	0	0	1	1	0	4.16	1	1.2	0.8;
	9	1	0.003637	0.0018185	0	0	1	1	0	4.16	1	1.2	0.8;
	10	1	0.000502	0.000251	0	0	1	1	0	4.16	1	1.2	0.8;
	11	1	1e-10	5e-11	0	0	1	1	0	4.16	1	1.2	0.8;
	12	1	0.000673	0.0003365	0	0	1	1	0	4.16	1	1.2	0.8;
	13	1	0.000328	0.000164	0	0	1	1	0	4.16	1	1.2	0.8;
	14	1	0.001131	0.0005655	0	0	1	1	0	4.16	1	1.2	0.8;
	15	1	0.000335	0.0001675	0	0	1	1	0	4.16	1	1.2	0.8;
	16	1	1e-10	5e-11	0	0	1	1	0	4.16	1	1.2	0.8;
	17	1	0.000485	0.0002425	0	0	1	1	0	4.16	1	1.2	0.8;
	18	1	0.000261	0.0001305	0	0	1	1	0	4.16	1	1.2	0.8;
	19	1	0.000477	0.0002385	0	0	1	1	0	4.16	1	1.2	0.8;
	20	1	0.00021	0.000105	0	0	1	1	0	4.16	1	1.2	0.8;
	21	1	0.000142	7.1e-05	0	0	1	1	0	4.16	1	1.2	0.8;
	22	1	0.000204	0.000102	0	0	1	1	0	4.16	1	1.2	0.8;
	23	1	0.000219	0.0001095	0	0	1	1	0	4.16	1	1.2	0.8;
	24	1	0.000249	0.0001245	0	0	1	1	0	4.16	1	1.2	0.8;
	25	1	0.000159	7.95e-05	0	0	1	1	0	4.16	1	1.2	0.8;
	26	1	0.00023	0.000115	0	0	1	1	0	4.16	1	1.2	0.8;
	27	1	0.000274	0.000137	0	0	1	1	0	4.16	1	1.2	0.8;
	28	1	0.000416	0.000208	0	0	1	1	0	4.16	1	1.2	0.8;
	29	1	1e-10	5e-11	0	0	1	1	0	4.16	1	1.2	0.8;
	30	1	0.000232	0.000116	0	0	1	1	0	4.16	1	1.2	0.8;
	31	1	0.000129	6.45e-05	0	0	1	1	0	4.16	1	1.2	0.8;
	32	1	0.000891	0.0004455	0	0	1	1	0	4.16	1	1.2	0.8;
	33	1	0.002479	0.0012395	0	0	1	1	0	4.16	1	1.2	0.8;
	34	1	0.000359	0.0001795	0	0	1	1	0	4.16	1	1.2	0.8;
	35	1	0.001119	0.0005595	0	0	1	1	0	4.16	1	1.2	0.8;
	36	1	1e-10	5e-11	0	0	1	1	0	4.16	1	1.2	0.8;
	37	1	0.00277	0.001385	0	0	1	1	0	4.16	1	1.2	0.8;
	38	1	0.000552	0.000276	0	0	1	1	0	4.16	1	1.2	0.8;
	39	1	0.002721	0.0013605	0	0	1	1	0	4.16	1	1.2	0.8;
	40	1	0.000475	0.0002375	0	0	1	1	0	4.16	1	1.2	0.8;
	41	1	0.000228	0.000114	0	0	1	1	0	4.16	1	1.2	0.8;
	42	1	0.00047	0.000235	0	0	1	1	0	4.16	1	1.2	0.8;
	43	1	0.000889	0.0004445	0	0	1	1	0	4.16	1	1.2	0.8;
	44	1	0.000327	0.0001635	0	0	1	1	0	4.16	1	1.2	0.8;
	45	1	0.000702	0.000351	0	0	1	1	0	4.16	1	1.2	0.8;
	46	1	0.001843	0.0009215	0	0	1	1	0	4.16	1	1.2	0.8;
	47	1	0.00171	0.000855	0	0	1	1	0	4.16	1	1.2	0.8;
	48	1	0.000241	0.0001205	0	0	1	1	0	4.16	1	1.2	0.8;
	49	1	0.000331	0.0001655	0	0	1	1	0	4.16	1	1.2	0.8;
	50	1	0.000406	0.000203	0	0	1	1	0	4.16	1	1.2	0.8;
	51	1	1e-10	5e-11	0	0	1	1	0	4.16	1	1.2	0.8;
	52	1	0.000197	9.85e-05	0	0	1	1	0	4.16	1	1.2	0.8;
	53	1	0.000434	0.000217	0	0	1	1	0	4.16	1	1.2	0.8;
	54	1	0.000455	0.0002275	0	0	1	1	0	4.16	1	1.2	0.8;
	55	1	0.000197	9.85e-05	0	0	1	1	0	4.16	1	1.2	0.8;
	56	1	0.000244	0.000122	0	0	1	1	0	4.16	1	1.2	0.8;
	57	1	5.4e-05	2.7e-05	0	0	1	1	0	4.16	1	1.2	0.8;
	58	1	0.000221	0.0001105	0	0	1	1	0	4.16	1	1.2	0.8;
	59	1	0.000254	0.000127	0	0	1	1	0	4.16	1	1.2	0.8;
	60	1	0.000298	0.000149	0	0	1	1	0	4.16	1	1.2	0.8;
	61	1	0.00036	0.00018	0	0	1	1	0	4.16	1	1.2	0.8;
	62	1	0.000791	0.0003955	0	0	1	1	0	4.16	1	1.2	0.8;
	63	1	0.000364	0.000182	0	0	1	1	0	4.16	1	1.2	0.8;
	64	1	0.000269	0.0001345	0	0	1	1	0	4.16	1	1.2	0.8;
	65	1	0.00063	0.000315	0	0	1	1	0	4.16	1	1.2	0.8;
	66	1	0.001031	0.0005155	0	0	1	1	0	4.16	1	1.2	0.8;
	67	1	0.000279	0.0001395	0	0	1	1	0	4.16	1	1.2	0.8;
	68	1	0.000745	0.0003725	0	0	1	1	0	4.16	1	1.2	0.8;
	69	1	1e-10	5e-11	0	0	1	1	0	4.16	1	1.2	0.8;
	70	1	0.000527	0.0002635	0	0	1	1	0	4.16	1	1.2	0.8;
	71	1	0.001313	0.0006565	0	0	1	1	0	4.16	1	1.2	0.8;
	72	1	0.001409	0.0007045	0	0	1	1	0	4.16	1	1.2	0.8;
	73	1	4.3e-05	2.15e-05	0	0	1	1	0	4.16	1	1.2	0.8;
	74	1	0.000211	0.0001055	0	0	1	1	0	4.16	1	1.2	0.8;
	75	1	0.000273	0.0001365	0	0	1	1	0	4.16	1	1.2	0.8;
	76	1	0.000347	0.0001735	0	0	1	1	0	4.16	1	1.2	0.8;
	77	1	0.000402	0.000201	0	0	1	1	0	4.16	1	1.2	0.8;
	78	1	0.000466	0.000233	0	0	1	1	0	4.16	1	1.2	0.8;
	79	1	0.000675	0.0003375	0	0	1	1	0	4.16	1	1.2	0.8;
	80	1	0.000522	0.000261	0	0	1	1	0	4.16	1	1.2	0.8;
	81	1	0.000394	0.000197	0	0	1	1	0	4.16	1	1.2	0.8;
	82	1	0.000241	0.0001205	0	0	1	1	0	4.16	1	1.2	0.8;
	83	1	0.000351	0.0001755	0	0	1	1	0	4.16	1	1.2	0.8;
	84	1	0.000304	0.000152	0	0	1	1	0	4.16	1	1.2	0.8;
	85	1	0.000437	0.0002185	0	0	1	1	0	4.16	1	1.2	0.8;
	86	1	0.000381	0.0001905	0	0	1	1	0	4.16	1	1.2	0.8;
	87	1	0.000189	9.45e-05	0	0	1	1	0	4.16	1	1.2	0.8;
	88	1	0.000334	0.000167	0	0	1	1	0	4.16	1	1.2	0.8;
	89	1	0.000246	0.000123	0	0	1	1	0	4.16	1	1.2	0.8;
	90	1	0.000823	0.0004115	0	0	1	1	0	4.16	1	1.2	0.8;
	91	1	0.000173	8.65e-05	0	0	1	1	0	4.16	1	1.2	0.8;
	92	1	0.000555	0.0002775	0	0	1	1	0	4.16	1	1.2	0.8;
	93	1	0.000752	0.000376	0	0	1	1	0	4.16	1	1.2	0.8;
	94	1	0.000513	0.0002565	0	0	1	1	0	4.16	1	1.2	0.8;
	95	1	0.001269	0.0006345	0	0	1	1	0	4.16	1	1.2	0.8;
	96	1	0.001067	0.0005335	0	0	1	1	0	4.16	1	1.2	0.8;
	97	1	0.001206	0.000603	0	0	1	1	0	4.16	1	1.2	0.8;
	98	1	0.00128	0.00064	0	0	1	1	0	4.16	1	1.2	0.8;
	99	1	6.5e-05	3.25e-05	0	0	1	1	0	4.16	1	1.2	0.8;
	100	1	0.000466	0.000233	0	0	1	1	0	4.16	1	1.2	0.8;
	101	1	1e-10	5e-11	0	0	1	1	0	4.16	1	1.2	0.8;
	102	1	0.000271	0.0001355	0	0	1	1	0	4.16	1	1.2	0.8;
	103	1	0.001733	0.0008665	0	0	1	1	0	4.16	1	1.2	0.8;
	104	1	0.000474	0.000237	0	0	1	1	0	4.16	1	1.2	0.8;
	105	1	0.002909	0.0014545	0	0	1	1	0	4.16	1	1.2	0.8;
	106	1	1e-10	5e-11	0	0	1	1	0	4.16	1	1.2	0.8;
	107	1	1e-10	5e-11	0	0	1	1	0	4.16	1	1.2	0.8;
	108	1	0.000194	9.7e-05	0	0	1	1	0	4.16	1	1.2	0.8;
	109	1	0.000205	0.0001025	0	0	1	1	0	4.16	1	1.2	0.8;
];

%% generator data
%	bus	Pg	Qg	Qmax	Qmin	Vg	mBase	status	Pmax	Pmin	Pc1	Pc2	Qc1min	Qc1max	Qc2min	Qc2max	ramp_agc	ramp_10	ramp_30	ramp_q	apf
mpc.gen = [
	1	17.068	0	200	-200	1	1	1	200	-200	0	0	0	0	0	0	10	0	0	0	0;
];

%% branch data
%	fbus	tbus	r	x	b	rateA	rateB	rateC	ratio	angle	status	angmin	angmax
