function mpc = case_ieee123_storage_948
%CASE_IEEE123_STORAGE_948

%% MATPOWER Case Format : Version 2
mpc.version = '2';

%%-----  Power Flow Data  -----%%
%% system MVA base
mpc.baseMVA = 1;

%% bus data
%	bus_i	type	Pd	Qd	Gs	Bs	area	Vm	Va	baseKV	zone	Vmax	Vmin
mpc.bus = [
	1	3	-0.000373	-0.0001865	0	0	1	1	0	4.16	1	1.2	0.8;
	2	1	0.006237	0.0031185	0	0	1	1	0	4.16	1	1.2	0.8;
	3	1	0.000645	0.0003225	0	0	1	1	0	4.16	1	1.2	0.8;
	4	1	-3.4e-05	-1.7e-05	0	0	1	1	0	4.16	1	1.2	0.8;
	5	1	-9.5e-05	-4.75e-05	0	0	1	1	0	4.16	1	1.2	0.8;
	6	1	1e-10	5e-11	0	0	1	1	0	4.16	1	1.2	0.8;
	7	1	1e-10	5e-11	0	0	1	1	0	4.16	1	1.2	0.8;
	8	1	0.000801	0.0004005	0	0	1	1	0	4.16	1	1.2	0.8;
	9	1	0.000713	0.0003565	0	0	1	1	0	4.16	1	1.2	0.8;
	10	1	-0.000611	-0.0003055	0	0	1	1	0	4.16	1	1.2	0.8;
	11	1	1e-10	5e-11	0	0	1	1	0	4.16	1	1.2	0.8;
	12	1	0.000407	0.0002035	0	0	1	1	0	4.16	1	1.2	0.8;
	13	1	-0.000545	-0.0002725	0	0	1	1	0	4.16	1	1.2	0.8;
	14	1	0.000152	7.6e-05	0	0	1	1	0	4.16	1	1.2	0.8;
	15	1	-0.000332	-0.000166	0	0	1	1	0	4.16	1	1.2	0.8;
	16	1	1e-10	5e-11	0	0	1	1	0	4.16	1	1.2	0.8;
	17	1	-0.000738	-0.000369	0	0	1	1	0	4.16	1	1.2	0.8;
	18	1	-0.000565	-0.0002825	0	0	1	1	0	4.16	1	1.2	0.8;
	19	1	-0.000431	-0.0002155	0	0	1	1	0	4.16	1	1.2	0.8;
	20	1	-0.000654	-0.000327	0	0	1	1	0	4.16	1	1.2	0.8;
	21	1	-0.000219	-0.0001095	0	0	1	1	0	4.16	1	1.2	0.8;
	22	1	0.000328	0.000164	0	0	1	1	0	4.16	1	1.2	0.8;
	23	1	-0.000341	-0.0001705	0	0	1	1	0	4.16	1	1.2	0.8;
	24	1	-0.000106	-5.3e-05	0	0	1	1	0	4.16	1	1.2	0.8;
	25	1	0.00012	6e-05	0	0	1	1	0	4.16	1	1.2	0.8;
	26	1	0.000386	0.000193	0	0	1	1	0	4.16	1	1.2	0.8;
	27	1	-0.000504	-0.000252	0	0	1	1	0	4.16	1	1.2	0.8;
	28	1	-0.000213	-0.0001065	0	0	1	1	0	4.16	1	1.2	0.8;
	29	1	1e-10	5e-11	0	0	1	1	0	4.16	1	1.2	0.8;
	30	1	-0.000333	-0.0001665	0	0	1	1	0	4.16	1	1.2	0.8;
	31	1	0.000134	6.7e-05	0	0	1	1	0	4.16	1	1.2	0.8;
	32	1	0.00038	0.00019	0	0	1	1	0	4.16	1	1.2	0.8;
	33	1	0.00505	0.002525	0	0	1	1	0	4.16	1	1.2	0.8;
	34	1	-1.7e-05	-8.5e-06	0	0	1	1	0	4.16	1	1.2	0.8;
	35	1	0.00051	0.000255	0	0	1	1	0	4.16	1	1.2	0.8;
	36	1	1e-10	5e-11	0	0	1	1	0	4.16	1	1.2	0.8;
	37	1	0.002539	0.0012695	0	0	1	1	0	4.16	1	1.2	0.8;
	38	1	0.005008	0.002504	0	0	1	1	0	4.16	1	1.2	0.8;
	39	1	0.001742	0.000871	0	0	1	1	0	4.16	1	1.2	0.8;
	40	1	-2e-06	-1e-06	0	0	1	1	0	4.16	1	1.2	0.8;
	41	1	0.001142	0.000571	0	0	1	1	0	4.16	1	1.2	0.8;
	42	1	8.8e-05	4.4e-05	0	0	1	1	0	4.16	1	1.2	0.8;
	43	1	7e-06	3.5e-06	0	0	1	1	0	4.16	1	1.2	0.8;
	44	1	0.000704	0.000352	0	0	1	1	0	4.16	1	1.2	0.8;
	45	1	0.003338	0.001669	0	0	1	1	0	4.16	1	1.2	0.8;
	46	1	0.0022	0.0011	0	0	1	1	0	4.16	1	1.2	0.8;
	47	1	0.001223	0.0006115	0	0	1	1	0	4.16	1	1.2	0.8;
	48	1	0.000683	0.0003415	0	0	1	1	0	4.16	1	1.2	0.8;
	49	1	-0.000507	-0.0002535	0	0	1	1	0	4.16	1	1.2	0.8;
	50	1	0.000114	5.7e-05	0	0	1	1	0	4.16	1	1.2	0.8;
	51	1	1e-10	5e-11	0	0	1	1	0	4.16	1	1.2	0.8;
	52	1	-0.000636	-0.000318	0	0	1	1	0	4.16	1	1.2	0.8;
	53	1	0.001141	0.0005705	0	0	1	1	0	4.16	1	1.2	0.8;
	54	1	-0.000417	-0.0002085	0	0	1	1	0	4.16	1	1.2	0.8;
	55	1	2.3e-05	1.15e-05	0	0	1	1	0	4.16	1	1.2	0.8;
	56	1	1.4e-05	7e-06	0	0	1	1	0	4.16	1	1.2	0.8;
	57	1	-0.000315	-0.0001575	0	0	1	1	0	4.16	1	1.2	0.8;
	58	1	0.005217	0.0026085	0	0	1	1	0	4.16	1	1.2	0.8;
	59	1	-0.000694	-0.000347	0	0	1	1	0	4.16	1	1.2	0.8;
	60	1	0.000174	8.7e-05	0	0	1	1	0	4.16	1	1.2	0.8;
	61	1	-0.001182	-0.000591	0	0	1	1	0	4.16	1	1.2	0.8;
	62	1	-0.000331	-0.0001655	0	0	1	1	0	4.16	1	1.2	0.8;
	63	1	-0.000391	-0.0001955	0	0	1	1	0	4.16	1	1.2	0.8;
	64	1	0.004625	0.0023125	0	0	1	1	0	4.16	1	1.2	0.8;
	65	1	2.8e-05	1.4e-05	0	0	1	1	0	4.16	1	1.2	0.8;
	66	1	0.002281	0.0011405	0	0	1	1	0	4.16	1	1.2	0.8;
	67	1	0.000161	8.05e-05	0	0	1	1	0	4.16	1	1.2	0.8;
	68	1	-0.000471	-0.0002355	0	0	1	1	0	4.16	1	1.2	0.8;
	69	1	1e-10	5e-11	0	0	1	1	0	4.16	1	1.2	0.8;
	70	1	-0.00114	-0.00057	0	0	1	1	0	4.16	1	1.2	0.8;
	71	1	-0.000301	-0.0001505	0	0	1	1	0	4.16	1	1.2	0.8;
	72	1	-0.000175	-8.75e-05	0	0	1	1	0	4.16	1	1.2	0.8;
	73	1	0.001438	0.000719	0	0	1	1	0	4.16	1	1.2	0.8;
	74	1	-0.000413	-0.0002065	0	0	1	1	0	4.16	1	1.2	0.8;
	75	1	-0.000459	-0.0002295	0	0	1	1	0	4.16	1	1.2	0.8;
	76	1	0.00047	0.000235	0	0	1	1	0	4.16	1	1.2	0.8;
	77	1	0.001606	0.000803	0	0	1	1	0	4.16	1	1.2	0.8;
	78	1	0.001509	0.0007545	0	0	1	1	0	4.16	1	1.2	0.8;
	79	1	0.00141	0.000705	0	0	1	1	0	4.16	1	1.2	0.8;
	80	1	0.005398	0.002699	0	0	1	1	0	4.16	1	1.2	0.8;
	81	1	-0.000477	-0.0002385	0	0	1	1	0	4.16	1	1.2	0.8;
	82	1	5.3e-05	2.65e-05	0	0	1	1	0	4.16	1	1.2	0.8;
	83	1	0.001289	0.0006445	0	0	1	1	0	4.16	1	1.2	0.8;
	84	1	0.000417	0.0002085	0	0	1	1	0	4.16	1	1.2	0.8;
	85	1	-0.001577	-0.0007885	0	0	1	1	0	4.16	1	1.2	0.8;
	86	1	-1.2e-05	-6e-06	0	0	1	1	0	4.16	1	1.2	0.8;
	87	1	-0.000538	-0.000269	0	0	1	1	0	4.16	1	1.2	0.8;
	88	1	-0.00068	-0.00034	0	0	1	1	0	4.16	1	1.2	0.8;
	89	1	0.00226	0.00113	0	0	1	1	0	4.16	1	1.2	0.8;
	90	1	0.000554	0.000277	0	0	1	1	0	4.16	1	1.2	0.8;
	91	1	0.000593	0.0002965	0	0	1	1	0	4.16	1	1.2	0.8;
	92	1	0.00219	0.001095	0	0	1	1	0	4.16	1	1.2	0.8;
	93	1	0.000692	0.000346	0	0	1	1	0	4.16	1	1.2	0.8;
	94	1	0.001889	0.0009445	0	0	1	1	0	4.16	1	1.2	0.8;
	95	1	0.000579	0.0002895	0	0	1	1	0	4.16	1	1.2	0.8;
	96	1	0.001068	0.000534	0	0	1	1	0	4.16	1	1.2	0.8;
	97	1	0.005921	0.0029605	0	0	1	1	0	4.16	1	1.2	0.8;
	98	1	0.002162	0.001081	0	0	1	1	0	4.16	1	1.2	0.8;
	99	1	0.001001	0.0005005	0	0	1	1	0	4.16	1	1.2	0.8;
	100	1	0.001762	0.000881	0	0	1	1	0	4.16	1	1.2	0.8;
	101	1	0.000288	0.000144	0	0	1	1	0	4.16	1	1.2	0.8;
	102	1	0.000157	7.85e-05	0	0	1	1	0	4.16	1	1.2	0.8;
	103	1	0.000932	0.000466	0	0	1	1	0	4.16	1	1.2	0.8;
	104	1	-0.000415	-0.0002075	0	0	1	1	0	4.16	1	1.2	0.8;
	105	1	0.002561	0.0012805	0	0	1	1	0	4.16	1	1.2	0.8;
	106	1	1e-10	5e-11	0	0	1	1	0	4.16	1	1.2	0.8;
	107	1	1e-10	5e-11	0	0	1	1	0	4.16	1	1.2	0.8;
	108	1	0.000427	0.0002135	0	0	1	1	0	4.16	1	1.2	0.8;
	109	1	-0.000259	-0.0001295	0	0	1	1	0	4.16	1	1.2	0.8;
];

%% generator data
%	bus	Pg	Qg	Qmax	Qmin	Vg	mBase	status	Pmax	Pmin	Pc1	Pc2	Qc1min	Qc1max	Qc2min	Qc2max	ramp_agc	ramp_10	ramp_30	ramp_q	apf
mpc.gen = [
	1	17.068	0	200	-200	1	1	1	200	-200	0	0	0	0	0	0	10	0	0	0	0;
];

%% branch data
%	fbus	tbus	r	x	b	rateA	rateB	rateC	ratio	angle	status	angmin	angmax
