function mpc = case_ieee123_storage_54
%CASE_IEEE123_STORAGE_54

%% MATPOWER Case Format : Version 2
mpc.version = '2';

%%-----  Power Flow Data  -----%%
%% system MVA base
mpc.baseMVA = 1;

%% bus data
%	bus_i	type	Pd	Qd	Gs	Bs	area	Vm	Va	baseKV	zone	Vmax	Vmin
mpc.bus = [
	1	3	0.000342	0.000171	0	0	1	1	0	4.16	1	1.2	0.8;
	2	1	0.001669	0.0008345	0	0	1	1	0	4.16	1	1.2	0.8;
	3	1	0.001259	0.0006295	0	0	1	1	0	4.16	1	1.2	0.8;
	4	1	0.00018	9e-05	0	0	1	1	0	4.16	1	1.2	0.8;
	5	1	0.000332	0.000166	0	0	1	1	0	4.16	1	1.2	0.8;
	6	1	1e-10	5e-11	0	0	1	1	0	4.16	1	1.2	0.8;
	7	1	1e-10	5e-11	0	0	1	1	0	4.16	1	1.2	0.8;
	8	1	0.00051	0.000255	0	0	1	1	0	4.16	1	1.2	0.8;
	9	1	0.002629	0.0013145	0	0	1	1	0	4.16	1	1.2	0.8;
	10	1	0.000423	0.0002115	0	0	1	1	0	4.16	1	1.2	0.8;
	11	1	1e-10	5e-11	0	0	1	1	0	4.16	1	1.2	0.8;
	12	1	0.00078	0.00039	0	0	1	1	0	4.16	1	1.2	0.8;
	13	1	0.000404	0.000202	0	0	1	1	0	4.16	1	1.2	0.8;
	14	1	0.00117	0.000585	0	0	1	1	0	4.16	1	1.2	0.8;
	15	1	0.000346	0.000173	0	0	1	1	0	4.16	1	1.2	0.8;
	16	1	1e-10	5e-11	0	0	1	1	0	4.16	1	1.2	0.8;
	17	1	0.000598	0.000299	0	0	1	1	0	4.16	1	1.2	0.8;
	18	1	0.000262	0.000131	0	0	1	1	0	4.16	1	1.2	0.8;
	19	1	0.000445	0.0002225	0	0	1	1	0	4.16	1	1.2	0.8;
	20	1	0.000211	0.0001055	0	0	1	1	0	4.16	1	1.2	0.8;
	21	1	0.000227	0.0001135	0	0	1	1	0	4.16	1	1.2	0.8;
	22	1	0.000305	0.0001525	0	0	1	1	0	4.16	1	1.2	0.8;
	23	1	0.000227	0.0001135	0	0	1	1	0	4.16	1	1.2	0.8;
	24	1	0.000255	0.0001275	0	0	1	1	0	4.16	1	1.2	0.8;
	25	1	0.000245	0.0001225	0	0	1	1	0	4.16	1	1.2	0.8;
	26	1	0.000321	0.0001605	0	0	1	1	0	4.16	1	1.2	0.8;
	27	1	0.000263	0.0001315	0	0	1	1	0	4.16	1	1.2	0.8;
	28	1	0.000516	0.000258	0	0	1	1	0	4.16	1	1.2	0.8;
	29	1	1e-10	5e-11	0	0	1	1	0	4.16	1	1.2	0.8;
	30	1	0.000234	0.000117	0	0	1	1	0	4.16	1	1.2	0.8;
	31	1	0.000183	9.15e-05	0	0	1	1	0	4.16	1	1.2	0.8;
	32	1	0.001042	0.000521	0	0	1	1	0	4.16	1	1.2	0.8;
	33	1	0.001418	0.000709	0	0	1	1	0	4.16	1	1.2	0.8;
	34	1	0.000615	0.0003075	0	0	1	1	0	4.16	1	1.2	0.8;
	35	1	0.000539	0.0002695	0	0	1	1	0	4.16	1	1.2	0.8;
	36	1	1e-10	5e-11	0	0	1	1	0	4.16	1	1.2	0.8;
	37	1	0.00271	0.001355	0	0	1	1	0	4.16	1	1.2	0.8;
	38	1	0.000843	0.0004215	0	0	1	1	0	4.16	1	1.2	0.8;
	39	1	0.000637	0.0003185	0	0	1	1	0	4.16	1	1.2	0.8;
	40	1	0.000465	0.0002325	0	0	1	1	0	4.16	1	1.2	0.8;
	41	1	0.000188	9.4e-05	0	0	1	1	0	4.16	1	1.2	0.8;
	42	1	0.000801	0.0004005	0	0	1	1	0	4.16	1	1.2	0.8;
	43	1	0.008744	0.004372	0	0	1	1	0	4.16	1	1.2	0.8;
	44	1	0.000446	0.000223	0	0	1	1	0	4.16	1	1.2	0.8;
	45	1	0.000672	0.000336	0	0	1	1	0	4.16	1	1.2	0.8;
	46	1	0.002466	0.001233	0	0	1	1	0	4.16	1	1.2	0.8;
	47	1	0.001673	0.0008365	0	0	1	1	0	4.16	1	1.2	0.8;
	48	1	0.001001	0.0005005	0	0	1	1	0	4.16	1	1.2	0.8;
	49	1	0.000217	0.0001085	0	0	1	1	0	4.16	1	1.2	0.8;
	50	1	0.003103	0.0015515	0	0	1	1	0	4.16	1	1.2	0.8;
	51	1	1e-10	5e-11	0	0	1	1	0	4.16	1	1.2	0.8;
	52	1	0.000336	0.000168	0	0	1	1	0	4.16	1	1.2	0.8;
	53	1	0.000515	0.0002575	0	0	1	1	0	4.16	1	1.2	0.8;
	54	1	0.000507	0.0002535	0	0	1	1	0	4.16	1	1.2	0.8;
	55	1	0.000406	0.000203	0	0	1	1	0	4.16	1	1.2	0.8;
	56	1	0.000244	0.000122	0	0	1	1	0	4.16	1	1.2	0.8;
	57	1	5.5e-05	2.75e-05	0	0	1	1	0	4.16	1	1.2	0.8;
	58	1	0.000223	0.0001115	0	0	1	1	0	4.16	1	1.2	0.8;
	59	1	0.00042	0.00021	0	0	1	1	0	4.16	1	1.2	0.8;
	60	1	0.000236	0.000118	0	0	1	1	0	4.16	1	1.2	0.8;
	61	1	0.001008	0.000504	0	0	1	1	0	4.16	1	1.2	0.8;
	62	1	0.000578	0.000289	0	0	1	1	0	4.16	1	1.2	0.8;
	63	1	0.000741	0.0003705	0	0	1	1	0	4.16	1	1.2	0.8;
	64	1	0.001593	0.0007965	0	0	1	1	0	4.16	1	1.2	0.8;
	65	1	0.00074	0.00037	0	0	1	1	0	4.16	1	1.2	0.8;
	66	1	0.003792	0.001896	0	0	1	1	0	4.16	1	1.2	0.8;
	67	1	0.000497	0.0002485	0	0	1	1	0	4.16	1	1.2	0.8;
	68	1	0.018267	0.0091335	0	0	1	1	0	4.16	1	1.2	0.8;
	69	1	1e-10	5e-11	0	0	1	1	0	4.16	1	1.2	0.8;
	70	1	0.000409	0.0002045	0	0	1	1	0	4.16	1	1.2	0.8;
	71	1	0.000718	0.000359	0	0	1	1	0	4.16	1	1.2	0.8;
	72	1	0.000194	9.7e-05	0	0	1	1	0	4.16	1	1.2	0.8;
	73	1	4.3e-05	2.15e-05	0	0	1	1	0	4.16	1	1.2	0.8;
	74	1	0.000343	0.0001715	0	0	1	1	0	4.16	1	1.2	0.8;
	75	1	0.000307	0.0001535	0	0	1	1	0	4.16	1	1.2	0.8;
	76	1	0.000368	0.000184	0	0	1	1	0	4.16	1	1.2	0.8;
	77	1	0.000455	0.0002275	0	0	1	1	0	4.16	1	1.2	0.8;
	78	1	0.000641	0.0003205	0	0	1	1	0	4.16	1	1.2	0.8;
	79	1	0.000547	0.0002735	0	0	1	1	0	4.16	1	1.2	0.8;
	80	1	0.001007	0.0005035	0	0	1	1	0	4.16	1	1.2	0.8;
	81	1	0.000304	0.000152	0	0	1	1	0	4.16	1	1.2	0.8;
	82	1	0.000395	0.0001975	0	0	1	1	0	4.16	1	1.2	0.8;
	83	1	0.000234	0.000117	0	0	1	1	0	4.16	1	1.2	0.8;
	84	1	0.000508	0.000254	0	0	1	1	0	4.16	1	1.2	0.8;
	85	1	0.013021	0.0065105	0	0	1	1	0	4.16	1	1.2	0.8;
	86	1	0.000319	0.0001595	0	0	1	1	0	4.16	1	1.2	0.8;
	87	1	0.000174	8.7e-05	0	0	1	1	0	4.16	1	1.2	0.8;
	88	1	0.000336	0.000168	0	0	1	1	0	4.16	1	1.2	0.8;
	89	1	0.001124	0.000562	0	0	1	1	0	4.16	1	1.2	0.8;
	90	1	0.000763	0.0003815	0	0	1	1	0	4.16	1	1.2	0.8;
	91	1	0.00011	5.5e-05	0	0	1	1	0	4.16	1	1.2	0.8;
	92	1	0.000438	0.000219	0	0	1	1	0	4.16	1	1.2	0.8;
	93	1	0.001145	0.0005725	0	0	1	1	0	4.16	1	1.2	0.8;
	94	1	0.000574	0.000287	0	0	1	1	0	4.16	1	1.2	0.8;
	95	1	0.001265	0.0006325	0	0	1	1	0	4.16	1	1.2	0.8;
	96	1	0.000175	8.75e-05	0	0	1	1	0	4.16	1	1.2	0.8;
	97	1	0.000281	0.0001405	0	0	1	1	0	4.16	1	1.2	0.8;
	98	1	0.000986	0.000493	0	0	1	1	0	4.16	1	1.2	0.8;
	99	1	0.000193	9.65e-05	0	0	1	1	0	4.16	1	1.2	0.8;
	100	1	0.000439	0.0002195	0	0	1	1	0	4.16	1	1.2	0.8;
	101	1	1e-10	5e-11	0	0	1	1	0	4.16	1	1.2	0.8;
	102	1	0.000329	0.0001645	0	0	1	1	0	4.16	1	1.2	0.8;
	103	1	0.000603	0.0003015	0	0	1	1	0	4.16	1	1.2	0.8;
	104	1	0.000477	0.0002385	0	0	1	1	0	4.16	1	1.2	0.8;
	105	1	0.003388	0.001694	0	0	1	1	0	4.16	1	1.2	0.8;
	106	1	1e-10	5e-11	0	0	1	1	0	4.16	1	1.2	0.8;
	107	1	1e-10	5e-11	0	0	1	1	0	4.16	1	1.2	0.8;
	108	1	0.000298	0.000149	0	0	1	1	0	4.16	1	1.2	0.8;
	109	1	0.000205	0.0001025	0	0	1	1	0	4.16	1	1.2	0.8;
];

%% generator data
%	bus	Pg	Qg	Qmax	Qmin	Vg	mBase	status	Pmax	Pmin	Pc1	Pc2	Qc1min	Qc1max	Qc2min	Qc2max	ramp_agc	ramp_10	ramp_30	ramp_q	apf
mpc.gen = [
	1	17.068	0	200	-200	1	1	1	200	-200	0	0	0	0	0	0	10	0	0	0	0;
];

%% branch data
%	fbus	tbus	r	x	b	rateA	rateB	rateC	ratio	angle	status	angmin	angmax
