function mpc = case_ieee123_storage_11
%CASE_IEEE123_STORAGE_11

%% MATPOWER Case Format : Version 2
mpc.version = '2';

%%-----  Power Flow Data  -----%%
%% system MVA base
mpc.baseMVA = 1;

%% bus data
%	bus_i	type	Pd	Qd	Gs	Bs	area	Vm	Va	baseKV	zone	Vmax	Vmin
mpc.bus = [
	1	3	0.000321	0.0001605	0	0	1	1	0	4.16	1	1.2	0.8;
	2	1	0.000767	0.0003835	0	0	1	1	0	4.16	1	1.2	0.8;
	3	1	0.000574	0.000287	0	0	1	1	0	4.16	1	1.2	0.8;
	4	1	0.000217	0.0001085	0	0	1	1	0	4.16	1	1.2	0.8;
	5	1	0.000193	9.65e-05	0	0	1	1	0	4.16	1	1.2	0.8;
	6	1	1e-10	5e-11	0	0	1	1	0	4.16	1	1.2	0.8;
	7	1	1e-10	5e-11	0	0	1	1	0	4.16	1	1.2	0.8;
	8	1	0.000676	0.000338	0	0	1	1	0	4.16	1	1.2	0.8;
	9	1	0.002808	0.001404	0	0	1	1	0	4.16	1	1.2	0.8;
	10	1	0.000336	0.000168	0	0	1	1	0	4.16	1	1.2	0.8;
	11	1	0.000582	0.000291	0	0	1	1	0	4.16	1	1.2	0.8;
	12	1	0.000483	0.0002415	0	0	1	1	0	4.16	1	1.2	0.8;
	13	1	0.000318	0.000159	0	0	1	1	0	4.16	1	1.2	0.8;
	14	1	1e-10	5e-11	0	0	1	1	0	4.16	1	1.2	0.8;
	15	1	0.00176	0.00088	0	0	1	1	0	4.16	1	1.2	0.8;
	16	1	0.000286	0.000143	0	0	1	1	0	4.16	1	1.2	0.8;
	17	1	0.000739	0.0003695	0	0	1	1	0	4.16	1	1.2	0.8;
	18	1	0.000228	0.000114	0	0	1	1	0	4.16	1	1.2	0.8;
	19	1	0.000355	0.0001775	0	0	1	1	0	4.16	1	1.2	0.8;
	20	1	0.00023	0.000115	0	0	1	1	0	4.16	1	1.2	0.8;
	21	1	0.000267	0.0001335	0	0	1	1	0	4.16	1	1.2	0.8;
	22	1	0.000212	0.000106	0	0	1	1	0	4.16	1	1.2	0.8;
	23	1	0.000262	0.000131	0	0	1	1	0	4.16	1	1.2	0.8;
	24	1	0.000538	0.000269	0	0	1	1	0	4.16	1	1.2	0.8;
	25	1	0.000335	0.0001675	0	0	1	1	0	4.16	1	1.2	0.8;
	26	1	0.000142	7.1e-05	0	0	1	1	0	4.16	1	1.2	0.8;
	27	1	0.001054	0.000527	0	0	1	1	0	4.16	1	1.2	0.8;
	28	1	0.000595	0.0002975	0	0	1	1	0	4.16	1	1.2	0.8;
	29	1	0.000984	0.000492	0	0	1	1	0	4.16	1	1.2	0.8;
	30	1	0.00016	8e-05	0	0	1	1	0	4.16	1	1.2	0.8;
	31	1	0.000525	0.0002625	0	0	1	1	0	4.16	1	1.2	0.8;
	32	1	0.0008	0.0004	0	0	1	1	0	4.16	1	1.2	0.8;
	33	1	0.000706	0.000353	0	0	1	1	0	4.16	1	1.2	0.8;
	34	1	0.000339	0.0001695	0	0	1	1	0	4.16	1	1.2	0.8;
	35	1	0.000722	0.000361	0	0	1	1	0	4.16	1	1.2	0.8;
	36	1	1e-10	5e-11	0	0	1	1	0	4.16	1	1.2	0.8;
	37	1	9.3e-05	4.65e-05	0	0	1	1	0	4.16	1	1.2	0.8;
	38	1	0.000245	0.0001225	0	0	1	1	0	4.16	1	1.2	0.8;
	39	1	0.000439	0.0002195	0	0	1	1	0	4.16	1	1.2	0.8;
	40	1	0.000332	0.000166	0	0	1	1	0	4.16	1	1.2	0.8;
	41	1	0.000814	0.000407	0	0	1	1	0	4.16	1	1.2	0.8;
	42	1	0.000206	0.000103	0	0	1	1	0	4.16	1	1.2	0.8;
	43	1	0.000283	0.0001415	0	0	1	1	0	4.16	1	1.2	0.8;
	44	1	0.000408	0.000204	0	0	1	1	0	4.16	1	1.2	0.8;
	45	1	0.000377	0.0001885	0	0	1	1	0	4.16	1	1.2	0.8;
	46	1	0.000528	0.000264	0	0	1	1	0	4.16	1	1.2	0.8;
	47	1	0.000592	0.000296	0	0	1	1	0	4.16	1	1.2	0.8;
	48	1	0.003586	0.001793	0	0	1	1	0	4.16	1	1.2	0.8;
	49	1	0.0008	0.0004	0	0	1	1	0	4.16	1	1.2	0.8;
	50	1	0.000501	0.0002505	0	0	1	1	0	4.16	1	1.2	0.8;
	51	1	0.001666	0.000833	0	0	1	1	0	4.16	1	1.2	0.8;
	52	1	0.000439	0.0002195	0	0	1	1	0	4.16	1	1.2	0.8;
	53	1	0.000304	0.000152	0	0	1	1	0	4.16	1	1.2	0.8;
	54	1	0.000234	0.000117	0	0	1	1	0	4.16	1	1.2	0.8;
	55	1	0.000366	0.000183	0	0	1	1	0	4.16	1	1.2	0.8;
	56	1	0.000206	0.000103	0	0	1	1	0	4.16	1	1.2	0.8;
	57	1	0.000753	0.0003765	0	0	1	1	0	4.16	1	1.2	0.8;
	58	1	0.000431	0.0002155	0	0	1	1	0	4.16	1	1.2	0.8;
	59	1	6.7e-05	3.35e-05	0	0	1	1	0	4.16	1	1.2	0.8;
	60	1	0.000696	0.000348	0	0	1	1	0	4.16	1	1.2	0.8;
];

%% generator data
%	bus	Pg	Qg	Qmax	Qmin	Vg	mBase	status	Pmax	Pmin	Pc1	Pc2	Qc1min	Qc1max	Qc2min	Qc2max	ramp_agc	ramp_10	ramp_30	ramp_q	apf
mpc.gen = [
	1	0.0328800004	0	200	-200	1	1	1	200	-200	0	0	0	0	0	0	10	0	0	0	0;
];

%% branch data
%	fbus	tbus	r	x	b	rateA	rateB	rateC	ratio	angle	status	angmin	angmax
mpc.branch = [
	1	2	0.0013398623	0.0027450827	3.02770272e-08	100	100	100	0	0	1	-80	80;
	1	2	0.0013398623	0.0027450827	3.02770272e-08	100	100	100	0	0	1	-80	80;
	2	3	0.0013398623	0.0027450827	3.02770272e-08	100	100	100	0	0	1	-80	80;
	3	4	0.0013398623	0.0027450827	3.02770272e-08	100	100	100	0	0	1	-80	80;
	4	5	0.0013398623	0.0027450827	3.02770272e-08	100	100	100	0	0	1	-80	80;
	5	6	0.0013398623	0.0027450827	3.02770272e-08	100	100	100	0	0	1	-80	80;
	6	7	0.0013398623	0.0027450827	3.02770272e-08	100	100	100	0	0	1	-80	80;
	7	8	0.0013398623	0.0027450827	3.02770272e-08	100	100	100	0	0	1	-80	80;
	8	9	0.0013398623	0.0027450827	3.02770272e-08	100	100	100	0	0	1	-80	80;
	9	10	0.0013398623	0.0027450827	3.02770272e-08	100	100	100	0	0	1	-80	80;
	10	11	0.0013398623	0.0027450827	3.02770272e-08	100	100	100	0	0	1	-80	80;
	11	12	0.0013398623	0.0027450827	3.02770272e-08	100	100	100	0	0	1	-80	80;
	12	13	0.0013398623	0.0027450827	3.02770272e-08	100	100	100	0	0	1	-80	80;
	13	14	0.0013398623	0.0027450827	3.02770272e-08	100	100	100	0	0	1	-80	80;
	14	15	0.0013398623	0.0027450827	3.02770272e-08	100	100	100	0	0	1	-80	80;
	15	16	0.0013398623	0.0027450827	3.02770272e-08	100	100	100	0	0	1	-80	80;
	16	17	0.0013398623	0.0027450827	3.02770272e-08	100	100	100	0	0	1	-80	80;
	17	18	0.0013398623	0.0027450827	3.02770272e-08	100	100	100	0	0	1	-80	80;
	18	19	0.0013398623	0.0027450827	3.02770272e-08	100	100	100	0	0	1	-80	80;
	19	20	0.0013398623	0.0027450827	3.02770272e-08	100	100	100	0	0	1	-80	80;
	20	21	0.0013398623	0.0027450827	3.02770272e-08	100	100	100	0	0	1	-80	80;
	21	22	0.0013398623	0.0027450827	3.02770272e-08	100	100	100	0	0	1	-80	80;
	22	23	0.0013398623	0.0027450827	3.02770272e-08	100	100	100	0	0	1	-80	80;
	23	24	0.0013398623	0.0027450827	3.02770272e-08	100	100	100	0	0	1	-80	80;
	24	25	0.0013398623	0.0027450827	3.02770272e-08	100	100	100	0	0	1	-80	80;
	25	26	0.0013398623	0.0027450827	3.02770272e-08	100	100	100	0	0	1	-80	80;
	26	27	0.0013398623	0.0027450827	3.02770272e-08	100	100	100	0	0	1	-80	80;
	27	28	0.0013398623	0.0027450827	3.02770272e-08	100	100	100	0	0	1	-80	80;
	28	29	0.0013398623	0.0027450827	3.02770272e-08	100	100	100	0	0	1	-80	80;
	1	30	0.0013398623	0.0027450827	3.02770272e-08	100	100	100	0	0	1	-80	80;
	30	31	0.0013398623	0.0027450827	3.02770272e-08	100	100	100	0	0	1	-80	80;
	31	32	0.0013398623	0.0027450827	3.02770272e-08	100	100	100	0	0	1	-80	80;
	32	33	0.0013398623	0.0027450827	3.02770272e-08	100	100	100	0	0	1	-80	80;
	33	34	0.0013398623	0.0027450827	3.02770272e-08	100	100	100	0	0	1	-80	80;
	34	35	0.0013398623	0.0027450827	3.02770272e-08	100	100	100	0	0	1	-80	80;
	35	36	0.0013398623	0.0027450827	3.02770272e-08	100	100	100	0	0	1	-80	80;
	36	37	0.0013398623	0.0027450827	3.02770272e-08	100	100	100	0	0	1	-80	80;
	37	38	0.0013398623	0.0027450827	3.02770272e-08	100	100	100	0	0	1	-80	80;
	38	39	0.0013398623	0.0027450827	3.02770272e-08	100	100	100	0	0	1	-80	80;
	39	40	0.0013398623	0.0027450827	3.02770272e-08	100	100	100	0	0	1	-80	80;
	40	41	0.0013398623	0.0027450827	3.02770272e-08	100	100	100	0	0	1	-80	80;
	41	42	0.0013398623	0.0027450827	3.02770272e-08	100	100	100	0	0	1	-80	80;
	42	43	0.0013398623	0.0027450827	3.02770272e-08	100	100	100	0	0	1	-80	80;
	43	44	0.0013398623	0.0027450827	3.02770272e-08	100	100	100	0	0	1	-80	80;
	44	45	0.0013398623	0.0027450827	3.02770272e-08	100	100	100	0	0	1	-80	80;
	45	46	0.0013398623	0.0027450827	3.02770272e-08	100	100	100	0	0	1	-80	80;
	46	47	0.0013398623	0.0027450827	3.02770272e-08	100	100	100	0	0	1	-80	80;
	47	48	0.0013398623	0.0027450827	3.02770272e-08	100	100	100	0	0	1	-80	80;
	48	49	0.0013398623	0.0027450827	3.02770272e-08	100	100	100	0	0	1	-80	80;
	49	50	0.0013398623	0.0027450827	3.02770272e-08	100	100	100	0	0	1	-80	80;
	50	51	0.0013398623	0.0027450827	3.02770272e-08	100	100	100	0	0	1	-80	80;
	51	52	0.0013398623	0.0027450827	3.02770272e-08	100	100	100	0	0	1	-80	80;
	52	53	0.0013398623	0.0027450827	3.02770272e-08	100	100	100	0	0	1	-80	80;
	53	54	0.0013398623	0.0027450827	3.02770272e-08	100	100	100	0	0	1	-80	80;
	54	55	0.0013398623	0.0027450827	3.02770272e-08	100	100	100	0	0	1	-80	80;
	55	56	0.0013398623	0.0027450827	3.02770272e-08	100	100	100	0	0	1	-80	80;
	56	57	0.0013398623	0.0027450827	3.02770272e-08	100	100	100	0	0	1	-80	80;
	57	58	0.0013398623	0.0027450827	3.02770272e-08	100	100	100	0	0	1	-80	80;
	58	59	0.0013398623	0.0027450827	3.02770272e-08	100	100	100	0	0	1	-80	80;
	59	60	0.0013398623	0.0027450827	3.02770272e-08	100	100	100	0	0	1	-80	80;
];
