function mpc = case_ieee123_storage_698
%CASE_IEEE123_STORAGE_698

%% MATPOWER Case Format : Version 2
mpc.version = '2';

%%-----  Power Flow Data  -----%%
%% system MVA base
mpc.baseMVA = 1;

%% bus data
%	bus_i	type	Pd	Qd	Gs	Bs	area	Vm	Va	baseKV	zone	Vmax	Vmin
mpc.bus = [
	1	3	-0.001149	-0.0005745	0	0	1	1	0	4.16	1	1.2	0.8;
	2	1	0.003689	0.0018445	0	0	1	1	0	4.16	1	1.2	0.8;
	3	1	0.001258	0.000629	0	0	1	1	0	4.16	1	1.2	0.8;
	4	1	0.002459	0.0012295	0	0	1	1	0	4.16	1	1.2	0.8;
	5	1	-0.00031	-0.000155	0	0	1	1	0	4.16	1	1.2	0.8;
	6	1	1e-10	5e-11	0	0	1	1	0	4.16	1	1.2	0.8;
	7	1	1e-10	5e-11	0	0	1	1	0	4.16	1	1.2	0.8;
	8	1	-0.000934	-0.000467	0	0	1	1	0	4.16	1	1.2	0.8;
	9	1	-0.000329	-0.0001645	0	0	1	1	0	4.16	1	1.2	0.8;
	10	1	-0.001232	-0.000616	0	0	1	1	0	4.16	1	1.2	0.8;
	11	1	1e-10	5e-11	0	0	1	1	0	4.16	1	1.2	0.8;
	12	1	1.4e-05	7e-06	0	0	1	1	0	4.16	1	1.2	0.8;
	13	1	-0.001146	-0.000573	0	0	1	1	0	4.16	1	1.2	0.8;
	14	1	0.00077	0.000385	0	0	1	1	0	4.16	1	1.2	0.8;
	15	1	-0.000655	-0.0003275	0	0	1	1	0	4.16	1	1.2	0.8;
	16	1	1e-10	5e-11	0	0	1	1	0	4.16	1	1.2	0.8;
	17	1	-0.001178	-0.000589	0	0	1	1	0	4.16	1	1.2	0.8;
	18	1	-0.000831	-0.0004155	0	0	1	1	0	4.16	1	1.2	0.8;
	19	1	-0.000964	-0.000482	0	0	1	1	0	4.16	1	1.2	0.8;
	20	1	-0.001304	-0.000652	0	0	1	1	0	4.16	1	1.2	0.8;
	21	1	-0.000151	-7.55e-05	0	0	1	1	0	4.16	1	1.2	0.8;
	22	1	0.000593	0.0002965	0	0	1	1	0	4.16	1	1.2	0.8;
	23	1	-0.000651	-0.0003255	0	0	1	1	0	4.16	1	1.2	0.8;
	24	1	-0.000376	-0.000188	0	0	1	1	0	4.16	1	1.2	0.8;
	25	1	-0.000602	-0.000301	0	0	1	1	0	4.16	1	1.2	0.8;
	26	1	0.000639	0.0003195	0	0	1	1	0	4.16	1	1.2	0.8;
	27	1	-0.000924	-0.000462	0	0	1	1	0	4.16	1	1.2	0.8;
	28	1	-0.000739	-0.0003695	0	0	1	1	0	4.16	1	1.2	0.8;
	29	1	1e-10	5e-11	0	0	1	1	0	4.16	1	1.2	0.8;
	30	1	-0.000656	-0.000328	0	0	1	1	0	4.16	1	1.2	0.8;
	31	1	0.000222	0.000111	0	0	1	1	0	4.16	1	1.2	0.8;
	32	1	0.000525	0.0002625	0	0	1	1	0	4.16	1	1.2	0.8;
	33	1	0.000701	0.0003505	0	0	1	1	0	4.16	1	1.2	0.8;
	34	1	-0.000127	-6.35e-05	0	0	1	1	0	4.16	1	1.2	0.8;
	35	1	-0.000241	-0.0001205	0	0	1	1	0	4.16	1	1.2	0.8;
	36	1	1e-10	5e-11	0	0	1	1	0	4.16	1	1.2	0.8;
	37	1	0.000477	0.0002385	0	0	1	1	0	4.16	1	1.2	0.8;
	38	1	-2.7e-05	-1.35e-05	0	0	1	1	0	4.16	1	1.2	0.8;
	39	1	0.000527	0.0002635	0	0	1	1	0	4.16	1	1.2	0.8;
	40	1	-0.000121	-6.05e-05	0	0	1	1	0	4.16	1	1.2	0.8;
	41	1	-0.001009	-0.0005045	0	0	1	1	0	4.16	1	1.2	0.8;
	42	1	-0.000975	-0.0004875	0	0	1	1	0	4.16	1	1.2	0.8;
	43	1	-0.000382	-0.000191	0	0	1	1	0	4.16	1	1.2	0.8;
	44	1	0.004843	0.0024215	0	0	1	1	0	4.16	1	1.2	0.8;
	45	1	0.008246	0.004123	0	0	1	1	0	4.16	1	1.2	0.8;
	46	1	0.001858	0.000929	0	0	1	1	0	4.16	1	1.2	0.8;
	47	1	0.000858	0.000429	0	0	1	1	0	4.16	1	1.2	0.8;
	48	1	-0.00048	-0.00024	0	0	1	1	0	4.16	1	1.2	0.8;
	49	1	-0.000976	-0.000488	0	0	1	1	0	4.16	1	1.2	0.8;
	50	1	-0.000514	-0.000257	0	0	1	1	0	4.16	1	1.2	0.8;
	51	1	1e-10	5e-11	0	0	1	1	0	4.16	1	1.2	0.8;
	52	1	-0.001137	-0.0005685	0	0	1	1	0	4.16	1	1.2	0.8;
	53	1	0.001018	0.000509	0	0	1	1	0	4.16	1	1.2	0.8;
	54	1	-0.00076	-0.00038	0	0	1	1	0	4.16	1	1.2	0.8;
	55	1	-0.000341	-0.0001705	0	0	1	1	0	4.16	1	1.2	0.8;
	56	1	-0.000762	-0.000381	0	0	1	1	0	4.16	1	1.2	0.8;
	57	1	-0.00047	-0.000235	0	0	1	1	0	4.16	1	1.2	0.8;
	58	1	0.000227	0.0001135	0	0	1	1	0	4.16	1	1.2	0.8;
	59	1	-0.001005	-0.0005025	0	0	1	1	0	4.16	1	1.2	0.8;
	60	1	0.001904	0.000952	0	0	1	1	0	4.16	1	1.2	0.8;
	61	1	-0.000697	-0.0003485	0	0	1	1	0	4.16	1	1.2	0.8;
	62	1	0.00039	0.000195	0	0	1	1	0	4.16	1	1.2	0.8;
	63	1	-0.000892	-0.000446	0	0	1	1	0	4.16	1	1.2	0.8;
	64	1	-0.000107	-5.35e-05	0	0	1	1	0	4.16	1	1.2	0.8;
	65	1	0.000397	0.0001985	0	0	1	1	0	4.16	1	1.2	0.8;
	66	1	0.001204	0.000602	0	0	1	1	0	4.16	1	1.2	0.8;
	67	1	0.000501	0.0002505	0	0	1	1	0	4.16	1	1.2	0.8;
	68	1	-0.001224	-0.000612	0	0	1	1	0	4.16	1	1.2	0.8;
	69	1	1e-10	5e-11	0	0	1	1	0	4.16	1	1.2	0.8;
	70	1	-0.000285	-0.0001425	0	0	1	1	0	4.16	1	1.2	0.8;
	71	1	-0.001305	-0.0006525	0	0	1	1	0	4.16	1	1.2	0.8;
	72	1	-0.000872	-0.000436	0	0	1	1	0	4.16	1	1.2	0.8;
	73	1	4.3e-05	2.15e-05	0	0	1	1	0	4.16	1	1.2	0.8;
	74	1	-0.000754	-0.000377	0	0	1	1	0	4.16	1	1.2	0.8;
	75	1	-0.000577	-0.0002885	0	0	1	1	0	4.16	1	1.2	0.8;
	76	1	0.000384	0.000192	0	0	1	1	0	4.16	1	1.2	0.8;
	77	1	-0.000291	-0.0001455	0	0	1	1	0	4.16	1	1.2	0.8;
	78	1	0.000528	0.000264	0	0	1	1	0	4.16	1	1.2	0.8;
	79	1	0.008639	0.0043195	0	0	1	1	0	4.16	1	1.2	0.8;
	80	1	-0.000102	-5.1e-05	0	0	1	1	0	4.16	1	1.2	0.8;
	81	1	-0.001032	-0.000516	0	0	1	1	0	4.16	1	1.2	0.8;
	82	1	-0.001092	-0.000546	0	0	1	1	0	4.16	1	1.2	0.8;
	83	1	-0.000406	-0.000203	0	0	1	1	0	4.16	1	1.2	0.8;
	84	1	0.000799	0.0003995	0	0	1	1	0	4.16	1	1.2	0.8;
	85	1	-0.002263	-0.0011315	0	0	1	1	0	4.16	1	1.2	0.8;
	86	1	-0.000113	-5.65e-05	0	0	1	1	0	4.16	1	1.2	0.8;
	87	1	-0.001174	-0.000587	0	0	1	1	0	4.16	1	1.2	0.8;
	88	1	-0.000876	-0.000438	0	0	1	1	0	4.16	1	1.2	0.8;
	89	1	0.002286	0.001143	0	0	1	1	0	4.16	1	1.2	0.8;
	90	1	0.00014	7e-05	0	0	1	1	0	4.16	1	1.2	0.8;
	91	1	0.000988	0.000494	0	0	1	1	0	4.16	1	1.2	0.8;
	92	1	0.000658	0.000329	0	0	1	1	0	4.16	1	1.2	0.8;
	93	1	0.001498	0.000749	0	0	1	1	0	4.16	1	1.2	0.8;
	94	1	0.000773	0.0003865	0	0	1	1	0	4.16	1	1.2	0.8;
	95	1	0.00089	0.000445	0	0	1	1	0	4.16	1	1.2	0.8;
	96	1	0.000347	0.0001735	0	0	1	1	0	4.16	1	1.2	0.8;
	97	1	0.000509	0.0002545	0	0	1	1	0	4.16	1	1.2	0.8;
	98	1	0.002366	0.001183	0	0	1	1	0	4.16	1	1.2	0.8;
	99	1	0.000356	0.000178	0	0	1	1	0	4.16	1	1.2	0.8;
	100	1	0.000574	0.000287	0	0	1	1	0	4.16	1	1.2	0.8;
	101	1	1e-10	5e-11	0	0	1	1	0	4.16	1	1.2	0.8;
	102	1	0.000295	0.0001475	0	0	1	1	0	4.16	1	1.2	0.8;
	103	1	0.000998	0.000499	0	0	1	1	0	4.16	1	1.2	0.8;
	104	1	-0.000413	-0.0002065	0	0	1	1	0	4.16	1	1.2	0.8;
	105	1	0.002726	0.001363	0	0	1	1	0	4.16	1	1.2	0.8;
	106	1	1e-10	5e-11	0	0	1	1	0	4.16	1	1.2	0.8;
	107	1	1e-10	5e-11	0	0	1	1	0	4.16	1	1.2	0.8;
	108	1	0.000444	0.000222	0	0	1	1	0	4.16	1	1.2	0.8;
	109	1	-0.001061	-0.0005305	0	0	1	1	0	4.16	1	1.2	0.8;
];

%% generator data
%	bus	Pg	Qg	Qmax	Qmin	Vg	mBase	status	Pmax	Pmin	Pc1	Pc2	Qc1min	Qc1max	Qc2min	Qc2max	ramp_agc	ramp_10	ramp_30	ramp_q	apf
mpc.gen = [
	1	17.068	0	200	-200	1	1	1	200	-200	0	0	0	0	0	0	10	0	0	0	0;
];

%% branch data
%	fbus	tbus	r	x	b	rateA	rateB	rateC	ratio	angle	status	angmin	angmax
