function mpc = case_ieee123_storage_1370
%CASE_IEEE123_STORAGE_1370

%% MATPOWER Case Format : Version 2
mpc.version = '2';

%%-----  Power Flow Data  -----%%
%% system MVA base
mpc.baseMVA = 1;

%% bus data
%	bus_i	type	Pd	Qd	Gs	Bs	area	Vm	Va	baseKV	zone	Vmax	Vmin
mpc.bus = [
	1	3	0.000473	0.0002365	0	0	1	1	0	4.16	1	1.2	0.8;
	2	1	0.001653	0.0008265	0	0	1	1	0	4.16	1	1.2	0.8;
	3	1	0.000361	0.0001805	0	0	1	1	0	4.16	1	1.2	0.8;
	4	1	0.000236	0.000118	0	0	1	1	0	4.16	1	1.2	0.8;
	5	1	0.000447	0.0002235	0	0	1	1	0	4.16	1	1.2	0.8;
	6	1	1e-10	5e-11	0	0	1	1	0	4.16	1	1.2	0.8;
	7	1	1e-10	5e-11	0	0	1	1	0	4.16	1	1.2	0.8;
	8	1	0.00048	0.00024	0	0	1	1	0	4.16	1	1.2	0.8;
	9	1	0.002787	0.0013935	0	0	1	1	0	4.16	1	1.2	0.8;
	10	1	0.000362	0.000181	0	0	1	1	0	4.16	1	1.2	0.8;
	11	1	0.000413	0.0002065	0	0	1	1	0	4.16	1	1.2	0.8;
	12	1	0.00085	0.000425	0	0	1	1	0	4.16	1	1.2	0.8;
	13	1	0.00051	0.000255	0	0	1	1	0	4.16	1	1.2	0.8;
	14	1	1e-10	5e-11	0	0	1	1	0	4.16	1	1.2	0.8;
	15	1	0.001858	0.000929	0	0	1	1	0	4.16	1	1.2	0.8;
	16	1	0.000276	0.000138	0	0	1	1	0	4.16	1	1.2	0.8;
	17	1	0.000425	0.0002125	0	0	1	1	0	4.16	1	1.2	0.8;
	18	1	0.000124	6.2e-05	0	0	1	1	0	4.16	1	1.2	0.8;
	19	1	0.000388	0.000194	0	0	1	1	0	4.16	1	1.2	0.8;
	20	1	0.00049	0.000245	0	0	1	1	0	4.16	1	1.2	0.8;
	21	1	0.000291	0.0001455	0	0	1	1	0	4.16	1	1.2	0.8;
	22	1	0.000251	0.0001255	0	0	1	1	0	4.16	1	1.2	0.8;
	23	1	0.000487	0.0002435	0	0	1	1	0	4.16	1	1.2	0.8;
	24	1	0.000702	0.000351	0	0	1	1	0	4.16	1	1.2	0.8;
	25	1	0.000315	0.0001575	0	0	1	1	0	4.16	1	1.2	0.8;
	26	1	0.002813	0.0014065	0	0	1	1	0	4.16	1	1.2	0.8;
	27	1	0.000536	0.000268	0	0	1	1	0	4.16	1	1.2	0.8;
	28	1	0.002754	0.001377	0	0	1	1	0	4.16	1	1.2	0.8;
	29	1	0.001007	0.0005035	0	0	1	1	0	4.16	1	1.2	0.8;
	30	1	0.000305	0.0001525	0	0	1	1	0	4.16	1	1.2	0.8;
	31	1	0.000585	0.0002925	0	0	1	1	0	4.16	1	1.2	0.8;
	32	1	0.001399	0.0006995	0	0	1	1	0	4.16	1	1.2	0.8;
	33	1	0.002185	0.0010925	0	0	1	1	0	4.16	1	1.2	0.8;
	34	1	0.00033	0.000165	0	0	1	1	0	4.16	1	1.2	0.8;
	35	1	0.003301	0.0016505	0	0	1	1	0	4.16	1	1.2	0.8;
	36	1	5.5e-05	2.75e-05	0	0	1	1	0	4.16	1	1.2	0.8;
	37	1	0.001812	0.000906	0	0	1	1	0	4.16	1	1.2	0.8;
	38	1	0.000123	6.15e-05	0	0	1	1	0	4.16	1	1.2	0.8;
	39	1	0.001057	0.0005285	0	0	1	1	0	4.16	1	1.2	0.8;
	40	1	0.008482	0.004241	0	0	1	1	0	4.16	1	1.2	0.8;
	41	1	0.000781	0.0003905	0	0	1	1	0	4.16	1	1.2	0.8;
	42	1	0.000351	0.0001755	0	0	1	1	0	4.16	1	1.2	0.8;
	43	1	0.001599	0.0007995	0	0	1	1	0	4.16	1	1.2	0.8;
	44	1	0.000316	0.000158	0	0	1	1	0	4.16	1	1.2	0.8;
	45	1	1e-10	5e-11	0	0	1	1	0	4.16	1	1.2	0.8;
	46	1	0.002147	0.0010735	0	0	1	1	0	4.16	1	1.2	0.8;
	47	1	1e-10	5e-11	0	0	1	1	0	4.16	1	1.2	0.8;
	48	1	1e-10	5e-11	0	0	1	1	0	4.16	1	1.2	0.8;
	49	1	0.000544	0.000272	0	0	1	1	0	4.16	1	1.2	0.8;
	50	1	0.000766	0.000383	0	0	1	1	0	4.16	1	1.2	0.8;
	51	1	1e-10	5e-11	0	0	1	1	0	4.16	1	1.2	0.8;
	52	1	1e-10	5e-11	0	0	1	1	0	4.16	1	1.2	0.8;
	53	1	0.000448	0.000224	0	0	1	1	0	4.16	1	1.2	0.8;
	54	1	1e-10	5e-11	0	0	1	1	0	4.16	1	1.2	0.8;
	55	1	1e-10	5e-11	0	0	1	1	0	4.16	1	1.2	0.8;
	56	1	0.000814	0.000407	0	0	1	1	0	4.16	1	1.2	0.8;
	57	1	1e-10	5e-11	0	0	1	1	0	4.16	1	1.2	0.8;
	58	1	1e-10	5e-11	0	0	1	1	0	4.16	1	1.2	0.8;
	59	1	0.000212	0.000106	0	0	1	1	0	4.16	1	1.2	0.8;
	60	1	0.000408	0.000204	0	0	1	1	0	4.16	1	1.2	0.8;
];

%% generator data
%	bus	Pg	Qg	Qmax	Qmin	Vg	mBase	status	Pmax	Pmin	Pc1	Pc2	Qc1min	Qc1max	Qc2min	Qc2max	ramp_agc	ramp_10	ramp_30	ramp_q	apf
mpc.gen = [
	1	0.0493090012	0	200	-200	1	1	1	200	-200	0	0	0	0	0	0	10	0	0	0	0;
];

%% branch data
%	fbus	tbus	r	x	b	rateA	rateB	rateC	ratio	angle	status	angmin	angmax
mpc.branch = [
	1	2	0.0013398623	0.0027450827	3.02770272e-08	100	100	100	0	0	1	-80	80;
	1	2	0.0013398623	0.0027450827	3.02770272e-08	100	100	100	0	0	1	-80	80;
	2	3	0.0013398623	0.0027450827	3.02770272e-08	100	100	100	0	0	1	-80	80;
	3	4	0.0013398623	0.0027450827	3.02770272e-08	100	100	100	0	0	1	-80	80;
	4	5	0.0013398623	0.0027450827	3.02770272e-08	100	100	100	0	0	1	-80	80;
	5	6	0.0013398623	0.0027450827	3.02770272e-08	100	100	100	0	0	1	-80	80;
	6	7	0.0013398623	0.0027450827	3.02770272e-08	100	100	100	0	0	1	-80	80;
	7	8	0.0013398623	0.0027450827	3.02770272e-08	100	100	100	0	0	1	-80	80;
	8	9	0.0013398623	0.0027450827	3.02770272e-08	100	100	100	0	0	1	-80	80;
	9	10	0.0013398623	0.0027450827	3.02770272e-08	100	100	100	0	0	1	-80	80;
	10	11	0.0013398623	0.0027450827	3.02770272e-08	100	100	100	0	0	1	-80	80;
	11	12	0.0013398623	0.0027450827	3.02770272e-08	100	100	100	0	0	1	-80	80;
	12	13	0.0013398623	0.0027450827	3.02770272e-08	100	100	100	0	0	1	-80	80;
	13	14	0.0013398623	0.0027450827	3.02770272e-08	100	100	100	0	0	1	-80	80;
	14	15	0.0013398623	0.0027450827	3.02770272e-08	100	100	100	0	0	1	-80	80;
	15	16	0.0013398623	0.0027450827	3.02770272e-08	100	100	100	0	0	1	-80	80;
	16	17	0.0013398623	0.0027450827	3.02770272e-08	100	100	100	0	0	1	-80	80;
	17	18	0.0013398623	0.0027450827	3.02770272e-08	100	100	100	0	0	1	-80	80;
	18	19	0.0013398623	0.0027450827	3.02770272e-08	100	100	100	0	0	1	-80	80;
	19	20	0.0013398623	0.0027450827	3.02770272e-08	100	100	100	0	0	1	-80	80;
	20	21	0.0013398623	0.0027450827	3.02770272e-08	100	100	100	0	0	1	-80	80;
	21	22	0.0013398623	0.0027450827	3.02770272e-08	100	100	100	0	0	1	-80	80;
	22	23	0.0013398623	0.0027450827	3.02770272e-08	100	100	100	0	0	1	-80	80;
	23	24	0.0013398623	0.0027450827	3.02770272e-08	100	100	100	0	0	1	-80	80;
	24	25	0.0013398623	0.0027450827	3.02770272e-08	100	100	100	0	0	1	-80	80;
	25	26	0.0013398623	0.0027450827	3.02770272e-08	100	100	100	0	0	1	-80	80;
	26	27	0.0013398623	0.0027450827	3.02770272e-08	100	100	100	0	0	1	-80	80;
	27	28	0.0013398623	0.0027450827	3.02770272e-08	100	100	100	0	0	1	-80	80;
	28	29	0.0013398623	0.0027450827	3.02770272e-08	100	100	100	0	0	1	-80	80;
	1	30	0.0013398623	0.0027450827	3.02770272e-08	100	100	100	0	0	1	-80	80;
	30	31	0.0013398623	0.0027450827	3.02770272e-08	100	100	100	0	0	1	-80	80;
	31	32	0.0013398623	0.0027450827	3.02770272e-08	100	100	100	0	0	1	-80	80;
	32	33	0.0013398623	0.0027450827	3.02770272e-08	100	100	100	0	0	1	-80	80;
	33	34	0.0013398623	0.0027450827	3.02770272e-08	100	100	100	0	0	1	-80	80;
	34	35	0.0013398623	0.0027450827	3.02770272e-08	100	100	100	0	0	1	-80	80;
	35	36	0.0013398623	0.0027450827	3.02770272e-08	100	100	100	0	0	1	-80	80;
	36	37	0.0013398623	0.0027450827	3.02770272e-08	100	100	100	0	0	1	-80	80;
	37	38	0.0013398623	0.0027450827	3.02770272e-08	100	100	100	0	0	1	-80	80;
	38	39	0.0013398623	0.0027450827	3.02770272e-08	100	100	100	0	0	1	-80	80;
	39	40	0.0013398623	0.0027450827	3.02770272e-08	100	100	100	0	0	1	-80	80;
	40	41	0.0013398623	0.0027450827	3.02770272e-08	100	100	100	0	0	1	-80	80;
	41	42	0.0013398623	0.0027450827	3.02770272e-08	100	100	100	0	0	1	-80	80;
	42	43	0.0013398623	0.0027450827	3.02770272e-08	100	100	100	0	0	1	-80	80;
	43	44	0.0013398623	0.0027450827	3.02770272e-08	100	100	100	0	0	1	-80	80;
	44	45	0.0013398623	0.0027450827	3.02770272e-08	100	100	100	0	0	1	-80	80;
	45	46	0.0013398623	0.0027450827	3.02770272e-08	100	100	100	0	0	1	-80	80;
	46	47	0.0013398623	0.0027450827	3.02770272e-08	100	100	100	0	0	1	-80	80;
	47	48	0.0013398623	0.0027450827	3.02770272e-08	100	100	100	0	0	1	-80	80;
	48	49	0.0013398623	0.0027450827	3.02770272e-08	100	100	100	0	0	1	-80	80;
	49	50	0.0013398623	0.0027450827	3.02770272e-08	100	100	100	0	0	1	-80	80;
	50	51	0.0013398623	0.0027450827	3.02770272e-08	100	100	100	0	0	1	-80	80;
	51	52	0.0013398623	0.0027450827	3.02770272e-08	100	100	100	0	0	1	-80	80;
	52	53	0.0013398623	0.0027450827	3.02770272e-08	100	100	100	0	0	1	-80	80;
	53	54	0.0013398623	0.0027450827	3.02770272e-08	100	100	100	0	0	1	-80	80;
	54	55	0.0013398623	0.0027450827	3.02770272e-08	100	100	100	0	0	1	-80	80;
	55	56	0.0013398623	0.0027450827	3.02770272e-08	100	100	100	0	0	1	-80	80;
	56	57	0.0013398623	0.0027450827	3.02770272e-08	100	100	100	0	0	1	-80	80;
	57	58	0.0013398623	0.0027450827	3.02770272e-08	100	100	100	0	0	1	-80	80;
	58	59	0.0013398623	0.0027450827	3.02770272e-08	100	100	100	0	0	1	-80	80;
	59	60	0.0013398623	0.0027450827	3.02770272e-08	100	100	100	0	0	1	-80	80;
];
