function mpc = case_ieee123_storage_802
%CASE_IEEE123_STORAGE_802

%% MATPOWER Case Format : Version 2
mpc.version = '2';

%%-----  Power Flow Data  -----%%
%% system MVA base
mpc.baseMVA = 1;

%% bus data
%	bus_i	type	Pd	Qd	Gs	Bs	area	Vm	Va	baseKV	zone	Vmax	Vmin
mpc.bus = [
	1	3	-0.001773	-0.0008865	0	0	1	1	0	4.16	1	1.2	0.8;
	2	1	0.004148	0.002074	0	0	1	1	0	4.16	1	1.2	0.8;
	3	1	0.001592	0.000796	0	0	1	1	0	4.16	1	1.2	0.8;
	4	1	0.002796	0.001398	0	0	1	1	0	4.16	1	1.2	0.8;
	5	1	-0.001149	-0.0005745	0	0	1	1	0	4.16	1	1.2	0.8;
	6	1	1e-10	5e-11	0	0	1	1	0	4.16	1	1.2	0.8;
	7	1	1e-10	5e-11	0	0	1	1	0	4.16	1	1.2	0.8;
	8	1	-0.001778	-0.000889	0	0	1	1	0	4.16	1	1.2	0.8;
	9	1	-0.001607	-0.0008035	0	0	1	1	0	4.16	1	1.2	0.8;
	10	1	-0.001698	-0.000849	0	0	1	1	0	4.16	1	1.2	0.8;
	11	1	1e-10	5e-11	0	0	1	1	0	4.16	1	1.2	0.8;
	12	1	-0.000987	-0.0004935	0	0	1	1	0	4.16	1	1.2	0.8;
	13	1	-0.001586	-0.000793	0	0	1	1	0	4.16	1	1.2	0.8;
	14	1	0.000424	0.000212	0	0	1	1	0	4.16	1	1.2	0.8;
	15	1	-0.00125	-0.000625	0	0	1	1	0	4.16	1	1.2	0.8;
	16	1	1e-10	5e-11	0	0	1	1	0	4.16	1	1.2	0.8;
	17	1	-0.00175	-0.000875	0	0	1	1	0	4.16	1	1.2	0.8;
	18	1	-0.001629	-0.0008145	0	0	1	1	0	4.16	1	1.2	0.8;
	19	1	-0.001805	-0.0009025	0	0	1	1	0	4.16	1	1.2	0.8;
	20	1	-0.001513	-0.0007565	0	0	1	1	0	4.16	1	1.2	0.8;
	21	1	-0.000625	-0.0003125	0	0	1	1	0	4.16	1	1.2	0.8;
	22	1	0.000288	0.000144	0	0	1	1	0	4.16	1	1.2	0.8;
	23	1	-0.000686	-0.000343	0	0	1	1	0	4.16	1	1.2	0.8;
	24	1	-0.001007	-0.0005035	0	0	1	1	0	4.16	1	1.2	0.8;
	25	1	-0.000985	-0.0004925	0	0	1	1	0	4.16	1	1.2	0.8;
	26	1	0.000437	0.0002185	0	0	1	1	0	4.16	1	1.2	0.8;
	27	1	-0.001299	-0.0006495	0	0	1	1	0	4.16	1	1.2	0.8;
	28	1	-0.001055	-0.0005275	0	0	1	1	0	4.16	1	1.2	0.8;
	29	1	1e-10	5e-11	0	0	1	1	0	4.16	1	1.2	0.8;
	30	1	-0.000925	-0.0004625	0	0	1	1	0	4.16	1	1.2	0.8;
	31	1	0.000208	0.000104	0	0	1	1	0	4.16	1	1.2	0.8;
	32	1	-0.0005	-0.00025	0	0	1	1	0	4.16	1	1.2	0.8;
	33	1	0.000605	0.0003025	0	0	1	1	0	4.16	1	1.2	0.8;
	34	1	-0.000798	-0.000399	0	0	1	1	0	4.16	1	1.2	0.8;
	35	1	0.000795	0.0003975	0	0	1	1	0	4.16	1	1.2	0.8;
	36	1	1e-10	5e-11	0	0	1	1	0	4.16	1	1.2	0.8;
	37	1	-0.002052	-0.001026	0	0	1	1	0	4.16	1	1.2	0.8;
	38	1	1e-10	5e-11	0	0	1	1	0	4.16	1	1.2	0.8;
	39	1	0.002125	0.0010625	0	0	1	1	0	4.16	1	1.2	0.8;
	40	1	-0.000901	-0.0004505	0	0	1	1	0	4.16	1	1.2	0.8;
	41	1	-0.001496	-0.000748	0	0	1	1	0	4.16	1	1.2	0.8;
	42	1	-0.000556	-0.000278	0	0	1	1	0	4.16	1	1.2	0.8;
	43	1	0.000168	8.4e-05	0	0	1	1	0	4.16	1	1.2	0.8;
	44	1	0.000313	0.0001565	0	0	1	1	0	4.16	1	1.2	0.8;
	45	1	0.008325	0.0041625	0	0	1	1	0	4.16	1	1.2	0.8;
	46	1	-0.000496	-0.000248	0	0	1	1	0	4.16	1	1.2	0.8;
	47	1	0.000275	0.0001375	0	0	1	1	0	4.16	1	1.2	0.8;
	48	1	-0.000724	-0.000362	0	0	1	1	0	4.16	1	1.2	0.8;
	49	1	-0.001213	-0.0006065	0	0	1	1	0	4.16	1	1.2	0.8;
	50	1	-0.000551	-0.0002755	0	0	1	1	0	4.16	1	1.2	0.8;
	51	1	1e-10	5e-11	0	0	1	1	0	4.16	1	1.2	0.8;
	52	1	-0.001962	-0.000981	0	0	1	1	0	4.16	1	1.2	0.8;
	53	1	-8.9e-05	-4.45e-05	0	0	1	1	0	4.16	1	1.2	0.8;
	54	1	-0.001192	-0.000596	0	0	1	1	0	4.16	1	1.2	0.8;
	55	1	-0.000671	-0.0003355	0	0	1	1	0	4.16	1	1.2	0.8;
	56	1	1e-10	5e-11	0	0	1	1	0	4.16	1	1.2	0.8;
	57	1	-0.000908	-0.000454	0	0	1	1	0	4.16	1	1.2	0.8;
	58	1	-0.001263	-0.0006315	0	0	1	1	0	4.16	1	1.2	0.8;
	59	1	-0.001831	-0.0009155	0	0	1	1	0	4.16	1	1.2	0.8;
	60	1	0.000124	6.2e-05	0	0	1	1	0	4.16	1	1.2	0.8;
	61	1	-0.00314	-0.00157	0	0	1	1	0	4.16	1	1.2	0.8;
	62	1	-0.000781	-0.0003905	0	0	1	1	0	4.16	1	1.2	0.8;
	63	1	-0.001736	-0.000868	0	0	1	1	0	4.16	1	1.2	0.8;
	64	1	0.00367	0.001835	0	0	1	1	0	4.16	1	1.2	0.8;
	65	1	-0.000839	-0.0004195	0	0	1	1	0	4.16	1	1.2	0.8;
	66	1	0.002482	0.001241	0	0	1	1	0	4.16	1	1.2	0.8;
	67	1	0.003002	0.001501	0	0	1	1	0	4.16	1	1.2	0.8;
	68	1	-0.000763	-0.0003815	0	0	1	1	0	4.16	1	1.2	0.8;
	69	1	1e-10	5e-11	0	0	1	1	0	4.16	1	1.2	0.8;
	70	1	6e-05	3e-05	0	0	1	1	0	4.16	1	1.2	0.8;
	71	1	-0.001783	-0.0008915	0	0	1	1	0	4.16	1	1.2	0.8;
	72	1	-0.00149	-0.000745	0	0	1	1	0	4.16	1	1.2	0.8;
	73	1	4.3e-05	2.15e-05	0	0	1	1	0	4.16	1	1.2	0.8;
	74	1	-0.001441	-0.0007205	0	0	1	1	0	4.16	1	1.2	0.8;
	75	1	-0.001503	-0.0007515	0	0	1	1	0	4.16	1	1.2	0.8;
	76	1	0.000326	0.000163	0	0	1	1	0	4.16	1	1.2	0.8;
	77	1	0.000569	0.0002845	0	0	1	1	0	4.16	1	1.2	0.8;
	78	1	3.6e-05	1.8e-05	0	0	1	1	0	4.16	1	1.2	0.8;
	79	1	0.000214	0.000107	0	0	1	1	0	4.16	1	1.2	0.8;
	80	1	-0.000805	-0.0004025	0	0	1	1	0	4.16	1	1.2	0.8;
	81	1	-0.001405	-0.0007025	0	0	1	1	0	4.16	1	1.2	0.8;
	82	1	-0.000499	-0.0002495	0	0	1	1	0	4.16	1	1.2	0.8;
	83	1	-0.000797	-0.0003985	0	0	1	1	0	4.16	1	1.2	0.8;
	84	1	0.00064	0.00032	0	0	1	1	0	4.16	1	1.2	0.8;
	85	1	-0.000801	-0.0004005	0	0	1	1	0	4.16	1	1.2	0.8;
	86	1	-0.000831	-0.0004155	0	0	1	1	0	4.16	1	1.2	0.8;
	87	1	-0.001552	-0.000776	0	0	1	1	0	4.16	1	1.2	0.8;
	88	1	-0.001487	-0.0007435	0	0	1	1	0	4.16	1	1.2	0.8;
	89	1	-0.001248	-0.000624	0	0	1	1	0	4.16	1	1.2	0.8;
	90	1	0.001281	0.0006405	0	0	1	1	0	4.16	1	1.2	0.8;
	91	1	0.000829	0.0004145	0	0	1	1	0	4.16	1	1.2	0.8;
	92	1	-0.000144	-7.2e-05	0	0	1	1	0	4.16	1	1.2	0.8;
	93	1	0.001317	0.0006585	0	0	1	1	0	4.16	1	1.2	0.8;
	94	1	0.002199	0.0010995	0	0	1	1	0	4.16	1	1.2	0.8;
	95	1	0.000567	0.0002835	0	0	1	1	0	4.16	1	1.2	0.8;
	96	1	0.000791	0.0003955	0	0	1	1	0	4.16	1	1.2	0.8;
	97	1	0.000624	0.000312	0	0	1	1	0	4.16	1	1.2	0.8;
	98	1	0.000408	0.000204	0	0	1	1	0	4.16	1	1.2	0.8;
	99	1	0.00048	0.00024	0	0	1	1	0	4.16	1	1.2	0.8;
	100	1	0.000533	0.0002665	0	0	1	1	0	4.16	1	1.2	0.8;
	101	1	1e-10	5e-11	0	0	1	1	0	4.16	1	1.2	0.8;
	102	1	0.000352	0.000176	0	0	1	1	0	4.16	1	1.2	0.8;
	103	1	0.000635	0.0003175	0	0	1	1	0	4.16	1	1.2	0.8;
	104	1	1.1e-05	5.5e-06	0	0	1	1	0	4.16	1	1.2	0.8;
	105	1	0.005006	0.002503	0	0	1	1	0	4.16	1	1.2	0.8;
	106	1	1e-10	5e-11	0	0	1	1	0	4.16	1	1.2	0.8;
	107	1	1e-10	5e-11	0	0	1	1	0	4.16	1	1.2	0.8;
	108	1	9.6e-05	4.8e-05	0	0	1	1	0	4.16	1	1.2	0.8;
	109	1	-0.001607	-0.0008035	0	0	1	1	0	4.16	1	1.2	0.8;
];

%% generator data
%	bus	Pg	Qg	Qmax	Qmin	Vg	mBase	status	Pmax	Pmin	Pc1	Pc2	Qc1min	Qc1max	Qc2min	Qc2max	ramp_agc	ramp_10	ramp_30	ramp_q	apf
mpc.gen = [
	1	17.068	0	200	-200	1	1	1	200	-200	0	0	0	0	0	0	10	0	0	0	0;
];

%% branch data
%	fbus	tbus	r	x	b	rateA	rateB	rateC	ratio	angle	status	angmin	angmax
