function mpc = case_ieee123_storage_620
%CASE_IEEE123_STORAGE_620

%% MATPOWER Case Format : Version 2
mpc.version = '2';

%%-----  Power Flow Data  -----%%
%% system MVA base
mpc.baseMVA = 1;

%% bus data
%	bus_i	type	Pd	Qd	Gs	Bs	area	Vm	Va	baseKV	zone	Vmax	Vmin
mpc.bus = [
	1	3	-0.000733	-0.0003665	0	0	1	1	0	4.16	1	1.2	0.8;
	2	1	0.001189	0.0005945	0	0	1	1	0	4.16	1	1.2	0.8;
	3	1	0.001278	0.000639	0	0	1	1	0	4.16	1	1.2	0.8;
	4	1	-0.000661	-0.0003305	0	0	1	1	0	4.16	1	1.2	0.8;
	5	1	-0.000646	-0.000323	0	0	1	1	0	4.16	1	1.2	0.8;
	6	1	1e-10	5e-11	0	0	1	1	0	4.16	1	1.2	0.8;
	7	1	1e-10	5e-11	0	0	1	1	0	4.16	1	1.2	0.8;
	8	1	-0.001077	-0.0005385	0	0	1	1	0	4.16	1	1.2	0.8;
	9	1	-0.002137	-0.0010685	0	0	1	1	0	4.16	1	1.2	0.8;
	10	1	-0.001275	-0.0006375	0	0	1	1	0	4.16	1	1.2	0.8;
	11	1	1e-10	5e-11	0	0	1	1	0	4.16	1	1.2	0.8;
	12	1	-0.000684	-0.000342	0	0	1	1	0	4.16	1	1.2	0.8;
	13	1	-0.001099	-0.0005495	0	0	1	1	0	4.16	1	1.2	0.8;
	14	1	-0.000632	-0.000316	0	0	1	1	0	4.16	1	1.2	0.8;
	15	1	-0.000909	-0.0004545	0	0	1	1	0	4.16	1	1.2	0.8;
	16	1	1e-10	5e-11	0	0	1	1	0	4.16	1	1.2	0.8;
	17	1	4.8e-05	2.4e-05	0	0	1	1	0	4.16	1	1.2	0.8;
	18	1	-0.001167	-0.0005835	0	0	1	1	0	4.16	1	1.2	0.8;
	19	1	-0.00129	-0.000645	0	0	1	1	0	4.16	1	1.2	0.8;
	20	1	-0.001118	-0.000559	0	0	1	1	0	4.16	1	1.2	0.8;
	21	1	-0.000619	-0.0003095	0	0	1	1	0	4.16	1	1.2	0.8;
	22	1	0.00019	9.5e-05	0	0	1	1	0	4.16	1	1.2	0.8;
	23	1	-0.000473	-0.0002365	0	0	1	1	0	4.16	1	1.2	0.8;
	24	1	-0.000626	-0.000313	0	0	1	1	0	4.16	1	1.2	0.8;
	25	1	-0.000735	-0.0003675	0	0	1	1	0	4.16	1	1.2	0.8;
	26	1	0.000181	9.05e-05	0	0	1	1	0	4.16	1	1.2	0.8;
	27	1	-0.000973	-0.0004865	0	0	1	1	0	4.16	1	1.2	0.8;
	28	1	-0.000803	-0.0004015	0	0	1	1	0	4.16	1	1.2	0.8;
	29	1	1e-10	5e-11	0	0	1	1	0	4.16	1	1.2	0.8;
	30	1	-0.000607	-0.0003035	0	0	1	1	0	4.16	1	1.2	0.8;
	31	1	0.000131	6.55e-05	0	0	1	1	0	4.16	1	1.2	0.8;
	32	1	-0.000469	-0.0002345	0	0	1	1	0	4.16	1	1.2	0.8;
	33	1	0.000166	8.3e-05	0	0	1	1	0	4.16	1	1.2	0.8;
	34	1	-0.000519	-0.0002595	0	0	1	1	0	4.16	1	1.2	0.8;
	35	1	-0.000527	-0.0002635	0	0	1	1	0	4.16	1	1.2	0.8;
	36	1	1e-10	5e-11	0	0	1	1	0	4.16	1	1.2	0.8;
	37	1	-0.001171	-0.0005855	0	0	1	1	0	4.16	1	1.2	0.8;
	38	1	1e-10	5e-11	0	0	1	1	0	4.16	1	1.2	0.8;
	39	1	-0.000312	-0.000156	0	0	1	1	0	4.16	1	1.2	0.8;
	40	1	-0.000337	-0.0001685	0	0	1	1	0	4.16	1	1.2	0.8;
	41	1	-0.001169	-0.0005845	0	0	1	1	0	4.16	1	1.2	0.8;
	42	1	-0.000955	-0.0004775	0	0	1	1	0	4.16	1	1.2	0.8;
	43	1	-0.000874	-0.000437	0	0	1	1	0	4.16	1	1.2	0.8;
	44	1	0.001285	0.0006425	0	0	1	1	0	4.16	1	1.2	0.8;
	45	1	0.006393	0.0031965	0	0	1	1	0	4.16	1	1.2	0.8;
	46	1	0.000618	0.000309	0	0	1	1	0	4.16	1	1.2	0.8;
	47	1	0.00102	0.00051	0	0	1	1	0	4.16	1	1.2	0.8;
	48	1	-0.000583	-0.0002915	0	0	1	1	0	4.16	1	1.2	0.8;
	49	1	-0.000857	-0.0004285	0	0	1	1	0	4.16	1	1.2	0.8;
	50	1	-0.000189	-9.45e-05	0	0	1	1	0	4.16	1	1.2	0.8;
	51	1	1e-10	5e-11	0	0	1	1	0	4.16	1	1.2	0.8;
	52	1	-0.001369	-0.0006845	0	0	1	1	0	4.16	1	1.2	0.8;
	53	1	-9.8e-05	-4.9e-05	0	0	1	1	0	4.16	1	1.2	0.8;
	54	1	-0.0009	-0.00045	0	0	1	1	0	4.16	1	1.2	0.8;
	55	1	-0.000401	-0.0002005	0	0	1	1	0	4.16	1	1.2	0.8;
	56	1	-0.000968	-0.000484	0	0	1	1	0	4.16	1	1.2	0.8;
	57	1	1e-10	5e-11	0	0	1	1	0	4.16	1	1.2	0.8;
	58	1	-0.000882	-0.000441	0	0	1	1	0	4.16	1	1.2	0.8;
	59	1	-0.001074	-0.000537	0	0	1	1	0	4.16	1	1.2	0.8;
	60	1	0.000205	0.0001025	0	0	1	1	0	4.16	1	1.2	0.8;
	61	1	-0.002072	-0.001036	0	0	1	1	0	4.16	1	1.2	0.8;
	62	1	-0.000791	-0.0003955	0	0	1	1	0	4.16	1	1.2	0.8;
	63	1	-0.001071	-0.0005355	0	0	1	1	0	4.16	1	1.2	0.8;
	64	1	-0.000416	-0.000208	0	0	1	1	0	4.16	1	1.2	0.8;
	65	1	-0.000159	-7.95e-05	0	0	1	1	0	4.16	1	1.2	0.8;
	66	1	-0.000274	-0.000137	0	0	1	1	0	4.16	1	1.2	0.8;
	67	1	-0.00033	-0.000165	0	0	1	1	0	4.16	1	1.2	0.8;
	68	1	-0.00288	-0.00144	0	0	1	1	0	4.16	1	1.2	0.8;
	69	1	1e-10	5e-11	0	0	1	1	0	4.16	1	1.2	0.8;
	70	1	-0.001479	-0.0007395	0	0	1	1	0	4.16	1	1.2	0.8;
	71	1	-0.00153	-0.000765	0	0	1	1	0	4.16	1	1.2	0.8;
	72	1	-0.000864	-0.000432	0	0	1	1	0	4.16	1	1.2	0.8;
	73	1	4.3e-05	2.15e-05	0	0	1	1	0	4.16	1	1.2	0.8;
	74	1	0.000386	0.000193	0	0	1	1	0	4.16	1	1.2	0.8;
	75	1	-0.000922	-0.000461	0	0	1	1	0	4.16	1	1.2	0.8;
	76	1	0.000807	0.0004035	0	0	1	1	0	4.16	1	1.2	0.8;
	77	1	-0.000264	-0.000132	0	0	1	1	0	4.16	1	1.2	0.8;
	78	1	0.000698	0.000349	0	0	1	1	0	4.16	1	1.2	0.8;
	79	1	0.000587	0.0002935	0	0	1	1	0	4.16	1	1.2	0.8;
	80	1	-0.000505	-0.0002525	0	0	1	1	0	4.16	1	1.2	0.8;
	81	1	-0.000983	-0.0004915	0	0	1	1	0	4.16	1	1.2	0.8;
	82	1	-0.000659	-0.0003295	0	0	1	1	0	4.16	1	1.2	0.8;
	83	1	-0.00035	-0.000175	0	0	1	1	0	4.16	1	1.2	0.8;
	84	1	0.000761	0.0003805	0	0	1	1	0	4.16	1	1.2	0.8;
	85	1	-0.001261	-0.0006305	0	0	1	1	0	4.16	1	1.2	0.8;
	86	1	-0.000207	-0.0001035	0	0	1	1	0	4.16	1	1.2	0.8;
	87	1	-0.001243	-0.0006215	0	0	1	1	0	4.16	1	1.2	0.8;
	88	1	-0.000946	-0.000473	0	0	1	1	0	4.16	1	1.2	0.8;
	89	1	-0.000412	-0.000206	0	0	1	1	0	4.16	1	1.2	0.8;
	90	1	-8e-06	-4e-06	0	0	1	1	0	4.16	1	1.2	0.8;
	91	1	9.3e-05	4.65e-05	0	0	1	1	0	4.16	1	1.2	0.8;
	92	1	8.7e-05	4.35e-05	0	0	1	1	0	4.16	1	1.2	0.8;
	93	1	0.001177	0.0005885	0	0	1	1	0	4.16	1	1.2	0.8;
	94	1	0.005816	0.002908	0	0	1	1	0	4.16	1	1.2	0.8;
	95	1	0.000563	0.0002815	0	0	1	1	0	4.16	1	1.2	0.8;
	96	1	0.000307	0.0001535	0	0	1	1	0	4.16	1	1.2	0.8;
	97	1	0.000571	0.0002855	0	0	1	1	0	4.16	1	1.2	0.8;
	98	1	0.002208	0.001104	0	0	1	1	0	4.16	1	1.2	0.8;
	99	1	0.000195	9.75e-05	0	0	1	1	0	4.16	1	1.2	0.8;
	100	1	0.00054	0.00027	0	0	1	1	0	4.16	1	1.2	0.8;
	101	1	1e-10	5e-11	0	0	1	1	0	4.16	1	1.2	0.8;
	102	1	0.000548	0.000274	0	0	1	1	0	4.16	1	1.2	0.8;
	103	1	0.001014	0.000507	0	0	1	1	0	4.16	1	1.2	0.8;
	104	1	-0.001183	-0.0005915	0	0	1	1	0	4.16	1	1.2	0.8;
	105	1	0.00263	0.001315	0	0	1	1	0	4.16	1	1.2	0.8;
	106	1	1e-10	5e-11	0	0	1	1	0	4.16	1	1.2	0.8;
	107	1	1e-10	5e-11	0	0	1	1	0	4.16	1	1.2	0.8;
	108	1	0.000747	0.0003735	0	0	1	1	0	4.16	1	1.2	0.8;
	109	1	-0.001081	-0.0005405	0	0	1	1	0	4.16	1	1.2	0.8;
];

%% generator data
%	bus	Pg	Qg	Qmax	Qmin	Vg	mBase	status	Pmax	Pmin	Pc1	Pc2	Qc1min	Qc1max	Qc2min	Qc2max	ramp_agc	ramp_10	ramp_30	ramp_q	apf
mpc.gen = [
	1	17.068	0	200	-200	1	1	1	200	-200	0	0	0	0	0	0	10	0	0	0	0;
];

%% branch data
%	fbus	tbus	r	x	b	rateA	rateB	rateC	ratio	angle	status	angmin	angmax
