function mpc = case_ieee123_storage_941
%CASE_IEEE123_STORAGE_941

%% MATPOWER Case Format : Version 2
mpc.version = '2';

%%-----  Power Flow Data  -----%%
%% system MVA base
mpc.baseMVA = 1;

%% bus data
%	bus_i	type	Pd	Qd	Gs	Bs	area	Vm	Va	baseKV	zone	Vmax	Vmin
mpc.bus = [
	1	3	-0.000331	-0.0001655	0	0	1	1	0	4.16	1	1.2	0.8;
	2	1	0.002673	0.0013365	0	0	1	1	0	4.16	1	1.2	0.8;
	3	1	0.000617	0.0003085	0	0	1	1	0	4.16	1	1.2	0.8;
	4	1	0.00162	0.00081	0	0	1	1	0	4.16	1	1.2	0.8;
	5	1	-4.9e-05	-2.45e-05	0	0	1	1	0	4.16	1	1.2	0.8;
	6	1	1e-10	5e-11	0	0	1	1	0	4.16	1	1.2	0.8;
	7	1	1e-10	5e-11	0	0	1	1	0	4.16	1	1.2	0.8;
	8	1	0.00092	0.00046	0	0	1	1	0	4.16	1	1.2	0.8;
	9	1	0.000946	0.000473	0	0	1	1	0	4.16	1	1.2	0.8;
	10	1	-0.000496	-0.000248	0	0	1	1	0	4.16	1	1.2	0.8;
	11	1	1e-10	5e-11	0	0	1	1	0	4.16	1	1.2	0.8;
	12	1	0.000519	0.0002595	0	0	1	1	0	4.16	1	1.2	0.8;
	13	1	-0.0004	-0.0002	0	0	1	1	0	4.16	1	1.2	0.8;
	14	1	0.000278	0.000139	0	0	1	1	0	4.16	1	1.2	0.8;
	15	1	-0.000383	-0.0001915	0	0	1	1	0	4.16	1	1.2	0.8;
	16	1	1e-10	5e-11	0	0	1	1	0	4.16	1	1.2	0.8;
	17	1	-0.000653	-0.0003265	0	0	1	1	0	4.16	1	1.2	0.8;
	18	1	-0.000492	-0.000246	0	0	1	1	0	4.16	1	1.2	0.8;
	19	1	-0.000283	-0.0001415	0	0	1	1	0	4.16	1	1.2	0.8;
	20	1	-0.000516	-0.000258	0	0	1	1	0	4.16	1	1.2	0.8;
	21	1	0.000267	0.0001335	0	0	1	1	0	4.16	1	1.2	0.8;
	22	1	0.002291	0.0011455	0	0	1	1	0	4.16	1	1.2	0.8;
	23	1	-0.000222	-0.000111	0	0	1	1	0	4.16	1	1.2	0.8;
	24	1	3e-06	1.5e-06	0	0	1	1	0	4.16	1	1.2	0.8;
	25	1	6.1e-05	3.05e-05	0	0	1	1	0	4.16	1	1.2	0.8;
	26	1	0.000274	0.000137	0	0	1	1	0	4.16	1	1.2	0.8;
	27	1	-0.000306	-0.000153	0	0	1	1	0	4.16	1	1.2	0.8;
	28	1	0.000688	0.000344	0	0	1	1	0	4.16	1	1.2	0.8;
	29	1	1e-10	5e-11	0	0	1	1	0	4.16	1	1.2	0.8;
	30	1	-0.000219	-0.0001095	0	0	1	1	0	4.16	1	1.2	0.8;
	31	1	0.000242	0.000121	0	0	1	1	0	4.16	1	1.2	0.8;
	32	1	0.000802	0.000401	0	0	1	1	0	4.16	1	1.2	0.8;
	33	1	0.002834	0.001417	0	0	1	1	0	4.16	1	1.2	0.8;
	34	1	0.000286	0.000143	0	0	1	1	0	4.16	1	1.2	0.8;
	35	1	0.000466	0.000233	0	0	1	1	0	4.16	1	1.2	0.8;
	36	1	1e-10	5e-11	0	0	1	1	0	4.16	1	1.2	0.8;
	37	1	0.003137	0.0015685	0	0	1	1	0	4.16	1	1.2	0.8;
	38	1	0.001223	0.0006115	0	0	1	1	0	4.16	1	1.2	0.8;
	39	1	-4.4e-05	-2.2e-05	0	0	1	1	0	4.16	1	1.2	0.8;
	40	1	0.001117	0.0005585	0	0	1	1	0	4.16	1	1.2	0.8;
	41	1	0.001277	0.0006385	0	0	1	1	0	4.16	1	1.2	0.8;
	42	1	0.000311	0.0001555	0	0	1	1	0	4.16	1	1.2	0.8;
	43	1	1e-06	5e-07	0	0	1	1	0	4.16	1	1.2	0.8;
	44	1	0.002026	0.001013	0	0	1	1	0	4.16	1	1.2	0.8;
	45	1	0.003351	0.0016755	0	0	1	1	0	4.16	1	1.2	0.8;
	46	1	0.001004	0.000502	0	0	1	1	0	4.16	1	1.2	0.8;
	47	1	0.001056	0.000528	0	0	1	1	0	4.16	1	1.2	0.8;
	48	1	0.000792	0.000396	0	0	1	1	0	4.16	1	1.2	0.8;
	49	1	-0.000366	-0.000183	0	0	1	1	0	4.16	1	1.2	0.8;
	50	1	8e-05	4e-05	0	0	1	1	0	4.16	1	1.2	0.8;
	51	1	1e-10	5e-11	0	0	1	1	0	4.16	1	1.2	0.8;
	52	1	-0.000568	-0.000284	0	0	1	1	0	4.16	1	1.2	0.8;
	53	1	0.003229	0.0016145	0	0	1	1	0	4.16	1	1.2	0.8;
	54	1	-0.000257	-0.0001285	0	0	1	1	0	4.16	1	1.2	0.8;
	55	1	7.5e-05	3.75e-05	0	0	1	1	0	4.16	1	1.2	0.8;
	56	1	0.000125	6.25e-05	0	0	1	1	0	4.16	1	1.2	0.8;
	57	1	-0.000308	-0.000154	0	0	1	1	0	4.16	1	1.2	0.8;
	58	1	0.005504	0.002752	0	0	1	1	0	4.16	1	1.2	0.8;
	59	1	-5e-06	-2.5e-06	0	0	1	1	0	4.16	1	1.2	0.8;
	60	1	0.000179	8.95e-05	0	0	1	1	0	4.16	1	1.2	0.8;
	61	1	-0.000618	-0.000309	0	0	1	1	0	4.16	1	1.2	0.8;
	62	1	-0.000236	-0.000118	0	0	1	1	0	4.16	1	1.2	0.8;
	63	1	-0.000461	-0.0002305	0	0	1	1	0	4.16	1	1.2	0.8;
	64	1	0.004209	0.0021045	0	0	1	1	0	4.16	1	1.2	0.8;
	65	1	8.8e-05	4.4e-05	0	0	1	1	0	4.16	1	1.2	0.8;
	66	1	0.000557	0.0002785	0	0	1	1	0	4.16	1	1.2	0.8;
	67	1	0.002911	0.0014555	0	0	1	1	0	4.16	1	1.2	0.8;
	68	1	-0.000261	-0.0001305	0	0	1	1	0	4.16	1	1.2	0.8;
	69	1	1e-10	5e-11	0	0	1	1	0	4.16	1	1.2	0.8;
	70	1	-0.001157	-0.0005785	0	0	1	1	0	4.16	1	1.2	0.8;
	71	1	1e-06	5e-07	0	0	1	1	0	4.16	1	1.2	0.8;
	72	1	-0.000133	-6.65e-05	0	0	1	1	0	4.16	1	1.2	0.8;
	73	1	0.001099	0.0005495	0	0	1	1	0	4.16	1	1.2	0.8;
	74	1	-0.000408	-0.000204	0	0	1	1	0	4.16	1	1.2	0.8;
	75	1	-0.000186	-9.3e-05	0	0	1	1	0	4.16	1	1.2	0.8;
	76	1	0.000383	0.0001915	0	0	1	1	0	4.16	1	1.2	0.8;
	77	1	-6e-05	-3e-05	0	0	1	1	0	4.16	1	1.2	0.8;
	78	1	0.00452	0.00226	0	0	1	1	0	4.16	1	1.2	0.8;
	79	1	0.001344	0.000672	0	0	1	1	0	4.16	1	1.2	0.8;
	80	1	0.005474	0.002737	0	0	1	1	0	4.16	1	1.2	0.8;
	81	1	-0.000325	-0.0001625	0	0	1	1	0	4.16	1	1.2	0.8;
	82	1	3.9e-05	1.95e-05	0	0	1	1	0	4.16	1	1.2	0.8;
	83	1	0.005947	0.0029735	0	0	1	1	0	4.16	1	1.2	0.8;
	84	1	0.000413	0.0002065	0	0	1	1	0	4.16	1	1.2	0.8;
	85	1	-0.001964	-0.000982	0	0	1	1	0	4.16	1	1.2	0.8;
	86	1	1.8e-05	9e-06	0	0	1	1	0	4.16	1	1.2	0.8;
	87	1	-0.000429	-0.0002145	0	0	1	1	0	4.16	1	1.2	0.8;
	88	1	-0.00054	-0.00027	0	0	1	1	0	4.16	1	1.2	0.8;
	89	1	7.4e-05	3.7e-05	0	0	1	1	0	4.16	1	1.2	0.8;
	90	1	0.000673	0.0003365	0	0	1	1	0	4.16	1	1.2	0.8;
	91	1	0.004407	0.0022035	0	0	1	1	0	4.16	1	1.2	0.8;
	92	1	0.002435	0.0012175	0	0	1	1	0	4.16	1	1.2	0.8;
	93	1	0.000691	0.0003455	0	0	1	1	0	4.16	1	1.2	0.8;
	94	1	0.001121	0.0005605	0	0	1	1	0	4.16	1	1.2	0.8;
	95	1	0.000461	0.0002305	0	0	1	1	0	4.16	1	1.2	0.8;
	96	1	0.001038	0.000519	0	0	1	1	0	4.16	1	1.2	0.8;
	97	1	0.000649	0.0003245	0	0	1	1	0	4.16	1	1.2	0.8;
	98	1	0.001991	0.0009955	0	0	1	1	0	4.16	1	1.2	0.8;
	99	1	0.001759	0.0008795	0	0	1	1	0	4.16	1	1.2	0.8;
	100	1	0.000513	0.0002565	0	0	1	1	0	4.16	1	1.2	0.8;
	101	1	0.000253	0.0001265	0	0	1	1	0	4.16	1	1.2	0.8;
	102	1	0.000157	7.85e-05	0	0	1	1	0	4.16	1	1.2	0.8;
	103	1	0.001037	0.0005185	0	0	1	1	0	4.16	1	1.2	0.8;
	104	1	-0.000292	-0.000146	0	0	1	1	0	4.16	1	1.2	0.8;
	105	1	0.002392	0.001196	0	0	1	1	0	4.16	1	1.2	0.8;
	106	1	1e-10	5e-11	0	0	1	1	0	4.16	1	1.2	0.8;
	107	1	1e-10	5e-11	0	0	1	1	0	4.16	1	1.2	0.8;
	108	1	0.000325	0.0001625	0	0	1	1	0	4.16	1	1.2	0.8;
	109	1	-0.000167	-8.35e-05	0	0	1	1	0	4.16	1	1.2	0.8;
];

%% generator data
%	bus	Pg	Qg	Qmax	Qmin	Vg	mBase	status	Pmax	Pmin	Pc1	Pc2	Qc1min	Qc1max	Qc2min	Qc2max	ramp_agc	ramp_10	ramp_30	ramp_q	apf
mpc.gen = [
	1	17.068	0	200	-200	1	1	1	200	-200	0	0	0	0	0	0	10	0	0	0	0;
];

%% branch data
%	fbus	tbus	r	x	b	rateA	rateB	rateC	ratio	angle	status	angmin	angmax
