function mpc = case_ieee123_storage_902
%CASE_IEEE123_STORAGE_902

%% MATPOWER Case Format : Version 2
mpc.version = '2';

%%-----  Power Flow Data  -----%%
%% system MVA base
mpc.baseMVA = 1;

%% bus data
%	bus_i	type	Pd	Qd	Gs	Bs	area	Vm	Va	baseKV	zone	Vmax	Vmin
mpc.bus = [
	1	3	3e-06	1.5e-06	0	0	1	1	0	4.16	1	1.2	0.8;
	2	1	0.005269	0.0026345	0	0	1	1	0	4.16	1	1.2	0.8;
	3	1	0.000611	0.0003055	0	0	1	1	0	4.16	1	1.2	0.8;
	4	1	0.000161	8.05e-05	0	0	1	1	0	4.16	1	1.2	0.8;
	5	1	-3e-06	-1.5e-06	0	0	1	1	0	4.16	1	1.2	0.8;
	6	1	1e-10	5e-11	0	0	1	1	0	4.16	1	1.2	0.8;
	7	1	1e-10	5e-11	0	0	1	1	0	4.16	1	1.2	0.8;
	8	1	0.001338	0.000669	0	0	1	1	0	4.16	1	1.2	0.8;
	9	1	0.001452	0.000726	0	0	1	1	0	4.16	1	1.2	0.8;
	10	1	-0.000307	-0.0001535	0	0	1	1	0	4.16	1	1.2	0.8;
	11	1	1e-10	5e-11	0	0	1	1	0	4.16	1	1.2	0.8;
	12	1	0.001821	0.0009105	0	0	1	1	0	4.16	1	1.2	0.8;
	13	1	-0.000166	-8.3e-05	0	0	1	1	0	4.16	1	1.2	0.8;
	14	1	-0.000312	-0.000156	0	0	1	1	0	4.16	1	1.2	0.8;
	15	1	-0.000102	-5.1e-05	0	0	1	1	0	4.16	1	1.2	0.8;
	16	1	1e-10	5e-11	0	0	1	1	0	4.16	1	1.2	0.8;
	17	1	-0.000223	-0.0001115	0	0	1	1	0	4.16	1	1.2	0.8;
	18	1	-0.000196	-9.8e-05	0	0	1	1	0	4.16	1	1.2	0.8;
	19	1	-0.000172	-8.6e-05	0	0	1	1	0	4.16	1	1.2	0.8;
	20	1	-0.000328	-0.000164	0	0	1	1	0	4.16	1	1.2	0.8;
	21	1	0.000545	0.0002725	0	0	1	1	0	4.16	1	1.2	0.8;
	22	1	0.000289	0.0001445	0	0	1	1	0	4.16	1	1.2	0.8;
	23	1	-2.8e-05	-1.4e-05	0	0	1	1	0	4.16	1	1.2	0.8;
	24	1	0.003339	0.0016695	0	0	1	1	0	4.16	1	1.2	0.8;
	25	1	0.000219	0.0001095	0	0	1	1	0	4.16	1	1.2	0.8;
	26	1	0.000567	0.0002835	0	0	1	1	0	4.16	1	1.2	0.8;
	27	1	-7e-05	-3.5e-05	0	0	1	1	0	4.16	1	1.2	0.8;
	28	1	0.001301	0.0006505	0	0	1	1	0	4.16	1	1.2	0.8;
	29	1	1e-10	5e-11	0	0	1	1	0	4.16	1	1.2	0.8;
	30	1	-0.000168	-8.4e-05	0	0	1	1	0	4.16	1	1.2	0.8;
	31	1	0.000129	6.45e-05	0	0	1	1	0	4.16	1	1.2	0.8;
	32	1	0.000866	0.000433	0	0	1	1	0	4.16	1	1.2	0.8;
	33	1	0.001737	0.0008685	0	0	1	1	0	4.16	1	1.2	0.8;
	34	1	0.000791	0.0003955	0	0	1	1	0	4.16	1	1.2	0.8;
	35	1	0.001042	0.000521	0	0	1	1	0	4.16	1	1.2	0.8;
	36	1	1e-10	5e-11	0	0	1	1	0	4.16	1	1.2	0.8;
	37	1	-0.000149	-7.45e-05	0	0	1	1	0	4.16	1	1.2	0.8;
	38	1	0.000126	6.3e-05	0	0	1	1	0	4.16	1	1.2	0.8;
	39	1	0.000715	0.0003575	0	0	1	1	0	4.16	1	1.2	0.8;
	40	1	0.000162	8.1e-05	0	0	1	1	0	4.16	1	1.2	0.8;
	41	1	-7.9e-05	-3.95e-05	0	0	1	1	0	4.16	1	1.2	0.8;
	42	1	0.000492	0.000246	0	0	1	1	0	4.16	1	1.2	0.8;
	43	1	-0.000166	-8.3e-05	0	0	1	1	0	4.16	1	1.2	0.8;
	44	1	0.002267	0.0011335	0	0	1	1	0	4.16	1	1.2	0.8;
	45	1	0.008296	0.004148	0	0	1	1	0	4.16	1	1.2	0.8;
	46	1	0.00105	0.000525	0	0	1	1	0	4.16	1	1.2	0.8;
	47	1	0.001282	0.000641	0	0	1	1	0	4.16	1	1.2	0.8;
	48	1	0.000382	0.000191	0	0	1	1	0	4.16	1	1.2	0.8;
	49	1	-0.000265	-0.0001325	0	0	1	1	0	4.16	1	1.2	0.8;
	50	1	0.000478	0.000239	0	0	1	1	0	4.16	1	1.2	0.8;
	51	1	1e-10	5e-11	0	0	1	1	0	4.16	1	1.2	0.8;
	52	1	-0.000327	-0.0001635	0	0	1	1	0	4.16	1	1.2	0.8;
	53	1	0.003434	0.001717	0	0	1	1	0	4.16	1	1.2	0.8;
	54	1	0.000104	5.2e-05	0	0	1	1	0	4.16	1	1.2	0.8;
	55	1	0.000277	0.0001385	0	0	1	1	0	4.16	1	1.2	0.8;
	56	1	0.000396	0.000198	0	0	1	1	0	4.16	1	1.2	0.8;
	57	1	-0.000142	-7.1e-05	0	0	1	1	0	4.16	1	1.2	0.8;
	58	1	0.000432	0.000216	0	0	1	1	0	4.16	1	1.2	0.8;
	59	1	-6.8e-05	-3.4e-05	0	0	1	1	0	4.16	1	1.2	0.8;
	60	1	0.000284	0.000142	0	0	1	1	0	4.16	1	1.2	0.8;
	61	1	0.001059	0.0005295	0	0	1	1	0	4.16	1	1.2	0.8;
	62	1	-0.000827	-0.0004135	0	0	1	1	0	4.16	1	1.2	0.8;
	63	1	-5.4e-05	-2.7e-05	0	0	1	1	0	4.16	1	1.2	0.8;
	64	1	0.003995	0.0019975	0	0	1	1	0	4.16	1	1.2	0.8;
	65	1	0.000518	0.000259	0	0	1	1	0	4.16	1	1.2	0.8;
	66	1	0.000756	0.000378	0	0	1	1	0	4.16	1	1.2	0.8;
	67	1	0.001639	0.0008195	0	0	1	1	0	4.16	1	1.2	0.8;
	68	1	1.8e-05	9e-06	0	0	1	1	0	4.16	1	1.2	0.8;
	69	1	1e-10	5e-11	0	0	1	1	0	4.16	1	1.2	0.8;
	70	1	-0.001108	-0.000554	0	0	1	1	0	4.16	1	1.2	0.8;
	71	1	0.000472	0.000236	0	0	1	1	0	4.16	1	1.2	0.8;
	72	1	0.000187	9.35e-05	0	0	1	1	0	4.16	1	1.2	0.8;
	73	1	0.005932	0.002966	0	0	1	1	0	4.16	1	1.2	0.8;
	74	1	1.5e-05	7.5e-06	0	0	1	1	0	4.16	1	1.2	0.8;
	75	1	6e-06	3e-06	0	0	1	1	0	4.16	1	1.2	0.8;
	76	1	0.000317	0.0001585	0	0	1	1	0	4.16	1	1.2	0.8;
	77	1	0.000512	0.000256	0	0	1	1	0	4.16	1	1.2	0.8;
	78	1	0.001556	0.000778	0	0	1	1	0	4.16	1	1.2	0.8;
	79	1	0.004631	0.0023155	0	0	1	1	0	4.16	1	1.2	0.8;
	80	1	0.000543	0.0002715	0	0	1	1	0	4.16	1	1.2	0.8;
	81	1	8.1e-05	4.05e-05	0	0	1	1	0	4.16	1	1.2	0.8;
	82	1	4.5e-05	2.25e-05	0	0	1	1	0	4.16	1	1.2	0.8;
	83	1	0.003868	0.001934	0	0	1	1	0	4.16	1	1.2	0.8;
	84	1	0.000419	0.0002095	0	0	1	1	0	4.16	1	1.2	0.8;
	85	1	-0.000725	-0.0003625	0	0	1	1	0	4.16	1	1.2	0.8;
	86	1	0.000346	0.000173	0	0	1	1	0	4.16	1	1.2	0.8;
	87	1	-0.000345	-0.0001725	0	0	1	1	0	4.16	1	1.2	0.8;
	88	1	-3.9e-05	-1.95e-05	0	0	1	1	0	4.16	1	1.2	0.8;
	89	1	0.002262	0.001131	0	0	1	1	0	4.16	1	1.2	0.8;
	90	1	0.00104	0.00052	0	0	1	1	0	4.16	1	1.2	0.8;
	91	1	0.001893	0.0009465	0	0	1	1	0	4.16	1	1.2	0.8;
	92	1	0.002516	0.001258	0	0	1	1	0	4.16	1	1.2	0.8;
	93	1	0.000885	0.0004425	0	0	1	1	0	4.16	1	1.2	0.8;
	94	1	0.001209	0.0006045	0	0	1	1	0	4.16	1	1.2	0.8;
	95	1	0.000578	0.000289	0	0	1	1	0	4.16	1	1.2	0.8;
	96	1	0.000841	0.0004205	0	0	1	1	0	4.16	1	1.2	0.8;
	97	1	0.000497	0.0002485	0	0	1	1	0	4.16	1	1.2	0.8;
	98	1	-0.001325	-0.0006625	0	0	1	1	0	4.16	1	1.2	0.8;
	99	1	0.00018	9e-05	0	0	1	1	0	4.16	1	1.2	0.8;
	100	1	0.000647	0.0003235	0	0	1	1	0	4.16	1	1.2	0.8;
	101	1	0.000517	0.0002585	0	0	1	1	0	4.16	1	1.2	0.8;
	102	1	0.000158	7.9e-05	0	0	1	1	0	4.16	1	1.2	0.8;
	103	1	0.004342	0.002171	0	0	1	1	0	4.16	1	1.2	0.8;
	104	1	-0.000549	-0.0002745	0	0	1	1	0	4.16	1	1.2	0.8;
	105	1	0.004733	0.0023665	0	0	1	1	0	4.16	1	1.2	0.8;
	106	1	1e-10	5e-11	0	0	1	1	0	4.16	1	1.2	0.8;
	107	1	1e-10	5e-11	0	0	1	1	0	4.16	1	1.2	0.8;
	108	1	0.000426	0.000213	0	0	1	1	0	4.16	1	1.2	0.8;
	109	1	-0.000249	-0.0001245	0	0	1	1	0	4.16	1	1.2	0.8;
];

%% generator data
%	bus	Pg	Qg	Qmax	Qmin	Vg	mBase	status	Pmax	Pmin	Pc1	Pc2	Qc1min	Qc1max	Qc2min	Qc2max	ramp_agc	ramp_10	ramp_30	ramp_q	apf
mpc.gen = [
	1	17.068	0	200	-200	1	1	1	200	-200	0	0	0	0	0	0	10	0	0	0	0;
];

%% branch data
%	fbus	tbus	r	x	b	rateA	rateB	rateC	ratio	angle	status	angmin	angmax
