function mpc = case_ieee123_storage_895
%CASE_IEEE123_STORAGE_895

%% MATPOWER Case Format : Version 2
mpc.version = '2';

%%-----  Power Flow Data  -----%%
%% system MVA base
mpc.baseMVA = 1;

%% bus data
%	bus_i	type	Pd	Qd	Gs	Bs	area	Vm	Va	baseKV	zone	Vmax	Vmin
mpc.bus = [
	1	3	-0.003911	-0.0019555	0	0	1	1	0	4.16	1	1.2	0.8;
	2	1	0.001081	0.0005405	0	0	1	1	0	4.16	1	1.2	0.8;
	3	1	0.000235	0.0001175	0	0	1	1	0	4.16	1	1.2	0.8;
	4	1	-0.002728	-0.001364	0	0	1	1	0	4.16	1	1.2	0.8;
	5	1	-0.002575	-0.0012875	0	0	1	1	0	4.16	1	1.2	0.8;
	6	1	1e-10	5e-11	0	0	1	1	0	4.16	1	1.2	0.8;
	7	1	1e-10	5e-11	0	0	1	1	0	4.16	1	1.2	0.8;
	8	1	-0.003767	-0.0018835	0	0	1	1	0	4.16	1	1.2	0.8;
	9	1	-0.006048	-0.003024	0	0	1	1	0	4.16	1	1.2	0.8;
	10	1	-0.003032	-0.001516	0	0	1	1	0	4.16	1	1.2	0.8;
	11	1	-0.003563	-0.0017815	0	0	1	1	0	4.16	1	1.2	0.8;
	12	1	-0.004259	-0.0021295	0	0	1	1	0	4.16	1	1.2	0.8;
	13	1	-0.003344	-0.001672	0	0	1	1	0	4.16	1	1.2	0.8;
	14	1	1e-10	5e-11	0	0	1	1	0	4.16	1	1.2	0.8;
	15	1	-0.003862	-0.001931	0	0	1	1	0	4.16	1	1.2	0.8;
	16	1	-0.004014	-0.002007	0	0	1	1	0	4.16	1	1.2	0.8;
	17	1	-0.004106	-0.002053	0	0	1	1	0	4.16	1	1.2	0.8;
	18	1	-0.004232	-0.002116	0	0	1	1	0	4.16	1	1.2	0.8;
	19	1	-0.002833	-0.0014165	0	0	1	1	0	4.16	1	1.2	0.8;
	20	1	-0.002756	-0.001378	0	0	1	1	0	4.16	1	1.2	0.8;
	21	1	-0.0041	-0.00205	0	0	1	1	0	4.16	1	1.2	0.8;
	22	1	-0.002569	-0.0012845	0	0	1	1	0	4.16	1	1.2	0.8;
	23	1	-0.003459	-0.0017295	0	0	1	1	0	4.16	1	1.2	0.8;
	24	1	-0.003498	-0.001749	0	0	1	1	0	4.16	1	1.2	0.8;
	25	1	-0.002634	-0.001317	0	0	1	1	0	4.16	1	1.2	0.8;
	26	1	0.000252	0.000126	0	0	1	1	0	4.16	1	1.2	0.8;
	27	1	0.000792	0.000396	0	0	1	1	0	4.16	1	1.2	0.8;
	28	1	-0.000368	-0.000184	0	0	1	1	0	4.16	1	1.2	0.8;
	29	1	-0.002581	-0.0012905	0	0	1	1	0	4.16	1	1.2	0.8;
	30	1	-0.004058	-0.002029	0	0	1	1	0	4.16	1	1.2	0.8;
	31	1	-0.004213	-0.0021065	0	0	1	1	0	4.16	1	1.2	0.8;
	32	1	-0.003653	-0.0018265	0	0	1	1	0	4.16	1	1.2	0.8;
	33	1	-0.002357	-0.0011785	0	0	1	1	0	4.16	1	1.2	0.8;
	34	1	-0.004338	-0.002169	0	0	1	1	0	4.16	1	1.2	0.8;
	35	1	-0.003011	-0.0015055	0	0	1	1	0	4.16	1	1.2	0.8;
	36	1	1e-10	5e-11	0	0	1	1	0	4.16	1	1.2	0.8;
	37	1	-0.003576	-0.001788	0	0	1	1	0	4.16	1	1.2	0.8;
	38	1	-0.00415	-0.002075	0	0	1	1	0	4.16	1	1.2	0.8;
	39	1	-0.003493	-0.0017465	0	0	1	1	0	4.16	1	1.2	0.8;
	40	1	-0.00294	-0.00147	0	0	1	1	0	4.16	1	1.2	0.8;
	41	1	-0.006182	-0.003091	0	0	1	1	0	4.16	1	1.2	0.8;
	42	1	-0.003706	-0.001853	0	0	1	1	0	4.16	1	1.2	0.8;
	43	1	-0.004099	-0.0020495	0	0	1	1	0	4.16	1	1.2	0.8;
	44	1	-0.003897	-0.0019485	0	0	1	1	0	4.16	1	1.2	0.8;
	45	1	1e-10	5e-11	0	0	1	1	0	4.16	1	1.2	0.8;
	46	1	-0.001812	-0.000906	0	0	1	1	0	4.16	1	1.2	0.8;
	47	1	1e-10	5e-11	0	0	1	1	0	4.16	1	1.2	0.8;
	48	1	1e-10	5e-11	0	0	1	1	0	4.16	1	1.2	0.8;
	49	1	0.001467	0.0007335	0	0	1	1	0	4.16	1	1.2	0.8;
	50	1	-0.004191	-0.0020955	0	0	1	1	0	4.16	1	1.2	0.8;
	51	1	1e-10	5e-11	0	0	1	1	0	4.16	1	1.2	0.8;
	52	1	1e-10	5e-11	0	0	1	1	0	4.16	1	1.2	0.8;
	53	1	-0.002634	-0.001317	0	0	1	1	0	4.16	1	1.2	0.8;
	54	1	1e-10	5e-11	0	0	1	1	0	4.16	1	1.2	0.8;
	55	1	1e-10	5e-11	0	0	1	1	0	4.16	1	1.2	0.8;
	56	1	-0.00357	-0.001785	0	0	1	1	0	4.16	1	1.2	0.8;
	57	1	1e-10	5e-11	0	0	1	1	0	4.16	1	1.2	0.8;
	58	1	1e-10	5e-11	0	0	1	1	0	4.16	1	1.2	0.8;
	59	1	0.000195	9.75e-05	0	0	1	1	0	4.16	1	1.2	0.8;
	60	1	-0.003814	-0.001907	0	0	1	1	0	4.16	1	1.2	0.8;
];

%% generator data
%	bus	Pg	Qg	Qmax	Qmin	Vg	mBase	status	Pmax	Pmin	Pc1	Pc2	Qc1min	Qc1max	Qc2min	Qc2max	ramp_agc	ramp_10	ramp_30	ramp_q	apf
mpc.gen = [
	1	-0.139910999	0	200	-200	1	1	1	200	-200	0	0	0	0	0	0	10	0	0	0	0;
];

%% branch data
%	fbus	tbus	r	x	b	rateA	rateB	rateC	ratio	angle	status	angmin	angmax
mpc.branch = [
	1	2	0.0013398623	0.0027450827	3.02770272e-08	100	100	100	0	0	1	-80	80;
	1	2	0.0013398623	0.0027450827	3.02770272e-08	100	100	100	0	0	1	-80	80;
	2	3	0.0013398623	0.0027450827	3.02770272e-08	100	100	100	0	0	1	-80	80;
	3	4	0.0013398623	0.0027450827	3.02770272e-08	100	100	100	0	0	1	-80	80;
	4	5	0.0013398623	0.0027450827	3.02770272e-08	100	100	100	0	0	1	-80	80;
	5	6	0.0013398623	0.0027450827	3.02770272e-08	100	100	100	0	0	1	-80	80;
	6	7	0.0013398623	0.0027450827	3.02770272e-08	100	100	100	0	0	1	-80	80;
	7	8	0.0013398623	0.0027450827	3.02770272e-08	100	100	100	0	0	1	-80	80;
	8	9	0.0013398623	0.0027450827	3.02770272e-08	100	100	100	0	0	1	-80	80;
	9	10	0.0013398623	0.0027450827	3.02770272e-08	100	100	100	0	0	1	-80	80;
	10	11	0.0013398623	0.0027450827	3.02770272e-08	100	100	100	0	0	1	-80	80;
	11	12	0.0013398623	0.0027450827	3.02770272e-08	100	100	100	0	0	1	-80	80;
	12	13	0.0013398623	0.0027450827	3.02770272e-08	100	100	100	0	0	1	-80	80;
	13	14	0.0013398623	0.0027450827	3.02770272e-08	100	100	100	0	0	1	-80	80;
	14	15	0.0013398623	0.0027450827	3.02770272e-08	100	100	100	0	0	1	-80	80;
	15	16	0.0013398623	0.0027450827	3.02770272e-08	100	100	100	0	0	1	-80	80;
	16	17	0.0013398623	0.0027450827	3.02770272e-08	100	100	100	0	0	1	-80	80;
	17	18	0.0013398623	0.0027450827	3.02770272e-08	100	100	100	0	0	1	-80	80;
	18	19	0.0013398623	0.0027450827	3.02770272e-08	100	100	100	0	0	1	-80	80;
	19	20	0.0013398623	0.0027450827	3.02770272e-08	100	100	100	0	0	1	-80	80;
	20	21	0.0013398623	0.0027450827	3.02770272e-08	100	100	100	0	0	1	-80	80;
	21	22	0.0013398623	0.0027450827	3.02770272e-08	100	100	100	0	0	1	-80	80;
	22	23	0.0013398623	0.0027450827	3.02770272e-08	100	100	100	0	0	1	-80	80;
	23	24	0.0013398623	0.0027450827	3.02770272e-08	100	100	100	0	0	1	-80	80;
	24	25	0.0013398623	0.0027450827	3.02770272e-08	100	100	100	0	0	1	-80	80;
	25	26	0.0013398623	0.0027450827	3.02770272e-08	100	100	100	0	0	1	-80	80;
	26	27	0.0013398623	0.0027450827	3.02770272e-08	100	100	100	0	0	1	-80	80;
	27	28	0.0013398623	0.0027450827	3.02770272e-08	100	100	100	0	0	1	-80	80;
	28	29	0.0013398623	0.0027450827	3.02770272e-08	100	100	100	0	0	1	-80	80;
	1	30	0.0013398623	0.0027450827	3.02770272e-08	100	100	100	0	0	1	-80	80;
	30	31	0.0013398623	0.0027450827	3.02770272e-08	100	100	100	0	0	1	-80	80;
	31	32	0.0013398623	0.0027450827	3.02770272e-08	100	100	100	0	0	1	-80	80;
	32	33	0.0013398623	0.0027450827	3.02770272e-08	100	100	100	0	0	1	-80	80;
	33	34	0.0013398623	0.0027450827	3.02770272e-08	100	100	100	0	0	1	-80	80;
	34	35	0.0013398623	0.0027450827	3.02770272e-08	100	100	100	0	0	1	-80	80;
	35	36	0.0013398623	0.0027450827	3.02770272e-08	100	100	100	0	0	1	-80	80;
	36	37	0.0013398623	0.0027450827	3.02770272e-08	100	100	100	0	0	1	-80	80;
	37	38	0.0013398623	0.0027450827	3.02770272e-08	100	100	100	0	0	1	-80	80;
	38	39	0.0013398623	0.0027450827	3.02770272e-08	100	100	100	0	0	1	-80	80;
	39	40	0.0013398623	0.0027450827	3.02770272e-08	100	100	100	0	0	1	-80	80;
	40	41	0.0013398623	0.0027450827	3.02770272e-08	100	100	100	0	0	1	-80	80;
	41	42	0.0013398623	0.0027450827	3.02770272e-08	100	100	100	0	0	1	-80	80;
	42	43	0.0013398623	0.0027450827	3.02770272e-08	100	100	100	0	0	1	-80	80;
	43	44	0.0013398623	0.0027450827	3.02770272e-08	100	100	100	0	0	1	-80	80;
	44	45	0.0013398623	0.0027450827	3.02770272e-08	100	100	100	0	0	1	-80	80;
	45	46	0.0013398623	0.0027450827	3.02770272e-08	100	100	100	0	0	1	-80	80;
	46	47	0.0013398623	0.0027450827	3.02770272e-08	100	100	100	0	0	1	-80	80;
	47	48	0.0013398623	0.0027450827	3.02770272e-08	100	100	100	0	0	1	-80	80;
	48	49	0.0013398623	0.0027450827	3.02770272e-08	100	100	100	0	0	1	-80	80;
	49	50	0.0013398623	0.0027450827	3.02770272e-08	100	100	100	0	0	1	-80	80;
	50	51	0.0013398623	0.0027450827	3.02770272e-08	100	100	100	0	0	1	-80	80;
	51	52	0.0013398623	0.0027450827	3.02770272e-08	100	100	100	0	0	1	-80	80;
	52	53	0.0013398623	0.0027450827	3.02770272e-08	100	100	100	0	0	1	-80	80;
	53	54	0.0013398623	0.0027450827	3.02770272e-08	100	100	100	0	0	1	-80	80;
	54	55	0.0013398623	0.0027450827	3.02770272e-08	100	100	100	0	0	1	-80	80;
	55	56	0.0013398623	0.0027450827	3.02770272e-08	100	100	100	0	0	1	-80	80;
	56	57	0.0013398623	0.0027450827	3.02770272e-08	100	100	100	0	0	1	-80	80;
	57	58	0.0013398623	0.0027450827	3.02770272e-08	100	100	100	0	0	1	-80	80;
	58	59	0.0013398623	0.0027450827	3.02770272e-08	100	100	100	0	0	1	-80	80;
