function mpc = case_ieee123_storage_929
%CASE_IEEE123_STORAGE_929

%% MATPOWER Case Format : Version 2
mpc.version = '2';

%%-----  Power Flow Data  -----%%
%% system MVA base
mpc.baseMVA = 1;

%% bus data
%	bus_i	type	Pd	Qd	Gs	Bs	area	Vm	Va	baseKV	zone	Vmax	Vmin
mpc.bus = [
	1	3	-0.00056	-0.00028	0	0	1	1	0	4.16	1	1.2	0.8;
	2	1	0.002007	0.0010035	0	0	1	1	0	4.16	1	1.2	0.8;
	3	1	0.000618	0.000309	0	0	1	1	0	4.16	1	1.2	0.8;
	4	1	0.000268	0.000134	0	0	1	1	0	4.16	1	1.2	0.8;
	5	1	-0.000313	-0.0001565	0	0	1	1	0	4.16	1	1.2	0.8;
	6	1	1e-10	5e-11	0	0	1	1	0	4.16	1	1.2	0.8;
	7	1	1e-10	5e-11	0	0	1	1	0	4.16	1	1.2	0.8;
	8	1	-0.000252	-0.000126	0	0	1	1	0	4.16	1	1.2	0.8;
	9	1	0.000967	0.0004835	0	0	1	1	0	4.16	1	1.2	0.8;
	10	1	-0.000625	-0.0003125	0	0	1	1	0	4.16	1	1.2	0.8;
	11	1	1e-10	5e-11	0	0	1	1	0	4.16	1	1.2	0.8;
	12	1	0.001093	0.0005465	0	0	1	1	0	4.16	1	1.2	0.8;
	13	1	-0.000492	-0.000246	0	0	1	1	0	4.16	1	1.2	0.8;
	14	1	0.000673	0.0003365	0	0	1	1	0	4.16	1	1.2	0.8;
	15	1	-0.000443	-0.0002215	0	0	1	1	0	4.16	1	1.2	0.8;
	16	1	1e-10	5e-11	0	0	1	1	0	4.16	1	1.2	0.8;
	17	1	-0.000686	-0.000343	0	0	1	1	0	4.16	1	1.2	0.8;
	18	1	-0.000714	-0.000357	0	0	1	1	0	4.16	1	1.2	0.8;
	19	1	-0.000477	-0.0002385	0	0	1	1	0	4.16	1	1.2	0.8;
	20	1	-0.000603	-0.0003015	0	0	1	1	0	4.16	1	1.2	0.8;
	21	1	0.000343	0.0001715	0	0	1	1	0	4.16	1	1.2	0.8;
	22	1	0.000284	0.000142	0	0	1	1	0	4.16	1	1.2	0.8;
	23	1	-0.000353	-0.0001765	0	0	1	1	0	4.16	1	1.2	0.8;
	24	1	5.6e-05	2.8e-05	0	0	1	1	0	4.16	1	1.2	0.8;
	25	1	-1e-06	-5e-07	0	0	1	1	0	4.16	1	1.2	0.8;
	26	1	0.00025	0.000125	0	0	1	1	0	4.16	1	1.2	0.8;
	27	1	-0.000374	-0.000187	0	0	1	1	0	4.16	1	1.2	0.8;
	28	1	-5e-05	-2.5e-05	0	0	1	1	0	4.16	1	1.2	0.8;
	29	1	1e-10	5e-11	0	0	1	1	0	4.16	1	1.2	0.8;
	30	1	-0.000335	-0.0001675	0	0	1	1	0	4.16	1	1.2	0.8;
	31	1	0.000248	0.000124	0	0	1	1	0	4.16	1	1.2	0.8;
	32	1	0.000371	0.0001855	0	0	1	1	0	4.16	1	1.2	0.8;
	33	1	0.001989	0.0009945	0	0	1	1	0	4.16	1	1.2	0.8;
	34	1	0.000275	0.0001375	0	0	1	1	0	4.16	1	1.2	0.8;
	35	1	0.000254	0.000127	0	0	1	1	0	4.16	1	1.2	0.8;
	36	1	1e-10	5e-11	0	0	1	1	0	4.16	1	1.2	0.8;
	37	1	0.00029	0.000145	0	0	1	1	0	4.16	1	1.2	0.8;
	38	1	-0.000502	-0.000251	0	0	1	1	0	4.16	1	1.2	0.8;
	39	1	0.001809	0.0009045	0	0	1	1	0	4.16	1	1.2	0.8;
	40	1	9e-06	4.5e-06	0	0	1	1	0	4.16	1	1.2	0.8;
	41	1	-0.000473	-0.0002365	0	0	1	1	0	4.16	1	1.2	0.8;
	42	1	-0.000275	-0.0001375	0	0	1	1	0	4.16	1	1.2	0.8;
	43	1	0.000185	9.25e-05	0	0	1	1	0	4.16	1	1.2	0.8;
	44	1	0.002149	0.0010745	0	0	1	1	0	4.16	1	1.2	0.8;
	45	1	0.003402	0.001701	0	0	1	1	0	4.16	1	1.2	0.8;
	46	1	0.00239	0.001195	0	0	1	1	0	4.16	1	1.2	0.8;
	47	1	0.000351	0.0001755	0	0	1	1	0	4.16	1	1.2	0.8;
	48	1	0.001633	0.0008165	0	0	1	1	0	4.16	1	1.2	0.8;
	49	1	-0.000422	-0.000211	0	0	1	1	0	4.16	1	1.2	0.8;
	50	1	3.2e-05	1.6e-05	0	0	1	1	0	4.16	1	1.2	0.8;
	51	1	1e-10	5e-11	0	0	1	1	0	4.16	1	1.2	0.8;
	52	1	-0.000694	-0.000347	0	0	1	1	0	4.16	1	1.2	0.8;
	53	1	0.000633	0.0003165	0	0	1	1	0	4.16	1	1.2	0.8;
	54	1	-0.000233	-0.0001165	0	0	1	1	0	4.16	1	1.2	0.8;
	55	1	1.4e-05	7e-06	0	0	1	1	0	4.16	1	1.2	0.8;
	56	1	0.00017	8.5e-05	0	0	1	1	0	4.16	1	1.2	0.8;
	57	1	-0.000258	-0.000129	0	0	1	1	0	4.16	1	1.2	0.8;
	58	1	0.005308	0.002654	0	0	1	1	0	4.16	1	1.2	0.8;
	59	1	-0.000514	-0.000257	0	0	1	1	0	4.16	1	1.2	0.8;
	60	1	6.4e-05	3.2e-05	0	0	1	1	0	4.16	1	1.2	0.8;
	61	1	-0.000804	-0.000402	0	0	1	1	0	4.16	1	1.2	0.8;
	62	1	0.002329	0.0011645	0	0	1	1	0	4.16	1	1.2	0.8;
	63	1	-0.000446	-0.000223	0	0	1	1	0	4.16	1	1.2	0.8;
	64	1	0.003761	0.0018805	0	0	1	1	0	4.16	1	1.2	0.8;
	65	1	-1e-05	-5e-06	0	0	1	1	0	4.16	1	1.2	0.8;
	66	1	0.00034	0.00017	0	0	1	1	0	4.16	1	1.2	0.8;
	67	1	0.001599	0.0007995	0	0	1	1	0	4.16	1	1.2	0.8;
	68	1	-0.000104	-5.2e-05	0	0	1	1	0	4.16	1	1.2	0.8;
	69	1	1e-10	5e-11	0	0	1	1	0	4.16	1	1.2	0.8;
	70	1	2e-06	1e-06	0	0	1	1	0	4.16	1	1.2	0.8;
	71	1	-0.000584	-0.000292	0	0	1	1	0	4.16	1	1.2	0.8;
	72	1	-0.000398	-0.000199	0	0	1	1	0	4.16	1	1.2	0.8;
	73	1	0.002074	0.001037	0	0	1	1	0	4.16	1	1.2	0.8;
	74	1	-0.000538	-0.000269	0	0	1	1	0	4.16	1	1.2	0.8;
	75	1	-0.000325	-0.0001625	0	0	1	1	0	4.16	1	1.2	0.8;
	76	1	0.000334	0.000167	0	0	1	1	0	4.16	1	1.2	0.8;
	77	1	1.4e-05	7e-06	0	0	1	1	0	4.16	1	1.2	0.8;
	78	1	0.001764	0.000882	0	0	1	1	0	4.16	1	1.2	0.8;
	79	1	0.001314	0.000657	0	0	1	1	0	4.16	1	1.2	0.8;
	80	1	0.005303	0.0026515	0	0	1	1	0	4.16	1	1.2	0.8;
	81	1	-0.000391	-0.0001955	0	0	1	1	0	4.16	1	1.2	0.8;
	82	1	-7e-06	-3.5e-06	0	0	1	1	0	4.16	1	1.2	0.8;
	83	1	0.000425	0.0002125	0	0	1	1	0	4.16	1	1.2	0.8;
	84	1	0.000414	0.000207	0	0	1	1	0	4.16	1	1.2	0.8;
	85	1	-0.001385	-0.0006925	0	0	1	1	0	4.16	1	1.2	0.8;
	86	1	-5.1e-05	-2.55e-05	0	0	1	1	0	4.16	1	1.2	0.8;
	87	1	-0.000645	-0.0003225	0	0	1	1	0	4.16	1	1.2	0.8;
	88	1	-0.000526	-0.000263	0	0	1	1	0	4.16	1	1.2	0.8;
	89	1	1e-10	5e-11	0	0	1	1	0	4.16	1	1.2	0.8;
	90	1	0.000784	0.000392	0	0	1	1	0	4.16	1	1.2	0.8;
	91	1	0.002071	0.0010355	0	0	1	1	0	4.16	1	1.2	0.8;
	92	1	0.002062	0.001031	0	0	1	1	0	4.16	1	1.2	0.8;
	93	1	0.000847	0.0004235	0	0	1	1	0	4.16	1	1.2	0.8;
	94	1	0.001044	0.000522	0	0	1	1	0	4.16	1	1.2	0.8;
	95	1	0.000465	0.0002325	0	0	1	1	0	4.16	1	1.2	0.8;
	96	1	0.000456	0.000228	0	0	1	1	0	4.16	1	1.2	0.8;
	97	1	0.000475	0.0002375	0	0	1	1	0	4.16	1	1.2	0.8;
	98	1	0.002705	0.0013525	0	0	1	1	0	4.16	1	1.2	0.8;
	99	1	0.00018	9e-05	0	0	1	1	0	4.16	1	1.2	0.8;
	100	1	0.000652	0.000326	0	0	1	1	0	4.16	1	1.2	0.8;
	101	1	0.00026	0.00013	0	0	1	1	0	4.16	1	1.2	0.8;
	102	1	0.000275	0.0001375	0	0	1	1	0	4.16	1	1.2	0.8;
	103	1	0.000727	0.0003635	0	0	1	1	0	4.16	1	1.2	0.8;
	104	1	-0.000239	-0.0001195	0	0	1	1	0	4.16	1	1.2	0.8;
	105	1	0.002537	0.0012685	0	0	1	1	0	4.16	1	1.2	0.8;
	106	1	1e-10	5e-11	0	0	1	1	0	4.16	1	1.2	0.8;
	107	1	1e-10	5e-11	0	0	1	1	0	4.16	1	1.2	0.8;
	108	1	0.000342	0.000171	0	0	1	1	0	4.16	1	1.2	0.8;
	109	1	-0.000235	-0.0001175	0	0	1	1	0	4.16	1	1.2	0.8;
];

%% generator data
%	bus	Pg	Qg	Qmax	Qmin	Vg	mBase	status	Pmax	Pmin	Pc1	Pc2	Qc1min	Qc1max	Qc2min	Qc2max	ramp_agc	ramp_10	ramp_30	ramp_q	apf
mpc.gen = [
	1	17.068	0	200	-200	1	1	1	200	-200	0	0	0	0	0	0	10	0	0	0	0;
];

%% branch data
%	fbus	tbus	r	x	b	rateA	rateB	rateC	ratio	angle	status	angmin	angmax
