function mpc = case_ieee123_storage_1050
%CASE_IEEE123_STORAGE_1050

%% MATPOWER Case Format : Version 2
mpc.version = '2';

%%-----  Power Flow Data  -----%%
%% system MVA base
mpc.baseMVA = 1;

%% bus data
%	bus_i	type	Pd	Qd	Gs	Bs	area	Vm	Va	baseKV	zone	Vmax	Vmin
mpc.bus = [
	1	3	-0.002498	-0.001249	0	0	1	1	0	4.16	1	1.2	0.8;
	2	1	0.003928	0.001964	0	0	1	1	0	4.16	1	1.2	0.8;
	3	1	0.000393	0.0001965	0	0	1	1	0	4.16	1	1.2	0.8;
	4	1	-0.00034	-0.00017	0	0	1	1	0	4.16	1	1.2	0.8;
	5	1	-0.001485	-0.0007425	0	0	1	1	0	4.16	1	1.2	0.8;
	6	1	1e-10	5e-11	0	0	1	1	0	4.16	1	1.2	0.8;
	7	1	1e-10	5e-11	0	0	1	1	0	4.16	1	1.2	0.8;
	8	1	-0.002395	-0.0011975	0	0	1	1	0	4.16	1	1.2	0.8;
	9	1	-0.003085	-0.0015425	0	0	1	1	0	4.16	1	1.2	0.8;
	10	1	-0.001715	-0.0008575	0	0	1	1	0	4.16	1	1.2	0.8;
	11	1	-0.001853	-0.0009265	0	0	1	1	0	4.16	1	1.2	0.8;
	12	1	-0.001691	-0.0008455	0	0	1	1	0	4.16	1	1.2	0.8;
	13	1	-0.001738	-0.000869	0	0	1	1	0	4.16	1	1.2	0.8;
	14	1	1e-10	5e-11	0	0	1	1	0	4.16	1	1.2	0.8;
	15	1	-0.001363	-0.0006815	0	0	1	1	0	4.16	1	1.2	0.8;
	16	1	-0.002092	-0.001046	0	0	1	1	0	4.16	1	1.2	0.8;
	17	1	-0.001493	-0.0007465	0	0	1	1	0	4.16	1	1.2	0.8;
	18	1	-0.001397	-0.0006985	0	0	1	1	0	4.16	1	1.2	0.8;
	19	1	-0.002274	-0.001137	0	0	1	1	0	4.16	1	1.2	0.8;
	20	1	-0.000381	-0.0001905	0	0	1	1	0	4.16	1	1.2	0.8;
	21	1	-0.001967	-0.0009835	0	0	1	1	0	4.16	1	1.2	0.8;
	22	1	-0.000777	-0.0003885	0	0	1	1	0	4.16	1	1.2	0.8;
	23	1	-0.001611	-0.0008055	0	0	1	1	0	4.16	1	1.2	0.8;
	24	1	0.000682	0.000341	0	0	1	1	0	4.16	1	1.2	0.8;
	25	1	-0.00113	-0.000565	0	0	1	1	0	4.16	1	1.2	0.8;
	26	1	0.000256	0.000128	0	0	1	1	0	4.16	1	1.2	0.8;
	27	1	-0.001198	-0.000599	0	0	1	1	0	4.16	1	1.2	0.8;
	28	1	-1e-05	-5e-06	0	0	1	1	0	4.16	1	1.2	0.8;
	29	1	-0.002163	-0.0010815	0	0	1	1	0	4.16	1	1.2	0.8;
	30	1	0.001138	0.000569	0	0	1	1	0	4.16	1	1.2	0.8;
	31	1	-0.000778	-0.000389	0	0	1	1	0	4.16	1	1.2	0.8;
	32	1	-0.001465	-0.0007325	0	0	1	1	0	4.16	1	1.2	0.8;
	33	1	-0.001304	-0.000652	0	0	1	1	0	4.16	1	1.2	0.8;
	34	1	-0.002732	-0.001366	0	0	1	1	0	4.16	1	1.2	0.8;
	35	1	-0.001351	-0.0006755	0	0	1	1	0	4.16	1	1.2	0.8;
	36	1	-0.001229	-0.0006145	0	0	1	1	0	4.16	1	1.2	0.8;
	37	1	-0.000428	-0.000214	0	0	1	1	0	4.16	1	1.2	0.8;
	38	1	-0.001943	-0.0009715	0	0	1	1	0	4.16	1	1.2	0.8;
	39	1	-0.002268	-0.001134	0	0	1	1	0	4.16	1	1.2	0.8;
	40	1	-0.000997	-0.0004985	0	0	1	1	0	4.16	1	1.2	0.8;
	41	1	-0.002341	-0.0011705	0	0	1	1	0	4.16	1	1.2	0.8;
	42	1	-0.002247	-0.0011235	0	0	1	1	0	4.16	1	1.2	0.8;
	43	1	-0.002239	-0.0011195	0	0	1	1	0	4.16	1	1.2	0.8;
	44	1	-0.000893	-0.0004465	0	0	1	1	0	4.16	1	1.2	0.8;
	45	1	1e-10	5e-11	0	0	1	1	0	4.16	1	1.2	0.8;
	46	1	0.001272	0.000636	0	0	1	1	0	4.16	1	1.2	0.8;
	47	1	1e-10	5e-11	0	0	1	1	0	4.16	1	1.2	0.8;
	48	1	1e-10	5e-11	0	0	1	1	0	4.16	1	1.2	0.8;
	49	1	0.001021	0.0005105	0	0	1	1	0	4.16	1	1.2	0.8;
	50	1	-0.001864	-0.000932	0	0	1	1	0	4.16	1	1.2	0.8;
	51	1	1e-10	5e-11	0	0	1	1	0	4.16	1	1.2	0.8;
	52	1	1e-10	5e-11	0	0	1	1	0	4.16	1	1.2	0.8;
	53	1	-0.001334	-0.000667	0	0	1	1	0	4.16	1	1.2	0.8;
	54	1	1e-10	5e-11	0	0	1	1	0	4.16	1	1.2	0.8;
	55	1	1e-10	5e-11	0	0	1	1	0	4.16	1	1.2	0.8;
	56	1	0.005267	0.0026335	0	0	1	1	0	4.16	1	1.2	0.8;
	57	1	1e-10	5e-11	0	0	1	1	0	4.16	1	1.2	0.8;
	58	1	1e-10	5e-11	0	0	1	1	0	4.16	1	1.2	0.8;
	59	1	6.5e-05	3.25e-05	0	0	1	1	0	4.16	1	1.2	0.8;
	60	1	-0.002748	-0.001374	0	0	1	1	0	4.16	1	1.2	0.8;
];

%% generator data
%	bus	Pg	Qg	Qmax	Qmin	Vg	mBase	status	Pmax	Pmin	Pc1	Pc2	Qc1min	Qc1max	Qc2min	Qc2max	ramp_agc	ramp_10	ramp_30	ramp_q	apf
mpc.gen = [
	1	-0.0487949988	0	200	-200	1	1	1	200	-200	0	0	0	0	0	0	10	0	0	0	0;
];

%% branch data
%	fbus	tbus	r	x	b	rateA	rateB	rateC	ratio	angle	status	angmin	angmax
mpc.branch = [
	1	2	0.0013398623	0.0027450827	3.02770272e-08	100	100	100	0	0	1	-80	80;
	1	2	0.0013398623	0.0027450827	3.02770272e-08	100	100	100	0	0	1	-80	80;
	2	3	0.0013398623	0.0027450827	3.02770272e-08	100	100	100	0	0	1	-80	80;
	3	4	0.0013398623	0.0027450827	3.02770272e-08	100	100	100	0	0	1	-80	80;
	4	5	0.0013398623	0.0027450827	3.02770272e-08	100	100	100	0	0	1	-80	80;
	5	6	0.0013398623	0.0027450827	3.02770272e-08	100	100	100	0	0	1	-80	80;
	6	7	0.0013398623	0.0027450827	3.02770272e-08	100	100	100	0	0	1	-80	80;
	7	8	0.0013398623	0.0027450827	3.02770272e-08	100	100	100	0	0	1	-80	80;
	8	9	0.0013398623	0.0027450827	3.02770272e-08	100	100	100	0	0	1	-80	80;
	9	10	0.0013398623	0.0027450827	3.02770272e-08	100	100	100	0	0	1	-80	80;
	10	11	0.0013398623	0.0027450827	3.02770272e-08	100	100	100	0	0	1	-80	80;
	11	12	0.0013398623	0.0027450827	3.02770272e-08	100	100	100	0	0	1	-80	80;
	12	13	0.0013398623	0.0027450827	3.02770272e-08	100	100	100	0	0	1	-80	80;
	13	14	0.0013398623	0.0027450827	3.02770272e-08	100	100	100	0	0	1	-80	80;
	14	15	0.0013398623	0.0027450827	3.02770272e-08	100	100	100	0	0	1	-80	80;
	15	16	0.0013398623	0.0027450827	3.02770272e-08	100	100	100	0	0	1	-80	80;
	16	17	0.0013398623	0.0027450827	3.02770272e-08	100	100	100	0	0	1	-80	80;
	17	18	0.0013398623	0.0027450827	3.02770272e-08	100	100	100	0	0	1	-80	80;
	18	19	0.0013398623	0.0027450827	3.02770272e-08	100	100	100	0	0	1	-80	80;
	19	20	0.0013398623	0.0027450827	3.02770272e-08	100	100	100	0	0	1	-80	80;
	20	21	0.0013398623	0.0027450827	3.02770272e-08	100	100	100	0	0	1	-80	80;
	21	22	0.0013398623	0.0027450827	3.02770272e-08	100	100	100	0	0	1	-80	80;
	22	23	0.0013398623	0.0027450827	3.02770272e-08	100	100	100	0	0	1	-80	80;
	23	24	0.0013398623	0.0027450827	3.02770272e-08	100	100	100	0	0	1	-80	80;
	24	25	0.0013398623	0.0027450827	3.02770272e-08	100	100	100	0	0	1	-80	80;
	25	26	0.0013398623	0.0027450827	3.02770272e-08	100	100	100	0	0	1	-80	80;
	26	27	0.0013398623	0.0027450827	3.02770272e-08	100	100	100	0	0	1	-80	80;
	27	28	0.0013398623	0.0027450827	3.02770272e-08	100	100	100	0	0	1	-80	80;
	28	29	0.0013398623	0.0027450827	3.02770272e-08	100	100	100	0	0	1	-80	80;
	1	30	0.0013398623	0.0027450827	3.02770272e-08	100	100	100	0	0	1	-80	80;
	30	31	0.0013398623	0.0027450827	3.02770272e-08	100	100	100	0	0	1	-80	80;
	31	32	0.0013398623	0.0027450827	3.02770272e-08	100	100	100	0	0	1	-80	80;
	32	33	0.0013398623	0.0027450827	3.02770272e-08	100	100	100	0	0	1	-80	80;
	33	34	0.0013398623	0.0027450827	3.02770272e-08	100	100	100	0	0	1	-80	80;
	34	35	0.0013398623	0.0027450827	3.02770272e-08	100	100	100	0	0	1	-80	80;
	35	36	0.0013398623	0.0027450827	3.02770272e-08	100	100	100	0	0	1	-80	80;
	36	37	0.0013398623	0.0027450827	3.02770272e-08	100	100	100	0	0	1	-80	80;
	37	38	0.0013398623	0.0027450827	3.02770272e-08	100	100	100	0	0	1	-80	80;
	38	39	0.0013398623	0.0027450827	3.02770272e-08	100	100	100	0	0	1	-80	80;
	39	40	0.0013398623	0.0027450827	3.02770272e-08	100	100	100	0	0	1	-80	80;
	40	41	0.0013398623	0.0027450827	3.02770272e-08	100	100	100	0	0	1	-80	80;
	41	42	0.0013398623	0.0027450827	3.02770272e-08	100	100	100	0	0	1	-80	80;
	42	43	0.0013398623	0.0027450827	3.02770272e-08	100	100	100	0	0	1	-80	80;
	43	44	0.0013398623	0.0027450827	3.02770272e-08	100	100	100	0	0	1	-80	80;
	44	45	0.0013398623	0.0027450827	3.02770272e-08	100	100	100	0	0	1	-80	80;
	45	46	0.0013398623	0.0027450827	3.02770272e-08	100	100	100	0	0	1	-80	80;
	46	47	0.0013398623	0.0027450827	3.02770272e-08	100	100	100	0	0	1	-80	80;
	47	48	0.0013398623	0.0027450827	3.02770272e-08	100	100	100	0	0	1	-80	80;
	48	49	0.0013398623	0.0027450827	3.02770272e-08	100	100	100	0	0	1	-80	80;
	49	50	0.0013398623	0.0027450827	3.02770272e-08	100	100	100	0	0	1	-80	80;
	50	51	0.0013398623	0.0027450827	3.02770272e-08	100	100	100	0	0	1	-80	80;
	51	52	0.0013398623	0.0027450827	3.02770272e-08	100	100	100	0	0	1	-80	80;
	52	53	0.0013398623	0.0027450827	3.02770272e-08	100	100	100	0	0	1	-80	80;
	53	54	0.0013398623	0.0027450827	3.02770272e-08	100	100	100	0	0	1	-80	80;
	54	55	0.0013398623	0.0027450827	3.02770272e-08	100	100	100	0	0	1	-80	80;
	55	56	0.0013398623	0.0027450827	3.02770272e-08	100	100	100	0	0	1	-80	80;
	56	57	0.0013398623	0.0027450827	3.02770272e-08	100	100	100	0	0	1	-80	80;
	57	58	0.0013398623	0.0027450827	3.02770272e-08	100	100	100	0	0	1	-80	80;
	58	59	0.0013398623	0.0027450827	3.02770272e-08	100	100	100	0	0	1	-80	80;
