function mpc = case_ieee123_storage_812
%CASE_IEEE123_STORAGE_812

%% MATPOWER Case Format : Version 2
mpc.version = '2';

%%-----  Power Flow Data  -----%%
%% system MVA base
mpc.baseMVA = 1;

%% bus data
%	bus_i	type	Pd	Qd	Gs	Bs	area	Vm	Va	baseKV	zone	Vmax	Vmin
mpc.bus = [
	1	3	-0.003311	-0.0016555	0	0	1	1	0	4.16	1	1.2	0.8;
	2	1	-0.002121	-0.0010605	0	0	1	1	0	4.16	1	1.2	0.8;
	3	1	0.000742	0.000371	0	0	1	1	0	4.16	1	1.2	0.8;
	4	1	-0.002255	-0.0011275	0	0	1	1	0	4.16	1	1.2	0.8;
	5	1	-0.002386	-0.001193	0	0	1	1	0	4.16	1	1.2	0.8;
	6	1	1e-10	5e-11	0	0	1	1	0	4.16	1	1.2	0.8;
	7	1	1e-10	5e-11	0	0	1	1	0	4.16	1	1.2	0.8;
	8	1	-0.003551	-0.0017755	0	0	1	1	0	4.16	1	1.2	0.8;
	9	1	-0.007227	-0.0036135	0	0	1	1	0	4.16	1	1.2	0.8;
	10	1	-0.003573	-0.0017865	0	0	1	1	0	4.16	1	1.2	0.8;
	11	1	-0.003256	-0.001628	0	0	1	1	0	4.16	1	1.2	0.8;
	12	1	-0.004031	-0.0020155	0	0	1	1	0	4.16	1	1.2	0.8;
	13	1	-0.003151	-0.0015755	0	0	1	1	0	4.16	1	1.2	0.8;
	14	1	1e-10	5e-11	0	0	1	1	0	4.16	1	1.2	0.8;
	15	1	-0.003493	-0.0017465	0	0	1	1	0	4.16	1	1.2	0.8;
	16	1	-0.003628	-0.001814	0	0	1	1	0	4.16	1	1.2	0.8;
	17	1	-0.004427	-0.0022135	0	0	1	1	0	4.16	1	1.2	0.8;
	18	1	-0.003911	-0.0019555	0	0	1	1	0	4.16	1	1.2	0.8;
	19	1	-0.002499	-0.0012495	0	0	1	1	0	4.16	1	1.2	0.8;
	20	1	-0.002876	-0.001438	0	0	1	1	0	4.16	1	1.2	0.8;
	21	1	-0.003967	-0.0019835	0	0	1	1	0	4.16	1	1.2	0.8;
	22	1	-0.002492	-0.001246	0	0	1	1	0	4.16	1	1.2	0.8;
	23	1	-0.003574	-0.001787	0	0	1	1	0	4.16	1	1.2	0.8;
	24	1	-0.003114	-0.001557	0	0	1	1	0	4.16	1	1.2	0.8;
	25	1	-0.00264	-0.00132	0	0	1	1	0	4.16	1	1.2	0.8;
	26	1	0.00021	0.000105	0	0	1	1	0	4.16	1	1.2	0.8;
	27	1	0.000438	0.000219	0	0	1	1	0	4.16	1	1.2	0.8;
	28	1	-0.001743	-0.0008715	0	0	1	1	0	4.16	1	1.2	0.8;
	29	1	-0.002107	-0.0010535	0	0	1	1	0	4.16	1	1.2	0.8;
	30	1	-0.003906	-0.001953	0	0	1	1	0	4.16	1	1.2	0.8;
	31	1	-0.004005	-0.0020025	0	0	1	1	0	4.16	1	1.2	0.8;
	32	1	-0.003577	-0.0017885	0	0	1	1	0	4.16	1	1.2	0.8;
	33	1	-0.002009	-0.0010045	0	0	1	1	0	4.16	1	1.2	0.8;
	34	1	-0.003997	-0.0019985	0	0	1	1	0	4.16	1	1.2	0.8;
	35	1	-0.003267	-0.0016335	0	0	1	1	0	4.16	1	1.2	0.8;
	36	1	-0.001622	-0.000811	0	0	1	1	0	4.16	1	1.2	0.8;
	37	1	-0.003505	-0.0017525	0	0	1	1	0	4.16	1	1.2	0.8;
	38	1	-0.004341	-0.0021705	0	0	1	1	0	4.16	1	1.2	0.8;
	39	1	-0.003222	-0.001611	0	0	1	1	0	4.16	1	1.2	0.8;
	40	1	-0.002741	-0.0013705	0	0	1	1	0	4.16	1	1.2	0.8;
	41	1	-0.006195	-0.0030975	0	0	1	1	0	4.16	1	1.2	0.8;
	42	1	-0.003038	-0.001519	0	0	1	1	0	4.16	1	1.2	0.8;
	43	1	-0.004061	-0.0020305	0	0	1	1	0	4.16	1	1.2	0.8;
	44	1	-0.003997	-0.0019985	0	0	1	1	0	4.16	1	1.2	0.8;
	45	1	1e-10	5e-11	0	0	1	1	0	4.16	1	1.2	0.8;
	46	1	-0.000122	-6.1e-05	0	0	1	1	0	4.16	1	1.2	0.8;
	47	1	1e-10	5e-11	0	0	1	1	0	4.16	1	1.2	0.8;
	48	1	1e-10	5e-11	0	0	1	1	0	4.16	1	1.2	0.8;
	49	1	0.00064	0.00032	0	0	1	1	0	4.16	1	1.2	0.8;
	50	1	-0.004265	-0.0021325	0	0	1	1	0	4.16	1	1.2	0.8;
	51	1	1e-10	5e-11	0	0	1	1	0	4.16	1	1.2	0.8;
	52	1	1e-10	5e-11	0	0	1	1	0	4.16	1	1.2	0.8;
	53	1	-0.002046	-0.001023	0	0	1	1	0	4.16	1	1.2	0.8;
	54	1	1e-10	5e-11	0	0	1	1	0	4.16	1	1.2	0.8;
	55	1	1e-10	5e-11	0	0	1	1	0	4.16	1	1.2	0.8;
	56	1	-0.003466	-0.001733	0	0	1	1	0	4.16	1	1.2	0.8;
	57	1	1e-10	5e-11	0	0	1	1	0	4.16	1	1.2	0.8;
	58	1	1e-10	5e-11	0	0	1	1	0	4.16	1	1.2	0.8;
	59	1	0.000193	9.65e-05	0	0	1	1	0	4.16	1	1.2	0.8;
	60	1	-0.003658	-0.001829	0	0	1	1	0	4.16	1	1.2	0.8;
];

%% generator data
%	bus	Pg	Qg	Qmax	Qmin	Vg	mBase	status	Pmax	Pmin	Pc1	Pc2	Qc1min	Qc1max	Qc2min	Qc2max	ramp_agc	ramp_10	ramp_30	ramp_q	apf
mpc.gen = [
	1	-0.140149999	0	200	-200	1	1	1	200	-200	0	0	0	0	0	0	10	0	0	0	0;
];

%% branch data
%	fbus	tbus	r	x	b	rateA	rateB	rateC	ratio	angle	status	angmin	angmax
mpc.branch = [
	1	2	0.0013398623	0.0027450827	3.02770272e-08	100	100	100	0	0	1	-80	80;
	1	2	0.0013398623	0.0027450827	3.02770272e-08	100	100	100	0	0	1	-80	80;
	2	3	0.0013398623	0.0027450827	3.02770272e-08	100	100	100	0	0	1	-80	80;
	3	4	0.0013398623	0.0027450827	3.02770272e-08	100	100	100	0	0	1	-80	80;
	4	5	0.0013398623	0.0027450827	3.02770272e-08	100	100	100	0	0	1	-80	80;
	5	6	0.0013398623	0.0027450827	3.02770272e-08	100	100	100	0	0	1	-80	80;
	6	7	0.0013398623	0.0027450827	3.02770272e-08	100	100	100	0	0	1	-80	80;
	7	8	0.0013398623	0.0027450827	3.02770272e-08	100	100	100	0	0	1	-80	80;
	8	9	0.0013398623	0.0027450827	3.02770272e-08	100	100	100	0	0	1	-80	80;
	9	10	0.0013398623	0.0027450827	3.02770272e-08	100	100	100	0	0	1	-80	80;
	10	11	0.0013398623	0.0027450827	3.02770272e-08	100	100	100	0	0	1	-80	80;
	11	12	0.0013398623	0.0027450827	3.02770272e-08	100	100	100	0	0	1	-80	80;
	12	13	0.0013398623	0.0027450827	3.02770272e-08	100	100	100	0	0	1	-80	80;
	13	14	0.0013398623	0.0027450827	3.02770272e-08	100	100	100	0	0	1	-80	80;
	14	15	0.0013398623	0.0027450827	3.02770272e-08	100	100	100	0	0	1	-80	80;
	15	16	0.0013398623	0.0027450827	3.02770272e-08	100	100	100	0	0	1	-80	80;
	16	17	0.0013398623	0.0027450827	3.02770272e-08	100	100	100	0	0	1	-80	80;
	17	18	0.0013398623	0.0027450827	3.02770272e-08	100	100	100	0	0	1	-80	80;
	18	19	0.0013398623	0.0027450827	3.02770272e-08	100	100	100	0	0	1	-80	80;
	19	20	0.0013398623	0.0027450827	3.02770272e-08	100	100	100	0	0	1	-80	80;
	20	21	0.0013398623	0.0027450827	3.02770272e-08	100	100	100	0	0	1	-80	80;
	21	22	0.0013398623	0.0027450827	3.02770272e-08	100	100	100	0	0	1	-80	80;
	22	23	0.0013398623	0.0027450827	3.02770272e-08	100	100	100	0	0	1	-80	80;
	23	24	0.0013398623	0.0027450827	3.02770272e-08	100	100	100	0	0	1	-80	80;
	24	25	0.0013398623	0.0027450827	3.02770272e-08	100	100	100	0	0	1	-80	80;
	25	26	0.0013398623	0.0027450827	3.02770272e-08	100	100	100	0	0	1	-80	80;
	26	27	0.0013398623	0.0027450827	3.02770272e-08	100	100	100	0	0	1	-80	80;
	27	28	0.0013398623	0.0027450827	3.02770272e-08	100	100	100	0	0	1	-80	80;
	28	29	0.0013398623	0.0027450827	3.02770272e-08	100	100	100	0	0	1	-80	80;
	1	30	0.0013398623	0.0027450827	3.02770272e-08	100	100	100	0	0	1	-80	80;
	30	31	0.0013398623	0.0027450827	3.02770272e-08	100	100	100	0	0	1	-80	80;
	31	32	0.0013398623	0.0027450827	3.02770272e-08	100	100	100	0	0	1	-80	80;
	32	33	0.0013398623	0.0027450827	3.02770272e-08	100	100	100	0	0	1	-80	80;
	33	34	0.0013398623	0.0027450827	3.02770272e-08	100	100	100	0	0	1	-80	80;
	34	35	0.0013398623	0.0027450827	3.02770272e-08	100	100	100	0	0	1	-80	80;
	35	36	0.0013398623	0.0027450827	3.02770272e-08	100	100	100	0	0	1	-80	80;
	36	37	0.0013398623	0.0027450827	3.02770272e-08	100	100	100	0	0	1	-80	80;
	37	38	0.0013398623	0.0027450827	3.02770272e-08	100	100	100	0	0	1	-80	80;
	38	39	0.0013398623	0.0027450827	3.02770272e-08	100	100	100	0	0	1	-80	80;
	39	40	0.0013398623	0.0027450827	3.02770272e-08	100	100	100	0	0	1	-80	80;
	40	41	0.0013398623	0.0027450827	3.02770272e-08	100	100	100	0	0	1	-80	80;
	41	42	0.0013398623	0.0027450827	3.02770272e-08	100	100	100	0	0	1	-80	80;
	42	43	0.0013398623	0.0027450827	3.02770272e-08	100	100	100	0	0	1	-80	80;
	43	44	0.0013398623	0.0027450827	3.02770272e-08	100	100	100	0	0	1	-80	80;
	44	45	0.0013398623	0.0027450827	3.02770272e-08	100	100	100	0	0	1	-80	80;
	45	46	0.0013398623	0.0027450827	3.02770272e-08	100	100	100	0	0	1	-80	80;
	46	47	0.0013398623	0.0027450827	3.02770272e-08	100	100	100	0	0	1	-80	80;
	47	48	0.0013398623	0.0027450827	3.02770272e-08	100	100	100	0	0	1	-80	80;
	48	49	0.0013398623	0.0027450827	3.02770272e-08	100	100	100	0	0	1	-80	80;
	49	50	0.0013398623	0.0027450827	3.02770272e-08	100	100	100	0	0	1	-80	80;
	50	51	0.0013398623	0.0027450827	3.02770272e-08	100	100	100	0	0	1	-80	80;
	51	52	0.0013398623	0.0027450827	3.02770272e-08	100	100	100	0	0	1	-80	80;
	52	53	0.0013398623	0.0027450827	3.02770272e-08	100	100	100	0	0	1	-80	80;
	53	54	0.0013398623	0.0027450827	3.02770272e-08	100	100	100	0	0	1	-80	80;
	54	55	0.0013398623	0.0027450827	3.02770272e-08	100	100	100	0	0	1	-80	80;
	55	56	0.0013398623	0.0027450827	3.02770272e-08	100	100	100	0	0	1	-80	80;
	56	57	0.0013398623	0.0027450827	3.02770272e-08	100	100	100	0	0	1	-80	80;
	57	58	0.0013398623	0.0027450827	3.02770272e-08	100	100	100	0	0	1	-80	80;
	58	59	0.0013398623	0.0027450827	3.02770272e-08	100	100	100	0	0	1	-80	80;
