function mpc = case_ieee123_storage_972
%CASE_IEEE123_STORAGE_972

%% MATPOWER Case Format : Version 2
mpc.version = '2';

%%-----  Power Flow Data  -----%%
%% system MVA base
mpc.baseMVA = 1;

%% bus data
%	bus_i	type	Pd	Qd	Gs	Bs	area	Vm	Va	baseKV	zone	Vmax	Vmin
mpc.bus = [
	1	3	-0.003731	-0.0018655	0	0	1	1	0	4.16	1	1.2	0.8;
	2	1	0.001876	0.000938	0	0	1	1	0	4.16	1	1.2	0.8;
	3	1	0.000233	0.0001165	0	0	1	1	0	4.16	1	1.2	0.8;
	4	1	-0.001928	-0.000964	0	0	1	1	0	4.16	1	1.2	0.8;
	5	1	-0.002133	-0.0010665	0	0	1	1	0	4.16	1	1.2	0.8;
	6	1	1e-10	5e-11	0	0	1	1	0	4.16	1	1.2	0.8;
	7	1	1e-10	5e-11	0	0	1	1	0	4.16	1	1.2	0.8;
	8	1	-0.003323	-0.0016615	0	0	1	1	0	4.16	1	1.2	0.8;
	9	1	-0.005203	-0.0026015	0	0	1	1	0	4.16	1	1.2	0.8;
	10	1	-0.003324	-0.001662	0	0	1	1	0	4.16	1	1.2	0.8;
	11	1	0.002663	0.0013315	0	0	1	1	0	4.16	1	1.2	0.8;
	12	1	-0.003542	-0.001771	0	0	1	1	0	4.16	1	1.2	0.8;
	13	1	-0.002858	-0.001429	0	0	1	1	0	4.16	1	1.2	0.8;
	14	1	1e-10	5e-11	0	0	1	1	0	4.16	1	1.2	0.8;
	15	1	-0.003439	-0.0017195	0	0	1	1	0	4.16	1	1.2	0.8;
	16	1	-0.003756	-0.001878	0	0	1	1	0	4.16	1	1.2	0.8;
	17	1	-0.003129	-0.0015645	0	0	1	1	0	4.16	1	1.2	0.8;
	18	1	-0.003223	-0.0016115	0	0	1	1	0	4.16	1	1.2	0.8;
	19	1	-0.002626	-0.001313	0	0	1	1	0	4.16	1	1.2	0.8;
	20	1	-0.00213	-0.001065	0	0	1	1	0	4.16	1	1.2	0.8;
	21	1	-0.003241	-0.0016205	0	0	1	1	0	4.16	1	1.2	0.8;
	22	1	-0.002271	-0.0011355	0	0	1	1	0	4.16	1	1.2	0.8;
	23	1	-0.002773	-0.0013865	0	0	1	1	0	4.16	1	1.2	0.8;
	24	1	-0.002977	-0.0014885	0	0	1	1	0	4.16	1	1.2	0.8;
	25	1	-0.002107	-0.0010535	0	0	1	1	0	4.16	1	1.2	0.8;
	26	1	0.000183	9.15e-05	0	0	1	1	0	4.16	1	1.2	0.8;
	27	1	-0.002148	-0.001074	0	0	1	1	0	4.16	1	1.2	0.8;
	28	1	-0.000454	-0.000227	0	0	1	1	0	4.16	1	1.2	0.8;
	29	1	-0.002371	-0.0011855	0	0	1	1	0	4.16	1	1.2	0.8;
	30	1	-0.003551	-0.0017755	0	0	1	1	0	4.16	1	1.2	0.8;
	31	1	-0.003381	-0.0016905	0	0	1	1	0	4.16	1	1.2	0.8;
	32	1	-0.002803	-0.0014015	0	0	1	1	0	4.16	1	1.2	0.8;
	33	1	-0.0021	-0.00105	0	0	1	1	0	4.16	1	1.2	0.8;
	34	1	-0.004022	-0.002011	0	0	1	1	0	4.16	1	1.2	0.8;
	35	1	-0.002423	-0.0012115	0	0	1	1	0	4.16	1	1.2	0.8;
	36	1	-0.001777	-0.0008885	0	0	1	1	0	4.16	1	1.2	0.8;
	37	1	-0.002385	-0.0011925	0	0	1	1	0	4.16	1	1.2	0.8;
	38	1	-0.003248	-0.001624	0	0	1	1	0	4.16	1	1.2	0.8;
	39	1	-0.003086	-0.001543	0	0	1	1	0	4.16	1	1.2	0.8;
	40	1	-0.00254	-0.00127	0	0	1	1	0	4.16	1	1.2	0.8;
	41	1	-0.003844	-0.001922	0	0	1	1	0	4.16	1	1.2	0.8;
	42	1	-0.003493	-0.0017465	0	0	1	1	0	4.16	1	1.2	0.8;
	43	1	-0.003591	-0.0017955	0	0	1	1	0	4.16	1	1.2	0.8;
	44	1	-0.002949	-0.0014745	0	0	1	1	0	4.16	1	1.2	0.8;
	45	1	1e-10	5e-11	0	0	1	1	0	4.16	1	1.2	0.8;
	46	1	0.000249	0.0001245	0	0	1	1	0	4.16	1	1.2	0.8;
	47	1	1e-10	5e-11	0	0	1	1	0	4.16	1	1.2	0.8;
	48	1	1e-10	5e-11	0	0	1	1	0	4.16	1	1.2	0.8;
	49	1	0.000892	0.000446	0	0	1	1	0	4.16	1	1.2	0.8;
	50	1	-0.003317	-0.0016585	0	0	1	1	0	4.16	1	1.2	0.8;
	51	1	1e-10	5e-11	0	0	1	1	0	4.16	1	1.2	0.8;
	52	1	1e-10	5e-11	0	0	1	1	0	4.16	1	1.2	0.8;
	53	1	-0.001822	-0.000911	0	0	1	1	0	4.16	1	1.2	0.8;
	54	1	1e-10	5e-11	0	0	1	1	0	4.16	1	1.2	0.8;
	55	1	1e-10	5e-11	0	0	1	1	0	4.16	1	1.2	0.8;
	56	1	-0.000309	-0.0001545	0	0	1	1	0	4.16	1	1.2	0.8;
	57	1	1e-10	5e-11	0	0	1	1	0	4.16	1	1.2	0.8;
	58	1	1e-10	5e-11	0	0	1	1	0	4.16	1	1.2	0.8;
	59	1	0.000201	0.0001005	0	0	1	1	0	4.16	1	1.2	0.8;
	60	1	-0.00381	-0.001905	0	0	1	1	0	4.16	1	1.2	0.8;
];

%% generator data
%	bus	Pg	Qg	Qmax	Qmin	Vg	mBase	status	Pmax	Pmin	Pc1	Pc2	Qc1min	Qc1max	Qc2min	Qc2max	ramp_agc	ramp_10	ramp_30	ramp_q	apf
mpc.gen = [
	1	-0.110840999	0	200	-200	1	1	1	200	-200	0	0	0	0	0	0	10	0	0	0	0;
];

%% branch data
%	fbus	tbus	r	x	b	rateA	rateB	rateC	ratio	angle	status	angmin	angmax
mpc.branch = [
	1	2	0.0013398623	0.0027450827	3.02770272e-08	100	100	100	0	0	1	-80	80;
	1	2	0.0013398623	0.0027450827	3.02770272e-08	100	100	100	0	0	1	-80	80;
	2	3	0.0013398623	0.0027450827	3.02770272e-08	100	100	100	0	0	1	-80	80;
	3	4	0.0013398623	0.0027450827	3.02770272e-08	100	100	100	0	0	1	-80	80;
	4	5	0.0013398623	0.0027450827	3.02770272e-08	100	100	100	0	0	1	-80	80;
	5	6	0.0013398623	0.0027450827	3.02770272e-08	100	100	100	0	0	1	-80	80;
	6	7	0.0013398623	0.0027450827	3.02770272e-08	100	100	100	0	0	1	-80	80;
	7	8	0.0013398623	0.0027450827	3.02770272e-08	100	100	100	0	0	1	-80	80;
	8	9	0.0013398623	0.0027450827	3.02770272e-08	100	100	100	0	0	1	-80	80;
	9	10	0.0013398623	0.0027450827	3.02770272e-08	100	100	100	0	0	1	-80	80;
	10	11	0.0013398623	0.0027450827	3.02770272e-08	100	100	100	0	0	1	-80	80;
	11	12	0.0013398623	0.0027450827	3.02770272e-08	100	100	100	0	0	1	-80	80;
	12	13	0.0013398623	0.0027450827	3.02770272e-08	100	100	100	0	0	1	-80	80;
	13	14	0.0013398623	0.0027450827	3.02770272e-08	100	100	100	0	0	1	-80	80;
	14	15	0.0013398623	0.0027450827	3.02770272e-08	100	100	100	0	0	1	-80	80;
	15	16	0.0013398623	0.0027450827	3.02770272e-08	100	100	100	0	0	1	-80	80;
	16	17	0.0013398623	0.0027450827	3.02770272e-08	100	100	100	0	0	1	-80	80;
	17	18	0.0013398623	0.0027450827	3.02770272e-08	100	100	100	0	0	1	-80	80;
	18	19	0.0013398623	0.0027450827	3.02770272e-08	100	100	100	0	0	1	-80	80;
	19	20	0.0013398623	0.0027450827	3.02770272e-08	100	100	100	0	0	1	-80	80;
	20	21	0.0013398623	0.0027450827	3.02770272e-08	100	100	100	0	0	1	-80	80;
	21	22	0.0013398623	0.0027450827	3.02770272e-08	100	100	100	0	0	1	-80	80;
	22	23	0.0013398623	0.0027450827	3.02770272e-08	100	100	100	0	0	1	-80	80;
	23	24	0.0013398623	0.0027450827	3.02770272e-08	100	100	100	0	0	1	-80	80;
	24	25	0.0013398623	0.0027450827	3.02770272e-08	100	100	100	0	0	1	-80	80;
	25	26	0.0013398623	0.0027450827	3.02770272e-08	100	100	100	0	0	1	-80	80;
	26	27	0.0013398623	0.0027450827	3.02770272e-08	100	100	100	0	0	1	-80	80;
	27	28	0.0013398623	0.0027450827	3.02770272e-08	100	100	100	0	0	1	-80	80;
	28	29	0.0013398623	0.0027450827	3.02770272e-08	100	100	100	0	0	1	-80	80;
	1	30	0.0013398623	0.0027450827	3.02770272e-08	100	100	100	0	0	1	-80	80;
	30	31	0.0013398623	0.0027450827	3.02770272e-08	100	100	100	0	0	1	-80	80;
	31	32	0.0013398623	0.0027450827	3.02770272e-08	100	100	100	0	0	1	-80	80;
	32	33	0.0013398623	0.0027450827	3.02770272e-08	100	100	100	0	0	1	-80	80;
	33	34	0.0013398623	0.0027450827	3.02770272e-08	100	100	100	0	0	1	-80	80;
	34	35	0.0013398623	0.0027450827	3.02770272e-08	100	100	100	0	0	1	-80	80;
	35	36	0.0013398623	0.0027450827	3.02770272e-08	100	100	100	0	0	1	-80	80;
	36	37	0.0013398623	0.0027450827	3.02770272e-08	100	100	100	0	0	1	-80	80;
	37	38	0.0013398623	0.0027450827	3.02770272e-08	100	100	100	0	0	1	-80	80;
	38	39	0.0013398623	0.0027450827	3.02770272e-08	100	100	100	0	0	1	-80	80;
	39	40	0.0013398623	0.0027450827	3.02770272e-08	100	100	100	0	0	1	-80	80;
	40	41	0.0013398623	0.0027450827	3.02770272e-08	100	100	100	0	0	1	-80	80;
	41	42	0.0013398623	0.0027450827	3.02770272e-08	100	100	100	0	0	1	-80	80;
	42	43	0.0013398623	0.0027450827	3.02770272e-08	100	100	100	0	0	1	-80	80;
	43	44	0.0013398623	0.0027450827	3.02770272e-08	100	100	100	0	0	1	-80	80;
	44	45	0.0013398623	0.0027450827	3.02770272e-08	100	100	100	0	0	1	-80	80;
	45	46	0.0013398623	0.0027450827	3.02770272e-08	100	100	100	0	0	1	-80	80;
	46	47	0.0013398623	0.0027450827	3.02770272e-08	100	100	100	0	0	1	-80	80;
	47	48	0.0013398623	0.0027450827	3.02770272e-08	100	100	100	0	0	1	-80	80;
	48	49	0.0013398623	0.0027450827	3.02770272e-08	100	100	100	0	0	1	-80	80;
	49	50	0.0013398623	0.0027450827	3.02770272e-08	100	100	100	0	0	1	-80	80;
	50	51	0.0013398623	0.0027450827	3.02770272e-08	100	100	100	0	0	1	-80	80;
	51	52	0.0013398623	0.0027450827	3.02770272e-08	100	100	100	0	0	1	-80	80;
	52	53	0.0013398623	0.0027450827	3.02770272e-08	100	100	100	0	0	1	-80	80;
	53	54	0.0013398623	0.0027450827	3.02770272e-08	100	100	100	0	0	1	-80	80;
	54	55	0.0013398623	0.0027450827	3.02770272e-08	100	100	100	0	0	1	-80	80;
	55	56	0.0013398623	0.0027450827	3.02770272e-08	100	100	100	0	0	1	-80	80;
	56	57	0.0013398623	0.0027450827	3.02770272e-08	100	100	100	0	0	1	-80	80;
	57	58	0.0013398623	0.0027450827	3.02770272e-08	100	100	100	0	0	1	-80	80;
	58	59	0.0013398623	0.0027450827	3.02770272e-08	100	100	100	0	0	1	-80	80;
