function mpc = case_ieee123_storage_1307
%CASE_IEEE123_STORAGE_1307

%% MATPOWER Case Format : Version 2
mpc.version = '2';

%%-----  Power Flow Data  -----%%
%% system MVA base
mpc.baseMVA = 1;

%% bus data
%	bus_i	type	Pd	Qd	Gs	Bs	area	Vm	Va	baseKV	zone	Vmax	Vmin
mpc.bus = [
	1	3	0.002558	0.001279	0	0	1	1	0	4.16	1	1.2	0.8;
	2	1	0.001808	0.000904	0	0	1	1	0	4.16	1	1.2	0.8;
	3	1	0.000848	0.000424	0	0	1	1	0	4.16	1	1.2	0.8;
	4	1	0.000566	0.000283	0	0	1	1	0	4.16	1	1.2	0.8;
	5	1	0.000487	0.0002435	0	0	1	1	0	4.16	1	1.2	0.8;
	6	1	1e-10	5e-11	0	0	1	1	0	4.16	1	1.2	0.8;
	7	1	1e-10	5e-11	0	0	1	1	0	4.16	1	1.2	0.8;
	8	1	0.001087	0.0005435	0	0	1	1	0	4.16	1	1.2	0.8;
	9	1	0.003075	0.0015375	0	0	1	1	0	4.16	1	1.2	0.8;
	10	1	0.000775	0.0003875	0	0	1	1	0	4.16	1	1.2	0.8;
	11	1	0.001763	0.0008815	0	0	1	1	0	4.16	1	1.2	0.8;
	12	1	0.000787	0.0003935	0	0	1	1	0	4.16	1	1.2	0.8;
	13	1	0.000625	0.0003125	0	0	1	1	0	4.16	1	1.2	0.8;
	14	1	1e-10	5e-11	0	0	1	1	0	4.16	1	1.2	0.8;
	15	1	0.001769	0.0008845	0	0	1	1	0	4.16	1	1.2	0.8;
	16	1	0.000351	0.0001755	0	0	1	1	0	4.16	1	1.2	0.8;
	17	1	0.000561	0.0002805	0	0	1	1	0	4.16	1	1.2	0.8;
	18	1	0.000129	6.45e-05	0	0	1	1	0	4.16	1	1.2	0.8;
	19	1	0.000493	0.0002465	0	0	1	1	0	4.16	1	1.2	0.8;
	20	1	0.001495	0.0007475	0	0	1	1	0	4.16	1	1.2	0.8;
	21	1	0.001507	0.0007535	0	0	1	1	0	4.16	1	1.2	0.8;
	22	1	0.00084	0.00042	0	0	1	1	0	4.16	1	1.2	0.8;
	23	1	0.000601	0.0003005	0	0	1	1	0	4.16	1	1.2	0.8;
	24	1	0.000748	0.000374	0	0	1	1	0	4.16	1	1.2	0.8;
	25	1	0.000328	0.000164	0	0	1	1	0	4.16	1	1.2	0.8;
	26	1	0.000252	0.000126	0	0	1	1	0	4.16	1	1.2	0.8;
	27	1	0.000803	0.0004015	0	0	1	1	0	4.16	1	1.2	0.8;
	28	1	0.000674	0.000337	0	0	1	1	0	4.16	1	1.2	0.8;
	29	1	0.005088	0.002544	0	0	1	1	0	4.16	1	1.2	0.8;
	30	1	0.002618	0.001309	0	0	1	1	0	4.16	1	1.2	0.8;
	31	1	0.000685	0.0003425	0	0	1	1	0	4.16	1	1.2	0.8;
	32	1	0.001406	0.000703	0	0	1	1	0	4.16	1	1.2	0.8;
	33	1	0.002184	0.001092	0	0	1	1	0	4.16	1	1.2	0.8;
	34	1	0.00021	0.000105	0	0	1	1	0	4.16	1	1.2	0.8;
	35	1	0.004054	0.002027	0	0	1	1	0	4.16	1	1.2	0.8;
	36	1	0.000185	9.25e-05	0	0	1	1	0	4.16	1	1.2	0.8;
	37	1	0.001761	0.0008805	0	0	1	1	0	4.16	1	1.2	0.8;
	38	1	0.000244	0.000122	0	0	1	1	0	4.16	1	1.2	0.8;
	39	1	0.000269	0.0001345	0	0	1	1	0	4.16	1	1.2	0.8;
	40	1	0.000923	0.0004615	0	0	1	1	0	4.16	1	1.2	0.8;
	41	1	0.000736	0.000368	0	0	1	1	0	4.16	1	1.2	0.8;
	42	1	0.000544	0.000272	0	0	1	1	0	4.16	1	1.2	0.8;
	43	1	0.001559	0.0007795	0	0	1	1	0	4.16	1	1.2	0.8;
	44	1	0.00031	0.000155	0	0	1	1	0	4.16	1	1.2	0.8;
	45	1	1e-10	5e-11	0	0	1	1	0	4.16	1	1.2	0.8;
	46	1	0.000467	0.0002335	0	0	1	1	0	4.16	1	1.2	0.8;
	47	1	1e-10	5e-11	0	0	1	1	0	4.16	1	1.2	0.8;
	48	1	1e-10	5e-11	0	0	1	1	0	4.16	1	1.2	0.8;
	49	1	0.000625	0.0003125	0	0	1	1	0	4.16	1	1.2	0.8;
	50	1	0.000477	0.0002385	0	0	1	1	0	4.16	1	1.2	0.8;
	51	1	1e-10	5e-11	0	0	1	1	0	4.16	1	1.2	0.8;
	52	1	1e-10	5e-11	0	0	1	1	0	4.16	1	1.2	0.8;
	53	1	0.000451	0.0002255	0	0	1	1	0	4.16	1	1.2	0.8;
	54	1	1e-10	5e-11	0	0	1	1	0	4.16	1	1.2	0.8;
	55	1	1e-10	5e-11	0	0	1	1	0	4.16	1	1.2	0.8;
	56	1	0.002305	0.0011525	0	0	1	1	0	4.16	1	1.2	0.8;
	57	1	1e-10	5e-11	0	0	1	1	0	4.16	1	1.2	0.8;
	58	1	1e-10	5e-11	0	0	1	1	0	4.16	1	1.2	0.8;
	59	1	0.000339	0.0001695	0	0	1	1	0	4.16	1	1.2	0.8;
	60	1	0.000466	0.000233	0	0	1	1	0	4.16	1	1.2	0.8;
];

%% generator data
%	bus	Pg	Qg	Qmax	Qmin	Vg	mBase	status	Pmax	Pmin	Pc1	Pc2	Qc1min	Qc1max	Qc2min	Qc2max	ramp_agc	ramp_10	ramp_30	ramp_q	apf
mpc.gen = [
	1	0.0528360012	0	200	-200	1	1	1	200	-200	0	0	0	0	0	0	10	0	0	0	0;
];

%% branch data
%	fbus	tbus	r	x	b	rateA	rateB	rateC	ratio	angle	status	angmin	angmax
mpc.branch = [
	1	2	0.0013398623	0.0027450827	3.02770272e-08	100	100	100	0	0	1	-80	80;
	1	2	0.0013398623	0.0027450827	3.02770272e-08	100	100	100	0	0	1	-80	80;
	2	3	0.0013398623	0.0027450827	3.02770272e-08	100	100	100	0	0	1	-80	80;
	3	4	0.0013398623	0.0027450827	3.02770272e-08	100	100	100	0	0	1	-80	80;
	4	5	0.0013398623	0.0027450827	3.02770272e-08	100	100	100	0	0	1	-80	80;
	5	6	0.0013398623	0.0027450827	3.02770272e-08	100	100	100	0	0	1	-80	80;
	6	7	0.0013398623	0.0027450827	3.02770272e-08	100	100	100	0	0	1	-80	80;
	7	8	0.0013398623	0.0027450827	3.02770272e-08	100	100	100	0	0	1	-80	80;
	8	9	0.0013398623	0.0027450827	3.02770272e-08	100	100	100	0	0	1	-80	80;
	9	10	0.0013398623	0.0027450827	3.02770272e-08	100	100	100	0	0	1	-80	80;
	10	11	0.0013398623	0.0027450827	3.02770272e-08	100	100	100	0	0	1	-80	80;
	11	12	0.0013398623	0.0027450827	3.02770272e-08	100	100	100	0	0	1	-80	80;
	12	13	0.0013398623	0.0027450827	3.02770272e-08	100	100	100	0	0	1	-80	80;
	13	14	0.0013398623	0.0027450827	3.02770272e-08	100	100	100	0	0	1	-80	80;
	14	15	0.0013398623	0.0027450827	3.02770272e-08	100	100	100	0	0	1	-80	80;
	15	16	0.0013398623	0.0027450827	3.02770272e-08	100	100	100	0	0	1	-80	80;
	16	17	0.0013398623	0.0027450827	3.02770272e-08	100	100	100	0	0	1	-80	80;
	17	18	0.0013398623	0.0027450827	3.02770272e-08	100	100	100	0	0	1	-80	80;
	18	19	0.0013398623	0.0027450827	3.02770272e-08	100	100	100	0	0	1	-80	80;
	19	20	0.0013398623	0.0027450827	3.02770272e-08	100	100	100	0	0	1	-80	80;
	20	21	0.0013398623	0.0027450827	3.02770272e-08	100	100	100	0	0	1	-80	80;
	21	22	0.0013398623	0.0027450827	3.02770272e-08	100	100	100	0	0	1	-80	80;
	22	23	0.0013398623	0.0027450827	3.02770272e-08	100	100	100	0	0	1	-80	80;
	23	24	0.0013398623	0.0027450827	3.02770272e-08	100	100	100	0	0	1	-80	80;
	24	25	0.0013398623	0.0027450827	3.02770272e-08	100	100	100	0	0	1	-80	80;
	25	26	0.0013398623	0.0027450827	3.02770272e-08	100	100	100	0	0	1	-80	80;
	26	27	0.0013398623	0.0027450827	3.02770272e-08	100	100	100	0	0	1	-80	80;
	27	28	0.0013398623	0.0027450827	3.02770272e-08	100	100	100	0	0	1	-80	80;
	28	29	0.0013398623	0.0027450827	3.02770272e-08	100	100	100	0	0	1	-80	80;
	1	30	0.0013398623	0.0027450827	3.02770272e-08	100	100	100	0	0	1	-80	80;
	30	31	0.0013398623	0.0027450827	3.02770272e-08	100	100	100	0	0	1	-80	80;
	31	32	0.0013398623	0.0027450827	3.02770272e-08	100	100	100	0	0	1	-80	80;
	32	33	0.0013398623	0.0027450827	3.02770272e-08	100	100	100	0	0	1	-80	80;
	33	34	0.0013398623	0.0027450827	3.02770272e-08	100	100	100	0	0	1	-80	80;
	34	35	0.0013398623	0.0027450827	3.02770272e-08	100	100	100	0	0	1	-80	80;
	35	36	0.0013398623	0.0027450827	3.02770272e-08	100	100	100	0	0	1	-80	80;
	36	37	0.0013398623	0.0027450827	3.02770272e-08	100	100	100	0	0	1	-80	80;
	37	38	0.0013398623	0.0027450827	3.02770272e-08	100	100	100	0	0	1	-80	80;
	38	39	0.0013398623	0.0027450827	3.02770272e-08	100	100	100	0	0	1	-80	80;
	39	40	0.0013398623	0.0027450827	3.02770272e-08	100	100	100	0	0	1	-80	80;
	40	41	0.0013398623	0.0027450827	3.02770272e-08	100	100	100	0	0	1	-80	80;
	41	42	0.0013398623	0.0027450827	3.02770272e-08	100	100	100	0	0	1	-80	80;
	42	43	0.0013398623	0.0027450827	3.02770272e-08	100	100	100	0	0	1	-80	80;
	43	44	0.0013398623	0.0027450827	3.02770272e-08	100	100	100	0	0	1	-80	80;
	44	45	0.0013398623	0.0027450827	3.02770272e-08	100	100	100	0	0	1	-80	80;
	45	46	0.0013398623	0.0027450827	3.02770272e-08	100	100	100	0	0	1	-80	80;
	46	47	0.0013398623	0.0027450827	3.02770272e-08	100	100	100	0	0	1	-80	80;
	47	48	0.0013398623	0.0027450827	3.02770272e-08	100	100	100	0	0	1	-80	80;
	48	49	0.0013398623	0.0027450827	3.02770272e-08	100	100	100	0	0	1	-80	80;
	49	50	0.0013398623	0.0027450827	3.02770272e-08	100	100	100	0	0	1	-80	80;
	50	51	0.0013398623	0.0027450827	3.02770272e-08	100	100	100	0	0	1	-80	80;
	51	52	0.0013398623	0.0027450827	3.02770272e-08	100	100	100	0	0	1	-80	80;
	52	53	0.0013398623	0.0027450827	3.02770272e-08	100	100	100	0	0	1	-80	80;
	53	54	0.0013398623	0.0027450827	3.02770272e-08	100	100	100	0	0	1	-80	80;
	54	55	0.0013398623	0.0027450827	3.02770272e-08	100	100	100	0	0	1	-80	80;
	55	56	0.0013398623	0.0027450827	3.02770272e-08	100	100	100	0	0	1	-80	80;
	56	57	0.0013398623	0.0027450827	3.02770272e-08	100	100	100	0	0	1	-80	80;
	57	58	0.0013398623	0.0027450827	3.02770272e-08	100	100	100	0	0	1	-80	80;
	58	59	0.0013398623	0.0027450827	3.02770272e-08	100	100	100	0	0	1	-80	80;
	59	60	0.0013398623	0.0027450827	3.02770272e-08	100	100	100	0	0	1	-80	80;
];
