function mpc = case_ieee123_storage_673
%CASE_IEEE123_STORAGE_673

%% MATPOWER Case Format : Version 2
mpc.version = '2';

%%-----  Power Flow Data  -----%%
%% system MVA base
mpc.baseMVA = 1;

%% bus data
%	bus_i	type	Pd	Qd	Gs	Bs	area	Vm	Va	baseKV	zone	Vmax	Vmin
mpc.bus = [
	1	3	-0.000494	-0.000247	0	0	1	1	0	4.16	1	1.2	0.8;
	2	1	0.004991	0.0024955	0	0	1	1	0	4.16	1	1.2	0.8;
	3	1	0.001137	0.0005685	0	0	1	1	0	4.16	1	1.2	0.8;
	4	1	0.005065	0.0025325	0	0	1	1	0	4.16	1	1.2	0.8;
	5	1	-0.000198	-9.9e-05	0	0	1	1	0	4.16	1	1.2	0.8;
	6	1	1e-10	5e-11	0	0	1	1	0	4.16	1	1.2	0.8;
	7	1	1e-10	5e-11	0	0	1	1	0	4.16	1	1.2	0.8;
	8	1	-0.000465	-0.0002325	0	0	1	1	0	4.16	1	1.2	0.8;
	9	1	-0.000779	-0.0003895	0	0	1	1	0	4.16	1	1.2	0.8;
	10	1	-0.000602	-0.000301	0	0	1	1	0	4.16	1	1.2	0.8;
	11	1	1e-10	5e-11	0	0	1	1	0	4.16	1	1.2	0.8;
	12	1	0.001324	0.000662	0	0	1	1	0	4.16	1	1.2	0.8;
	13	1	-0.00046	-0.00023	0	0	1	1	0	4.16	1	1.2	0.8;
	14	1	0.001026	0.000513	0	0	1	1	0	4.16	1	1.2	0.8;
	15	1	-0.000301	-0.0001505	0	0	1	1	0	4.16	1	1.2	0.8;
	16	1	1e-10	5e-11	0	0	1	1	0	4.16	1	1.2	0.8;
	17	1	-0.000241	-0.0001205	0	0	1	1	0	4.16	1	1.2	0.8;
	18	1	-0.000381	-0.0001905	0	0	1	1	0	4.16	1	1.2	0.8;
	19	1	-0.000519	-0.0002595	0	0	1	1	0	4.16	1	1.2	0.8;
	20	1	-0.00058	-0.00029	0	0	1	1	0	4.16	1	1.2	0.8;
	21	1	0.000109	5.45e-05	0	0	1	1	0	4.16	1	1.2	0.8;
	22	1	0.000348	0.000174	0	0	1	1	0	4.16	1	1.2	0.8;
	23	1	-0.000315	-0.0001575	0	0	1	1	0	4.16	1	1.2	0.8;
	24	1	0.00535	0.002675	0	0	1	1	0	4.16	1	1.2	0.8;
	25	1	-0.000298	-0.000149	0	0	1	1	0	4.16	1	1.2	0.8;
	26	1	0.000235	0.0001175	0	0	1	1	0	4.16	1	1.2	0.8;
	27	1	-0.000435	-0.0002175	0	0	1	1	0	4.16	1	1.2	0.8;
	28	1	-0.000243	-0.0001215	0	0	1	1	0	4.16	1	1.2	0.8;
	29	1	1e-10	5e-11	0	0	1	1	0	4.16	1	1.2	0.8;
	30	1	-0.00019	-9.5e-05	0	0	1	1	0	4.16	1	1.2	0.8;
	31	1	0.000132	6.6e-05	0	0	1	1	0	4.16	1	1.2	0.8;
	32	1	0.000373	0.0001865	0	0	1	1	0	4.16	1	1.2	0.8;
	33	1	0.000134	6.7e-05	0	0	1	1	0	4.16	1	1.2	0.8;
	34	1	0.000204	0.000102	0	0	1	1	0	4.16	1	1.2	0.8;
	35	1	4.6e-05	2.3e-05	0	0	1	1	0	4.16	1	1.2	0.8;
	36	1	1e-10	5e-11	0	0	1	1	0	4.16	1	1.2	0.8;
	37	1	0.000582	0.000291	0	0	1	1	0	4.16	1	1.2	0.8;
	38	1	0.000578	0.000289	0	0	1	1	0	4.16	1	1.2	0.8;
	39	1	0.006931	0.0034655	0	0	1	1	0	4.16	1	1.2	0.8;
	40	1	-8.2e-05	-4.1e-05	0	0	1	1	0	4.16	1	1.2	0.8;
	41	1	-0.000389	-0.0001945	0	0	1	1	0	4.16	1	1.2	0.8;
	42	1	-0.000362	-0.000181	0	0	1	1	0	4.16	1	1.2	0.8;
	43	1	4.7e-05	2.35e-05	0	0	1	1	0	4.16	1	1.2	0.8;
	44	1	0.006709	0.0033545	0	0	1	1	0	4.16	1	1.2	0.8;
	45	1	0.008428	0.004214	0	0	1	1	0	4.16	1	1.2	0.8;
	46	1	0.000745	0.0003725	0	0	1	1	0	4.16	1	1.2	0.8;
	47	1	0.000924	0.000462	0	0	1	1	0	4.16	1	1.2	0.8;
	48	1	-8.6e-05	-4.3e-05	0	0	1	1	0	4.16	1	1.2	0.8;
	49	1	-0.000567	-0.0002835	0	0	1	1	0	4.16	1	1.2	0.8;
	50	1	-1e-06	-5e-07	0	0	1	1	0	4.16	1	1.2	0.8;
	51	1	1e-10	5e-11	0	0	1	1	0	4.16	1	1.2	0.8;
	52	1	-0.000775	-0.0003875	0	0	1	1	0	4.16	1	1.2	0.8;
	53	1	0.000755	0.0003775	0	0	1	1	0	4.16	1	1.2	0.8;
	54	1	-0.000344	-0.000172	0	0	1	1	0	4.16	1	1.2	0.8;
	55	1	0.000356	0.000178	0	0	1	1	0	4.16	1	1.2	0.8;
	56	1	-0.000108	-5.4e-05	0	0	1	1	0	4.16	1	1.2	0.8;
	57	1	-0.000219	-0.0001095	0	0	1	1	0	4.16	1	1.2	0.8;
	58	1	-0.000406	-0.000203	0	0	1	1	0	4.16	1	1.2	0.8;
	59	1	-0.00056	-0.00028	0	0	1	1	0	4.16	1	1.2	0.8;
	60	1	0.000104	5.2e-05	0	0	1	1	0	4.16	1	1.2	0.8;
	61	1	-0.000361	-0.0001805	0	0	1	1	0	4.16	1	1.2	0.8;
	62	1	-0.00015	-7.5e-05	0	0	1	1	0	4.16	1	1.2	0.8;
	63	1	-0.000453	-0.0002265	0	0	1	1	0	4.16	1	1.2	0.8;
	64	1	-3e-06	-1.5e-06	0	0	1	1	0	4.16	1	1.2	0.8;
	65	1	0.000561	0.0002805	0	0	1	1	0	4.16	1	1.2	0.8;
	66	1	0.000622	0.000311	0	0	1	1	0	4.16	1	1.2	0.8;
	67	1	0.000869	0.0004345	0	0	1	1	0	4.16	1	1.2	0.8;
	68	1	-0.000247	-0.0001235	0	0	1	1	0	4.16	1	1.2	0.8;
	69	1	1e-10	5e-11	0	0	1	1	0	4.16	1	1.2	0.8;
	70	1	-0.000594	-0.000297	0	0	1	1	0	4.16	1	1.2	0.8;
	71	1	-0.000463	-0.0002315	0	0	1	1	0	4.16	1	1.2	0.8;
	72	1	-0.000389	-0.0001945	0	0	1	1	0	4.16	1	1.2	0.8;
	73	1	4.2e-05	2.1e-05	0	0	1	1	0	4.16	1	1.2	0.8;
	74	1	-0.000214	-0.000107	0	0	1	1	0	4.16	1	1.2	0.8;
	75	1	-0.000407	-0.0002035	0	0	1	1	0	4.16	1	1.2	0.8;
	76	1	0.000774	0.000387	0	0	1	1	0	4.16	1	1.2	0.8;
	77	1	0.000261	0.0001305	0	0	1	1	0	4.16	1	1.2	0.8;
	78	1	0.001396	0.000698	0	0	1	1	0	4.16	1	1.2	0.8;
	79	1	0.006194	0.003097	0	0	1	1	0	4.16	1	1.2	0.8;
	80	1	0.000235	0.0001175	0	0	1	1	0	4.16	1	1.2	0.8;
	81	1	-0.000478	-0.000239	0	0	1	1	0	4.16	1	1.2	0.8;
	82	1	-0.000836	-0.000418	0	0	1	1	0	4.16	1	1.2	0.8;
	83	1	-0.000136	-6.8e-05	0	0	1	1	0	4.16	1	1.2	0.8;
	84	1	0.002472	0.001236	0	0	1	1	0	4.16	1	1.2	0.8;
	85	1	0.000132	6.6e-05	0	0	1	1	0	4.16	1	1.2	0.8;
	86	1	0.000308	0.000154	0	0	1	1	0	4.16	1	1.2	0.8;
	87	1	-0.000502	-0.000251	0	0	1	1	0	4.16	1	1.2	0.8;
	88	1	-0.000275	-0.0001375	0	0	1	1	0	4.16	1	1.2	0.8;
	89	1	0.003002	0.001501	0	0	1	1	0	4.16	1	1.2	0.8;
	90	1	0.000997	0.0004985	0	0	1	1	0	4.16	1	1.2	0.8;
	91	1	0.000211	0.0001055	0	0	1	1	0	4.16	1	1.2	0.8;
	92	1	0.000584	0.000292	0	0	1	1	0	4.16	1	1.2	0.8;
	93	1	0.001713	0.0008565	0	0	1	1	0	4.16	1	1.2	0.8;
	94	1	0.001407	0.0007035	0	0	1	1	0	4.16	1	1.2	0.8;
	95	1	0.000689	0.0003445	0	0	1	1	0	4.16	1	1.2	0.8;
	96	1	0.000321	0.0001605	0	0	1	1	0	4.16	1	1.2	0.8;
	97	1	0.000413	0.0002065	0	0	1	1	0	4.16	1	1.2	0.8;
	98	1	0.003736	0.001868	0	0	1	1	0	4.16	1	1.2	0.8;
	99	1	0.000221	0.0001105	0	0	1	1	0	4.16	1	1.2	0.8;
	100	1	0.000749	0.0003745	0	0	1	1	0	4.16	1	1.2	0.8;
	101	1	1e-10	5e-11	0	0	1	1	0	4.16	1	1.2	0.8;
	102	1	0.000416	0.000208	0	0	1	1	0	4.16	1	1.2	0.8;
	103	1	0.000931	0.0004655	0	0	1	1	0	4.16	1	1.2	0.8;
	104	1	-0.000242	-0.000121	0	0	1	1	0	4.16	1	1.2	0.8;
	105	1	0.002947	0.0014735	0	0	1	1	0	4.16	1	1.2	0.8;
	106	1	1e-10	5e-11	0	0	1	1	0	4.16	1	1.2	0.8;
	107	1	1e-10	5e-11	0	0	1	1	0	4.16	1	1.2	0.8;
	108	1	0.000818	0.000409	0	0	1	1	0	4.16	1	1.2	0.8;
	109	1	-0.000467	-0.0002335	0	0	1	1	0	4.16	1	1.2	0.8;
];

%% generator data
%	bus	Pg	Qg	Qmax	Qmin	Vg	mBase	status	Pmax	Pmin	Pc1	Pc2	Qc1min	Qc1max	Qc2min	Qc2max	ramp_agc	ramp_10	ramp_30	ramp_q	apf
mpc.gen = [
	1	17.068	0	200	-200	1	1	1	200	-200	0	0	0	0	0	0	10	0	0	0	0;
];

%% branch data
%	fbus	tbus	r	x	b	rateA	rateB	rateC	ratio	angle	status	angmin	angmax
