function mpc = case_ieee123_storage_123
%CASE_IEEE123_STORAGE_123

%% MATPOWER Case Format : Version 2
mpc.version = '2';

%%-----  Power Flow Data  -----%%
%% system MVA base
mpc.baseMVA = 1;

%% bus data
%	bus_i	type	Pd	Qd	Gs	Bs	area	Vm	Va	baseKV	zone	Vmax	Vmin
mpc.bus = [
	1	3	0.00032	0.00016	0	0	1	1	0	4.16	1	1.2	0.8;
	2	1	0.001372	0.000686	0	0	1	1	0	4.16	1	1.2	0.8;
	3	1	0.001268	0.000634	0	0	1	1	0	4.16	1	1.2	0.8;
	4	1	0.000163	8.15e-05	0	0	1	1	0	4.16	1	1.2	0.8;
	5	1	0.000196	9.8e-05	0	0	1	1	0	4.16	1	1.2	0.8;
	6	1	1e-10	5e-11	0	0	1	1	0	4.16	1	1.2	0.8;
	7	1	1e-10	5e-11	0	0	1	1	0	4.16	1	1.2	0.8;
	8	1	0.000201	0.0001005	0	0	1	1	0	4.16	1	1.2	0.8;
	9	1	0.002494	0.001247	0	0	1	1	0	4.16	1	1.2	0.8;
	10	1	0.000203	0.0001015	0	0	1	1	0	4.16	1	1.2	0.8;
	11	1	1e-10	5e-11	0	0	1	1	0	4.16	1	1.2	0.8;
	12	1	0.000571	0.0002855	0	0	1	1	0	4.16	1	1.2	0.8;
	13	1	0.000329	0.0001645	0	0	1	1	0	4.16	1	1.2	0.8;
	14	1	0.001156	0.000578	0	0	1	1	0	4.16	1	1.2	0.8;
	15	1	0.00016	8e-05	0	0	1	1	0	4.16	1	1.2	0.8;
	16	1	1e-10	5e-11	0	0	1	1	0	4.16	1	1.2	0.8;
	17	1	0.000223	0.0001115	0	0	1	1	0	4.16	1	1.2	0.8;
	18	1	0.000268	0.000134	0	0	1	1	0	4.16	1	1.2	0.8;
	19	1	0.000622	0.000311	0	0	1	1	0	4.16	1	1.2	0.8;
	20	1	0.000212	0.000106	0	0	1	1	0	4.16	1	1.2	0.8;
	21	1	0.000399	0.0001995	0	0	1	1	0	4.16	1	1.2	0.8;
	22	1	0.000317	0.0001585	0	0	1	1	0	4.16	1	1.2	0.8;
	23	1	0.000108	5.4e-05	0	0	1	1	0	4.16	1	1.2	0.8;
	24	1	0.000356	0.000178	0	0	1	1	0	4.16	1	1.2	0.8;
	25	1	0.000419	0.0002095	0	0	1	1	0	4.16	1	1.2	0.8;
	26	1	0.000318	0.000159	0	0	1	1	0	4.16	1	1.2	0.8;
	27	1	0.000103	5.15e-05	0	0	1	1	0	4.16	1	1.2	0.8;
	28	1	0.000458	0.000229	0	0	1	1	0	4.16	1	1.2	0.8;
	29	1	1e-10	5e-11	0	0	1	1	0	4.16	1	1.2	0.8;
	30	1	0.000234	0.000117	0	0	1	1	0	4.16	1	1.2	0.8;
	31	1	0.000131	6.55e-05	0	0	1	1	0	4.16	1	1.2	0.8;
	32	1	0.000928	0.000464	0	0	1	1	0	4.16	1	1.2	0.8;
	33	1	0.001356	0.000678	0	0	1	1	0	4.16	1	1.2	0.8;
	34	1	0.000694	0.000347	0	0	1	1	0	4.16	1	1.2	0.8;
	35	1	0.000524	0.000262	0	0	1	1	0	4.16	1	1.2	0.8;
	36	1	1e-10	5e-11	0	0	1	1	0	4.16	1	1.2	0.8;
	37	1	0.002676	0.001338	0	0	1	1	0	4.16	1	1.2	0.8;
	38	1	0.000346	0.000173	0	0	1	1	0	4.16	1	1.2	0.8;
	39	1	0.00068	0.00034	0	0	1	1	0	4.16	1	1.2	0.8;
	40	1	0.000604	0.000302	0	0	1	1	0	4.16	1	1.2	0.8;
	41	1	0.00022	0.00011	0	0	1	1	0	4.16	1	1.2	0.8;
	42	1	0.000496	0.000248	0	0	1	1	0	4.16	1	1.2	0.8;
	43	1	0.008776	0.004388	0	0	1	1	0	4.16	1	1.2	0.8;
	44	1	0.000529	0.0002645	0	0	1	1	0	4.16	1	1.2	0.8;
	45	1	0.000665	0.0003325	0	0	1	1	0	4.16	1	1.2	0.8;
	46	1	0.009731	0.0048655	0	0	1	1	0	4.16	1	1.2	0.8;
	47	1	0.001701	0.0008505	0	0	1	1	0	4.16	1	1.2	0.8;
	48	1	0.000701	0.0003505	0	0	1	1	0	4.16	1	1.2	0.8;
	49	1	0.000325	0.0001625	0	0	1	1	0	4.16	1	1.2	0.8;
	50	1	0.000531	0.0002655	0	0	1	1	0	4.16	1	1.2	0.8;
	51	1	1e-10	5e-11	0	0	1	1	0	4.16	1	1.2	0.8;
	52	1	0.000351	0.0001755	0	0	1	1	0	4.16	1	1.2	0.8;
	53	1	0.000516	0.000258	0	0	1	1	0	4.16	1	1.2	0.8;
	54	1	0.000428	0.000214	0	0	1	1	0	4.16	1	1.2	0.8;
	55	1	0.000326	0.000163	0	0	1	1	0	4.16	1	1.2	0.8;
	56	1	0.00024	0.00012	0	0	1	1	0	4.16	1	1.2	0.8;
	57	1	5.5e-05	2.75e-05	0	0	1	1	0	4.16	1	1.2	0.8;
	58	1	0.000222	0.000111	0	0	1	1	0	4.16	1	1.2	0.8;
	59	1	0.000132	6.6e-05	0	0	1	1	0	4.16	1	1.2	0.8;
	60	1	0.000132	6.6e-05	0	0	1	1	0	4.16	1	1.2	0.8;
	61	1	0.000972	0.000486	0	0	1	1	0	4.16	1	1.2	0.8;
	62	1	0.000418	0.000209	0	0	1	1	0	4.16	1	1.2	0.8;
	63	1	0.000516	0.000258	0	0	1	1	0	4.16	1	1.2	0.8;
	64	1	0.000381	0.0001905	0	0	1	1	0	4.16	1	1.2	0.8;
	65	1	0.000637	0.0003185	0	0	1	1	0	4.16	1	1.2	0.8;
	66	1	0.000542	0.000271	0	0	1	1	0	4.16	1	1.2	0.8;
	67	1	0.000291	0.0001455	0	0	1	1	0	4.16	1	1.2	0.8;
	68	1	0.018231	0.0091155	0	0	1	1	0	4.16	1	1.2	0.8;
	69	1	1e-10	5e-11	0	0	1	1	0	4.16	1	1.2	0.8;
	70	1	0.001525	0.0007625	0	0	1	1	0	4.16	1	1.2	0.8;
	71	1	0.00057	0.000285	0	0	1	1	0	4.16	1	1.2	0.8;
	72	1	0.000288	0.000144	0	0	1	1	0	4.16	1	1.2	0.8;
	73	1	4.3e-05	2.15e-05	0	0	1	1	0	4.16	1	1.2	0.8;
	74	1	0.000213	0.0001065	0	0	1	1	0	4.16	1	1.2	0.8;
	75	1	0.000305	0.0001525	0	0	1	1	0	4.16	1	1.2	0.8;
	76	1	0.000423	0.0002115	0	0	1	1	0	4.16	1	1.2	0.8;
	77	1	0.000188	9.4e-05	0	0	1	1	0	4.16	1	1.2	0.8;
	78	1	0.000643	0.0003215	0	0	1	1	0	4.16	1	1.2	0.8;
	79	1	0.003442	0.001721	0	0	1	1	0	4.16	1	1.2	0.8;
	80	1	0.000833	0.0004165	0	0	1	1	0	4.16	1	1.2	0.8;
	81	1	0.000381	0.0001905	0	0	1	1	0	4.16	1	1.2	0.8;
	82	1	0.000249	0.0001245	0	0	1	1	0	4.16	1	1.2	0.8;
	83	1	0.000344	0.000172	0	0	1	1	0	4.16	1	1.2	0.8;
	84	1	0.000387	0.0001935	0	0	1	1	0	4.16	1	1.2	0.8;
	85	1	0.013128	0.006564	0	0	1	1	0	4.16	1	1.2	0.8;
	86	1	0.000317	0.0001585	0	0	1	1	0	4.16	1	1.2	0.8;
	87	1	0.000193	9.65e-05	0	0	1	1	0	4.16	1	1.2	0.8;
	88	1	0.000339	0.0001695	0	0	1	1	0	4.16	1	1.2	0.8;
	89	1	0.000443	0.0002215	0	0	1	1	0	4.16	1	1.2	0.8;
	90	1	0.000748	0.000374	0	0	1	1	0	4.16	1	1.2	0.8;
	91	1	0.000202	0.000101	0	0	1	1	0	4.16	1	1.2	0.8;
	92	1	0.000521	0.0002605	0	0	1	1	0	4.16	1	1.2	0.8;
	93	1	0.000596	0.000298	0	0	1	1	0	4.16	1	1.2	0.8;
	94	1	0.000582	0.000291	0	0	1	1	0	4.16	1	1.2	0.8;
	95	1	0.001944	0.000972	0	0	1	1	0	4.16	1	1.2	0.8;
	96	1	0.000178	8.9e-05	0	0	1	1	0	4.16	1	1.2	0.8;
	97	1	0.000169	8.45e-05	0	0	1	1	0	4.16	1	1.2	0.8;
	98	1	0.000653	0.0003265	0	0	1	1	0	4.16	1	1.2	0.8;
	99	1	0.0002	0.0001	0	0	1	1	0	4.16	1	1.2	0.8;
	100	1	0.000401	0.0002005	0	0	1	1	0	4.16	1	1.2	0.8;
	101	1	1e-10	5e-11	0	0	1	1	0	4.16	1	1.2	0.8;
	102	1	0.000212	0.000106	0	0	1	1	0	4.16	1	1.2	0.8;
	103	1	0.000622	0.000311	0	0	1	1	0	4.16	1	1.2	0.8;
	104	1	0.000348	0.000174	0	0	1	1	0	4.16	1	1.2	0.8;
	105	1	0.000795	0.0003975	0	0	1	1	0	4.16	1	1.2	0.8;
	106	1	1e-10	5e-11	0	0	1	1	0	4.16	1	1.2	0.8;
	107	1	1e-10	5e-11	0	0	1	1	0	4.16	1	1.2	0.8;
	108	1	0.000194	9.7e-05	0	0	1	1	0	4.16	1	1.2	0.8;
	109	1	0.0006	0.0003	0	0	1	1	0	4.16	1	1.2	0.8;
];

%% generator data
%	bus	Pg	Qg	Qmax	Qmin	Vg	mBase	status	Pmax	Pmin	Pc1	Pc2	Qc1min	Qc1max	Qc2min	Qc2max	ramp_agc	ramp_10	ramp_30	ramp_q	apf
mpc.gen = [
	1	17.068	0	200	-200	1	1	1	200	-200	0	0	0	0	0	0	10	0	0	0	0;
];

%% branch data
%	fbus	tbus	r	x	b	rateA	rateB	rateC	ratio	angle	status	angmin	angmax
