function mpc = case_ieee123_storage_813
%CASE_IEEE123_STORAGE_813

%% MATPOWER Case Format : Version 2
mpc.version = '2';

%%-----  Power Flow Data  -----%%
%% system MVA base
mpc.baseMVA = 1;

%% bus data
%	bus_i	type	Pd	Qd	Gs	Bs	area	Vm	Va	baseKV	zone	Vmax	Vmin
mpc.bus = [
	1	3	-0.001968	-0.000984	0	0	1	1	0	4.16	1	1.2	0.8;
	2	1	0.000258	0.000129	0	0	1	1	0	4.16	1	1.2	0.8;
	3	1	0.001057	0.0005285	0	0	1	1	0	4.16	1	1.2	0.8;
	4	1	0.002959	0.0014795	0	0	1	1	0	4.16	1	1.2	0.8;
	5	1	-0.000956	-0.000478	0	0	1	1	0	4.16	1	1.2	0.8;
	6	1	1e-10	5e-11	0	0	1	1	0	4.16	1	1.2	0.8;
	7	1	1e-10	5e-11	0	0	1	1	0	4.16	1	1.2	0.8;
	8	1	-0.001488	-0.000744	0	0	1	1	0	4.16	1	1.2	0.8;
	9	1	-0.001984	-0.000992	0	0	1	1	0	4.16	1	1.2	0.8;
	10	1	-0.002189	-0.0010945	0	0	1	1	0	4.16	1	1.2	0.8;
	11	1	1e-10	5e-11	0	0	1	1	0	4.16	1	1.2	0.8;
	12	1	-0.000956	-0.000478	0	0	1	1	0	4.16	1	1.2	0.8;
	13	1	-0.001696	-0.000848	0	0	1	1	0	4.16	1	1.2	0.8;
	14	1	-0.000321	-0.0001605	0	0	1	1	0	4.16	1	1.2	0.8;
	15	1	-0.001388	-0.000694	0	0	1	1	0	4.16	1	1.2	0.8;
	16	1	1e-10	5e-11	0	0	1	1	0	4.16	1	1.2	0.8;
	17	1	-0.001686	-0.000843	0	0	1	1	0	4.16	1	1.2	0.8;
	18	1	-0.001584	-0.000792	0	0	1	1	0	4.16	1	1.2	0.8;
	19	1	-0.002038	-0.001019	0	0	1	1	0	4.16	1	1.2	0.8;
	20	1	-0.001721	-0.0008605	0	0	1	1	0	4.16	1	1.2	0.8;
	21	1	-0.000777	-0.0003885	0	0	1	1	0	4.16	1	1.2	0.8;
	22	1	0.000192	9.6e-05	0	0	1	1	0	4.16	1	1.2	0.8;
	23	1	-0.001139	-0.0005695	0	0	1	1	0	4.16	1	1.2	0.8;
	24	1	-0.000776	-0.000388	0	0	1	1	0	4.16	1	1.2	0.8;
	25	1	0.001807	0.0009035	0	0	1	1	0	4.16	1	1.2	0.8;
	26	1	0.000413	0.0002065	0	0	1	1	0	4.16	1	1.2	0.8;
	27	1	-0.001238	-0.000619	0	0	1	1	0	4.16	1	1.2	0.8;
	28	1	-0.00068	-0.00034	0	0	1	1	0	4.16	1	1.2	0.8;
	29	1	1e-10	5e-11	0	0	1	1	0	4.16	1	1.2	0.8;
	30	1	-0.001123	-0.0005615	0	0	1	1	0	4.16	1	1.2	0.8;
	31	1	0.000134	6.7e-05	0	0	1	1	0	4.16	1	1.2	0.8;
	32	1	-0.000252	-0.000126	0	0	1	1	0	4.16	1	1.2	0.8;
	33	1	-0.001474	-0.000737	0	0	1	1	0	4.16	1	1.2	0.8;
	34	1	-0.00048	-0.00024	0	0	1	1	0	4.16	1	1.2	0.8;
	35	1	0.00018	9e-05	0	0	1	1	0	4.16	1	1.2	0.8;
	36	1	1e-10	5e-11	0	0	1	1	0	4.16	1	1.2	0.8;
	37	1	0.001355	0.0006775	0	0	1	1	0	4.16	1	1.2	0.8;
	38	1	1e-10	5e-11	0	0	1	1	0	4.16	1	1.2	0.8;
	39	1	-0.000199	-9.95e-05	0	0	1	1	0	4.16	1	1.2	0.8;
	40	1	-0.00058	-0.00029	0	0	1	1	0	4.16	1	1.2	0.8;
	41	1	-0.000848	-0.000424	0	0	1	1	0	4.16	1	1.2	0.8;
	42	1	-0.000729	-0.0003645	0	0	1	1	0	4.16	1	1.2	0.8;
	43	1	-4.5e-05	-2.25e-05	0	0	1	1	0	4.16	1	1.2	0.8;
	44	1	0.001633	0.0008165	0	0	1	1	0	4.16	1	1.2	0.8;
	45	1	0.008254	0.004127	0	0	1	1	0	4.16	1	1.2	0.8;
	46	1	-0.00033	-0.000165	0	0	1	1	0	4.16	1	1.2	0.8;
	47	1	0.000182	9.1e-05	0	0	1	1	0	4.16	1	1.2	0.8;
	48	1	-0.000663	-0.0003315	0	0	1	1	0	4.16	1	1.2	0.8;
	49	1	-0.000516	-0.000258	0	0	1	1	0	4.16	1	1.2	0.8;
	50	1	-0.000724	-0.000362	0	0	1	1	0	4.16	1	1.2	0.8;
	51	1	1e-10	5e-11	0	0	1	1	0	4.16	1	1.2	0.8;
	52	1	-0.002157	-0.0010785	0	0	1	1	0	4.16	1	1.2	0.8;
	53	1	8.7e-05	4.35e-05	0	0	1	1	0	4.16	1	1.2	0.8;
	54	1	-0.001354	-0.000677	0	0	1	1	0	4.16	1	1.2	0.8;
	55	1	-0.00112	-0.00056	0	0	1	1	0	4.16	1	1.2	0.8;
	56	1	1e-10	5e-11	0	0	1	1	0	4.16	1	1.2	0.8;
	57	1	-0.000719	-0.0003595	0	0	1	1	0	4.16	1	1.2	0.8;
	58	1	-0.001377	-0.0006885	0	0	1	1	0	4.16	1	1.2	0.8;
	59	1	-0.001482	-0.000741	0	0	1	1	0	4.16	1	1.2	0.8;
	60	1	0.000118	5.9e-05	0	0	1	1	0	4.16	1	1.2	0.8;
	61	1	0.000456	0.000228	0	0	1	1	0	4.16	1	1.2	0.8;
	62	1	1e-05	5e-06	0	0	1	1	0	4.16	1	1.2	0.8;
	63	1	-0.00131	-0.000655	0	0	1	1	0	4.16	1	1.2	0.8;
	64	1	0.002546	0.001273	0	0	1	1	0	4.16	1	1.2	0.8;
	65	1	-0.0009	-0.00045	0	0	1	1	0	4.16	1	1.2	0.8;
	66	1	0.002871	0.0014355	0	0	1	1	0	4.16	1	1.2	0.8;
	67	1	0.000349	0.0001745	0	0	1	1	0	4.16	1	1.2	0.8;
	68	1	-0.000751	-0.0003755	0	0	1	1	0	4.16	1	1.2	0.8;
	69	1	1e-10	5e-11	0	0	1	1	0	4.16	1	1.2	0.8;
	70	1	-5.4e-05	-2.7e-05	0	0	1	1	0	4.16	1	1.2	0.8;
	71	1	-0.00181	-0.000905	0	0	1	1	0	4.16	1	1.2	0.8;
	72	1	-0.001475	-0.0007375	0	0	1	1	0	4.16	1	1.2	0.8;
	73	1	0.00024	0.00012	0	0	1	1	0	4.16	1	1.2	0.8;
	74	1	-0.001566	-0.000783	0	0	1	1	0	4.16	1	1.2	0.8;
	75	1	-0.00093	-0.000465	0	0	1	1	0	4.16	1	1.2	0.8;
	76	1	0.000404	0.000202	0	0	1	1	0	4.16	1	1.2	0.8;
	77	1	-0.000361	-0.0001805	0	0	1	1	0	4.16	1	1.2	0.8;
	78	1	0.000226	0.000113	0	0	1	1	0	4.16	1	1.2	0.8;
	79	1	-0.000152	-7.6e-05	0	0	1	1	0	4.16	1	1.2	0.8;
	80	1	-0.000676	-0.000338	0	0	1	1	0	4.16	1	1.2	0.8;
	81	1	-0.001356	-0.000678	0	0	1	1	0	4.16	1	1.2	0.8;
	82	1	-0.000928	-0.000464	0	0	1	1	0	4.16	1	1.2	0.8;
	83	1	-0.000856	-0.000428	0	0	1	1	0	4.16	1	1.2	0.8;
	84	1	0.000918	0.000459	0	0	1	1	0	4.16	1	1.2	0.8;
	85	1	-0.001131	-0.0005655	0	0	1	1	0	4.16	1	1.2	0.8;
	86	1	-0.000842	-0.000421	0	0	1	1	0	4.16	1	1.2	0.8;
	87	1	-0.001891	-0.0009455	0	0	1	1	0	4.16	1	1.2	0.8;
	88	1	-0.001633	-0.0008165	0	0	1	1	0	4.16	1	1.2	0.8;
	89	1	-0.001042	-0.000521	0	0	1	1	0	4.16	1	1.2	0.8;
	90	1	0.000384	0.000192	0	0	1	1	0	4.16	1	1.2	0.8;
	91	1	0.00448	0.00224	0	0	1	1	0	4.16	1	1.2	0.8;
	92	1	-9.4e-05	-4.7e-05	0	0	1	1	0	4.16	1	1.2	0.8;
	93	1	0.001348	0.000674	0	0	1	1	0	4.16	1	1.2	0.8;
	94	1	0.002078	0.001039	0	0	1	1	0	4.16	1	1.2	0.8;
	95	1	0.000567	0.0002835	0	0	1	1	0	4.16	1	1.2	0.8;
	96	1	0.000714	0.000357	0	0	1	1	0	4.16	1	1.2	0.8;
	97	1	0.001708	0.000854	0	0	1	1	0	4.16	1	1.2	0.8;
	98	1	0.000791	0.0003955	0	0	1	1	0	4.16	1	1.2	0.8;
	99	1	0.00019	9.5e-05	0	0	1	1	0	4.16	1	1.2	0.8;
	100	1	0.000533	0.0002665	0	0	1	1	0	4.16	1	1.2	0.8;
	101	1	1e-10	5e-11	0	0	1	1	0	4.16	1	1.2	0.8;
	102	1	0.000451	0.0002255	0	0	1	1	0	4.16	1	1.2	0.8;
	103	1	0.000639	0.0003195	0	0	1	1	0	4.16	1	1.2	0.8;
	104	1	-6.3e-05	-3.15e-05	0	0	1	1	0	4.16	1	1.2	0.8;
	105	1	0.004943	0.0024715	0	0	1	1	0	4.16	1	1.2	0.8;
	106	1	1e-10	5e-11	0	0	1	1	0	4.16	1	1.2	0.8;
	107	1	1e-10	5e-11	0	0	1	1	0	4.16	1	1.2	0.8;
	108	1	0.001631	0.0008155	0	0	1	1	0	4.16	1	1.2	0.8;
	109	1	-0.002018	-0.001009	0	0	1	1	0	4.16	1	1.2	0.8;
];

%% generator data
%	bus	Pg	Qg	Qmax	Qmin	Vg	mBase	status	Pmax	Pmin	Pc1	Pc2	Qc1min	Qc1max	Qc2min	Qc2max	ramp_agc	ramp_10	ramp_30	ramp_q	apf
mpc.gen = [
	1	17.068	0	200	-200	1	1	1	200	-200	0	0	0	0	0	0	10	0	0	0	0;
];

%% branch data
%	fbus	tbus	r	x	b	rateA	rateB	rateC	ratio	angle	status	angmin	angmax
